1.93 0.24 571.00 71.39
30.43 8.93 535.31 31.08
56.93 9.06 477.93 25.48
83.37 8.94 420.93 22.10
109.56 8.90 364.37 19.88
136.25 8.97 305.18 37.05
162.43 8.93 261.87 18.24
188.87 9.09 214.56 15.89
215.50 8.91 174.00 14.89
241.75 8.86 137.06 12.36
268.50 8.92 105.62 10.76
294.75 8.86 79.37 8.44
321.25 9.00 59.87 7.25
347.81 8.85 45.87 7.13
374.81 9.08 37.25 4.10
402.31 9.41 36.68 3.79
428.56 9.39 41.75 4.10
455.06 9.44 54.12 7.47
481.62 9.29 70.25 8.95
507.87 9.27 93.25 9.69
535.50 9.70 123.12 12.98
561.68 9.61 157.18 15.37
588.18 9.77 199.56 17.06
614.68 9.61 238.75 17.32
640.87 9.60 285.37 17.92
667.56 9.67 336.31 19.90
693.68 9.61 388.75 20.24
720.18 9.77 441.12 24.47
746.62 9.63 499.06 21.18
772.87 9.60 556.75 20.86
799.50 9.62 617.43 21.99
825.68 9.61 673.81 20.81
852.00 9.78 730.31 20.18
878.62 9.63 784.56 22.55
904.87 9.60 838.18 19.59
931.43 9.65 891.81 19.03
957.68 9.61 937.18 17.11
984.00 9.78 981.62 15.51
1010.62 9.63 1020.87 14.69
1036.81 9.62 1058.06 10.48
1063.31 9.71 1087.18 9.93
1089.68 9.61 1112.56 8.24
1116.00 9.78 1133.00 5.38
1142.56 9.67 1148.50 5.15
1168.75 9.65 1156.25 5.95
1195.37 9.69 1158.31 5.02
1221.81 9.55 1155.12 6.36
1248.06 9.52 1145.06 6.37
1274.93 9.50 1131.87 9.85
1301.00 9.47 1111.81 8.74
1327.68 9.55 1085.93 12.56
1354.18 9.45 1056.37 13.34
1380.56 9.44 1020.68 17.52
1407.18 9.53 981.00 17.23
1433.43 9.50 935.00 16.30
1460.00 9.55 886.12 25.20
1486.43 9.41 841.25 18.48
1513.18 9.94 789.68 20.89
1540.00 10.18 736.06 22.75
1566.12 10.20 682.75 21.28
1592.62 10.18 625.81 26.38
1619.06 10.16 574.18 21.96
1645.37 10.30 519.93 20.17
1672.00 10.18 468.06 21.53
1698.12 10.20 417.06 20.10
1724.56 10.21 369.43 20.17
1751.06 10.16 321.00 17.99
1777.37 10.30 280.06 15.26
1803.93 10.22 240.31 14.38
1830.12 10.20 205.75 12.49
1856.56 10.21 175.00 10.34
1883.06 10.16 151.62 9.07
1909.18 10.17 131.06 8.41
1935.93 10.22 117.25 6.02
1962.06 10.16 105.18 5.68
1988.50 10.24 102.25 6.13
2015.06 10.16 102.75 5.60
2041.18 10.17 112.12 8.64
2067.87 10.25 121.25 7.27
2094.06 10.16 141.25 7.99
2120.43 10.27 162.75 11.49
2147.00 10.18 193.43 24.76
2173.18 10.17 221.31 13.39
2199.87 10.18 253.93 20.30
2226.18 10.10 297.56 17.90
2252.68 10.16 338.75 17.25
2279.31 10.05 384.62 18.41
2305.43 10.05 433.75 18.38
2332.00 10.01 481.56 20.16
2358.62 10.04 534.87 19.41
2385.00 10.15 585.37 19.89
2411.68 10.01 637.56 20.29
2437.93 9.96 686.62 20.78
2464.56 9.96 741.81 27.98
2491.00 9.92 787.50 19.23
2517.43 10.05 834.25 16.70
2544.12 10.13 877.31 14.83
2570.37 10.07 918.18 14.14
2597.00 10.19 955.43 13.41
2623.18 10.09 989.37 12.02
2649.56 10.21 1018.06 10.88
2676.12 10.13 1044.43 7.46
2702.37 10.07 1063.93 8.07
2728.93 10.10 1080.31 6.46
2755.18 10.09 1091.87 3.98
2781.50 10.24 1095.31 4.00
2808.06 10.16 1096.37 3.95
2834.37 10.07 1091.18 5.32
2860.81 10.09 1080.62 7.68
2887.18 10.09 1065.50 9.10
2913.43 10.27 1049.25 9.37
2940.06 10.16 1022.06 11.56
2966.31 10.10 992.25 14.18
2992.75 10.12 961.37 12.15
3019.18 10.09 923.75 15.36
3045.43 10.27 883.06 16.61
3072.06 10.16 840.93 17.03
3098.31 10.10 797.31 17.74
3124.68 10.15 752.68 19.15
3151.18 10.09 705.50 19.23
3177.43 10.27 659.25 24.08
3204.06 10.16 607.50 18.32
3230.43 10.04 560.25 18.43
3256.87 10.07 510.87 17.90
3283.37 10.02 465.75 18.00
3309.87 9.83 421.56 15.96
3336.68 9.86 377.62 15.79
3362.81 9.94 338.50 13.33
3389.43 10.01 302.87 12.06
3415.87 9.91 268.62 12.88
3442.37 9.78 239.68 11.13
3469.06 9.74 215.43 9.63
3495.50 9.95 193.81 7.43
3522.06 10.01 180.81 9.13
3548.68 10.03 166.87 9.21
3575.00 10.18 160.81 4.25
3601.62 10.06 159.18 4.86
3627.75 10.06 162.75 5.38
3654.25 10.17 170.56 7.74
3680.68 10.03 184.93 8.25
3707.00 10.18 202.25 8.60
3733.62 10.06 222.25 10.80
3759.75 10.06 249.75 12.45
3786.25 10.17 279.12 11.14
3812.68 10.03 313.06 12.86
3839.00 10.18 349.18 15.70
3865.50 10.11 388.18 15.97
3891.75 10.06 429.56 16.22
3918.25 10.17 473.81 17.36
3944.68 10.03 517.43 17.37
3970.81 10.03 561.00 17.98
3997.50 10.11 608.50 19.13
4023.68 10.03 654.75 17.45
4050.18 10.20 697.75 17.21
4076.68 10.03 742.62 17.10
4102.81 10.03 785.62 16.52
4129.43 10.14 824.50 15.96
4155.68 10.03 862.81 14.88
4182.06 10.27 897.93 14.72
4208.68 10.03 932.25 17.67
4234.93 9.96 958.75 11.31
4261.68 9.93 984.87 9.87
4288.00 9.87 1003.25 10.14
4314.56 9.89 1020.68 7.87
4341.31 9.73 1031.43 6.75
4367.50 9.79 1040.37 5.90
4394.25 9.90 1041.81 5.09
4420.62 9.80 1040.62 6.93
4447.00 9.85 1036.37 14.29
4473.62 9.72 1024.43 7.75
4499.93 9.76 1008.18 10.56
4526.56 9.86 988.06 10.28
4552.93 9.77 964.12 10.34
4579.37 9.90 937.06 11.09
4605.81 9.75 906.50 12.96
4632.00 9.74 874.56 13.90
4658.56 9.80 837.93 15.51
4684.87 9.74 799.37 15.50
4711.31 9.94 757.12 15.80
4737.81 9.75 717.00 18.31
4764.00 9.74 676.81 21.88
4790.50 9.83 631.93 18.51
4816.87 9.74 588.62 16.82
4843.18 10.01 546.43 16.52
4869.81 9.75 504.81 16.65
4896.00 9.74 465.12 17.31
4922.50 9.83 424.81 16.54
4948.81 9.75 388.62 13.29
4975.12 9.92 355.37 18.18
5001.75 9.79 324.37 13.46
5027.93 9.77 294.87 12.55
5054.43 9.87 272.43 11.55
5080.81 9.75 252.87 9.59
5107.06 9.72 234.06 11.87
5133.75 9.79 223.00 8.42
5159.93 9.77 214.18 6.54
5186.37 9.90 210.87 6.77
5212.93 9.68 211.62 5.68
5239.31 9.59 215.50 6.83
5266.00 9.64 224.68 7.86
5292.25 9.60 238.75 8.95
5318.87 9.64 255.81 8.47
5345.31 9.52 276.75 9.66
5371.56 9.45 301.31 11.04
5398.25 9.60 330.06 12.34
5424.50 9.50 360.37 13.20
5451.06 9.64 391.87 14.23
5477.56 9.48 428.25 13.32
5503.87 9.64 466.12 15.13
5530.62 9.55 506.18 14.98
5556.87 9.67 545.06 15.88
5583.43 9.80 585.75 16.11
5609.75 9.72 626.25 15.17
5636.00 9.69 666.93 15.37
5662.68 9.76 704.68 13.86
5688.81 9.71 745.87 17.77
5715.37 9.83 780.87 14.84
5741.75 9.72 815.37 15.95
5768.00 9.69 848.75 14.67
5794.62 9.71 878.31 14.83
5820.81 9.71 906.31 11.44
5847.31 9.87 929.93 11.30
5873.75 9.72 949.25 9.83
5900.00 9.69 966.68 9.79
5926.50 9.76 979.12 10.75
5952.81 9.71 987.50 7.40
5979.31 9.87 992.56 7.80
6005.75 9.72 995.37 5.12
6031.93 9.70 991.18 5.83
6058.50 9.76 984.50 8.86
6084.81 9.71 971.18 9.10
6111.31 9.87 957.18 8.71
6137.75 9.72 938.62 10.58
6163.87 9.67 917.75 12.22
6190.50 9.77 890.12 11.58
6216.93 9.64 864.25 12.36
6243.43 9.82 833.25 13.35
6270.00 9.59 797.56 15.03
6296.18 9.50 764.81 15.12
6322.93 9.53 727.56 15.52
6349.37 9.56 691.81 14.41
6375.75 9.44 652.18 18.45
6402.37 9.62 613.75 16.96
6428.56 9.53 576.62 15.54
6455.31 9.59 538.81 15.07
6481.62 9.51 501.75 14.76
6508.12 9.50 465.75 14.73
6534.75 9.77 431.87 14.80
6561.00 9.69 401.12 13.94
6587.56 9.80 372.37 14.00
6613.87 9.74 346.25 12.42
6640.31 9.87 322.37 11.10
6666.81 9.75 302.50 9.64
6692.93 9.70 285.75 9.94
6719.50 9.76 272.68 9.41
6745.87 9.74 264.00 9.31
6772.31 9.87 258.43 8.99
6798.81 9.75 256.62 7.99
6824.93 9.70 256.18 7.81
6851.43 9.80 263.50 6.73
6877.87 9.74 272.62 8.59
6904.12 9.98 285.50 7.31
6930.81 9.75 304.00 10.14
6956.93 9.70 321.00 9.84
6983.43 9.80 345.68 10.50
7009.81 9.75 371.50 10.92
7036.00 9.69 402.12 10.58
7062.75 9.79 429.62 11.86
7088.87 9.74 458.50 25.57
7115.37 9.83 497.93 20.98
7141.81 9.75 530.93 13.91
7168.00 9.69 565.06 14.28
7194.75 9.71 601.75 15.47
7221.00 9.67 638.62 13.86
7247.56 9.74 675.43 16.87
7274.06 9.62 709.06 13.74
7300.43 9.45 742.81 13.76
7327.06 9.53 774.56 13.32
7353.37 9.56 804.81 13.00
7380.00 9.66 834.43 11.83
7406.43 9.60 859.87 11.57
7432.62 9.50 883.43 11.31
7459.50 9.56 903.93 11.01
7485.62 9.51 920.00 9.37
7512.25 9.66 931.50 9.02
7538.75 9.77 943.18 7.80
7565.06 10.01 948.75 7.83
7591.81 9.75 950.62 9.55
7617.87 9.74 947.87 11.84
7644.31 9.87 947.06 9.79
7670.81 9.75 938.93 7.31
7696.93 9.72 926.31 8.98
7723.75 9.79 911.18 8.22
7749.87 9.74 894.06 9.05
7776.31 9.87 874.37 9.89
7802.81 9.75 849.06 11.00
7828.93 9.72 823.31 11.34
7855.68 9.74 796.18 12.64
7881.87 9.74 765.31 12.97
7908.25 9.91 735.62 13.73
7934.81 9.75 701.75 13.06
7960.93 9.72 668.06 13.66
7987.50 9.83 634.56 14.34
8013.87 9.74 601.50 15.87
8040.25 9.91 567.43 14.12
8066.81 9.75 533.43 15.57
8092.87 9.74 504.56 16.08
8119.43 9.80 472.25 14.48
8145.87 9.74 441.87 11.78
8172.18 9.94 415.68 13.26
8198.87 9.72 388.31 12.51
8225.00 9.67 367.81 11.24
8251.62 9.71 347.87 11.51
8278.06 9.62 332.68 14.42
8304.56 9.74 316.81 9.48
8331.18 9.55 305.06 9.95
8357.37 9.56 301.00 12.27
8384.12 9.75 292.12 9.68
8410.43 9.60 294.75 9.73
8436.81 9.43 298.31 10.93
8463.50 9.56 305.93 7.93
8489.68 9.47 314.87 10.46
8516.50 9.61 329.87 10.49
8542.87 9.74 346.00 9.39
8569.18 9.94 361.93 12.75
8595.81 9.75 385.93 10.42
8621.93 9.72 409.62 11.59
8648.50 9.83 434.62 10.52
8674.81 9.75 462.81 13.53
8701.18 9.94 489.68 13.06
8727.81 9.75 522.12 13.13
8753.87 9.74 553.87 12.71
8780.43 9.80 585.56 14.54
8806.81 9.75 616.75 16.02
8833.18 9.94 648.62 14.11
8859.81 9.75 680.12 13.91
8885.87 9.74 709.56 16.22
8912.37 9.83 739.81 12.89
8938.81 9.75 770.43 13.60
8965.06 10.01 795.18 13.10
8991.81 9.75 818.25 12.08
9017.87 9.74 839.62 11.17
9044.31 9.87 859.62 10.78
9070.81 9.75 876.25 10.04
9096.93 9.72 889.50 9.44
9123.75 9.79 900.68 9.15
9149.87 9.74 909.12 8.66
9176.31 9.87 912.50 8.72
9202.87 9.72 913.37 7.61
9229.12 9.62 911.43 7.75
9255.87 9.66 906.18 6.11
9282.06 9.64 897.62 7.48
9308.50 9.78 886.12 8.52
9335.31 9.56 872.25 8.71
9361.50 9.54 856.50 9.69
9388.25 9.74 837.06 10.40
9414.50 9.60 814.12 11.02
9441.00 9.74 787.37 23.65
9467.75 9.48 764.25 12.03
9493.87 9.41 736.37 13.34
9520.81 9.58 709.37 12.80
9547.00 9.71 680.50 13.23
9573.50 9.82 650.18 13.57
9600.00 9.71 619.75 13.50
9626.12 9.88 588.81 13.82
9652.93 9.75 560.62 12.74
9679.00 9.71 531.00 13.44
9705.37 9.87 502.93 14.19
9732.00 9.71 476.18 12.48
9758.06 9.69 451.06 11.92
9784.87 9.78 428.81 13.99
9811.00 9.71 406.81 11.42
9837.37 9.87 388.25 10.41
9863.93 9.75 371.25 11.90
9890.06 9.69 357.50 11.10
9916.75 9.78 347.12 8.29
9943.00 9.71 338.68 9.66
9969.25 9.95 331.81 11.71
9995.93 9.75 331.31 7.37
10022.06 9.69 332.00 7.92
10048.68 9.79 335.93 8.42
10075.00 9.71 341.93 9.76
10101.25 9.95 354.00 7.85
10127.93 9.75 366.18 8.36
10154.00 9.71 381.00 9.66
10180.50 9.82 398.93 9.88
10207.06 9.67 417.56 9.74
10233.31 9.92 441.18 11.29
10260.06 9.68 464.00 10.38
10286.18 9.60 489.56 12.54
10313.00 9.56 516.25 12.04
10339.50 9.48 544.87 12.53
10365.75 9.65 570.87 13.17
10392.50 9.62 600.68 13.18
10418.68 9.52 631.37 16.58
10445.50 9.64 656.93 12.92
10471.81 9.47 685.62 14.39
10498.18 9.68 709.00 11.87
10524.93 9.80 737.31 12.55
10551.25 9.88 762.06 12.08
10577.81 9.89 783.87 12.29
10604.18 9.90 806.50 12.44
10630.37 10.04 823.43 11.34
10657.06 9.96 838.31 10.56
10683.25 9.88 852.00 9.42
10709.75 9.91 863.81 9.40
10736.12 9.92 871.56 9.96
10762.37 10.04 877.62 8.64
10789.06 9.96 879.25 8.57
10815.18 9.90 880.06 9.12
10841.56 9.95 876.93 8.07
10868.12 9.92 871.87 8.86
10894.37 10.04 863.62 8.55
10921.00 9.86 849.87 9.49
10947.18 9.90 839.62 9.24
10973.56 9.95 821.62 9.36
11000.12 9.92 804.25 10.85
11026.31 10.07 784.56 9.87
11053.00 9.86 761.87 10.36
11079.18 9.90 741.62 13.98
11105.37 10.04 714.37 11.60
11132.06 9.96 687.62 11.82
11158.25 9.88 662.75 12.85
11185.00 9.86 634.81 13.71
11211.37 9.78 609.56 13.10
11237.68 9.86 583.93 12.56
11264.50 9.71 554.18 13.79
11290.81 9.54 530.81 12.57
11317.81 9.51 505.12 12.03
11344.12 9.55 481.31 11.31
11370.50 9.66 461.62 12.88
11397.18 9.58 440.75 11.32
11423.37 9.47 425.12 13.55
11450.12 9.43 406.56 10.74
11476.37 9.48 392.75 9.34
11503.25 10.29 381.43 10.04
11529.81 10.14 373.31 8.77
11556.06 10.45 368.00 11.42
11582.81 10.31 363.31 8.44
11608.93 10.29 366.12 11.57
11635.37 10.44 365.50 8.80
11661.93 10.29 370.12 9.49
11688.00 10.27 378.75 8.60
11714.81 10.31 386.75 9.95
11740.93 10.29 397.62 8.47
11767.25 10.50 413.68 9.90
11793.87 10.34 430.62 10.53
11820.00 10.27 448.25 11.10
11846.81 10.31 468.62 13.41
11872.93 10.29 492.43 12.82
11899.25 10.50 514.75 15.25
11925.87 10.34 536.37 14.52
11952.00 10.27 562.75 13.68
11978.56 10.40 588.87 12.37
12004.93 10.29 611.81 13.28
12031.18 10.54 637.62 12.60
12057.81 10.31 662.93 12.95
12084.00 10.27 685.06 13.37
12110.43 10.41 709.00 14.09
12136.93 10.29 732.81 12.13
12163.18 10.54 751.56 12.96
12189.93 10.24 772.06 10.81
12216.37 10.06 789.68 10.77
12242.87 10.20 805.12 10.40
12269.43 10.02 817.12 13.23
12295.68 10.10 830.81 10.11
12322.50 9.95 839.06 9.83
12348.68 9.93 844.75 8.83
12375.50 10.18 849.25 9.76
12401.75 10.02 850.31 9.16
12428.00 9.95 848.31 8.57
12454.81 10.00 846.81 7.78
12481.06 9.92 839.31 9.48
12508.00 10.05 830.25 9.46
12534.12 10.18 819.56 10.09
12560.50 10.43 806.50 9.82
12587.12 10.20 793.00 10.23
12613.37 10.12 772.81 11.71
12639.81 10.33 756.12 11.68
12666.18 10.15 736.25 12.19
12692.50 10.43 714.50 11.42
12719.12 10.20 693.06 11.50
12745.37 10.12 668.37 13.88
12771.68 10.34 644.12 11.61
12798.18 10.15 621.12 13.40
12824.50 10.43 600.62 13.32
12851.12 10.20 573.56 11.61
12877.25 10.11 552.62 12.62
12903.62 10.37 531.43 13.37
12930.18 10.15 510.87 12.89
12956.43 10.30 487.81 11.52
12983.12 10.20 470.68 11.63
13009.18 10.15 452.87 11.25
13035.62 10.37 436.87 11.60
13062.18 10.15 426.00 11.42
13088.37 10.12 412.12 9.64
13115.12 10.20 404.62 8.90
13141.18 10.15 398.06 8.71
13167.50 10.43 393.37 8.49
13194.37 10.09 391.50 8.96
13220.68 10.01 392.37 8.75
13247.50 10.03 395.81 10.37
13273.62 9.94 398.06 11.13
13300.00 10.19 407.25 9.52
13326.68 9.90 416.50 9.22
13353.06 9.90 428.12 9.32
13379.75 10.03 444.93 14.12
13406.00 9.97 457.87 9.60
13432.37 10.17 475.06 10.13
13458.93 9.89 492.62 10.68
13485.31 9.82 512.37 12.34
13511.93 9.90 532.81 12.70
13538.25 10.09 553.12 11.55
13564.56 10.25 576.87 12.62
13591.18 10.13 599.68 11.86
13617.50 10.27 619.68 11.93
13644.06 10.05 645.68 10.77
13670.25 10.08 663.37 14.75
13696.56 10.25 686.31 14.53
13723.12 10.00 706.81 11.52
13749.43 10.09 728.50 11.34
13776.00 10.08 743.50 11.79
13802.25 10.08 761.31 11.21
13828.56 10.25 776.87 17.57
13855.06 10.05 793.31 22.87
13881.43 10.09 799.62 9.56
13908.00 10.08 808.87 9.09
13934.25 10.08 816.87 9.56
13960.56 10.25 818.25 8.39
13987.06 10.05 819.18 16.83
14013.43 10.09 824.31 8.17
14039.68 10.21 822.87 9.80
14066.18 10.13 816.68 8.96
14092.56 10.25 810.75 10.37
14119.06 10.05 801.87 8.42
14145.43 10.09 792.06 9.98
14171.62 10.24 779.43 10.03
14198.25 10.11 765.00 9.66
14224.68 10.21 751.00 11.85
14251.25 9.98 732.75 10.89
14277.56 9.94 715.31 11.21
14304.06 10.00 694.68 9.42
14330.56 9.97 676.87 12.38
14357.06 10.10 656.18 13.53
14383.68 9.89 633.75 12.40
14409.93 10.00 613.56 12.27
14436.56 9.96 591.81 12.10
14462.81 9.82 571.12 10.99
14489.25 9.85 551.31 11.37
14515.87 9.93 531.25 12.48
14542.37 10.12 514.06 11.51
14568.87 10.16 495.50 11.49
14595.18 10.13 480.93 10.11
14621.56 10.25 468.25 10.01
14648.06 10.05 453.37 10.40
14674.43 10.09 441.25 10.27
14700.62 10.24 436.43 10.65
14727.18 10.13 428.75 13.80
14753.56 10.25 419.81 8.93
14780.06 10.05 417.56 9.08
14806.43 10.09 415.93 9.59
14832.56 10.25 419.75 9.49
14859.18 10.13 421.62 9.96
14885.56 10.25 427.43 9.54
14912.06 10.05 433.93 9.54
14938.37 10.06 443.93 9.38
14964.56 10.25 454.87 9.50
14991.18 10.13 472.37 16.76
15017.50 10.27 482.81 12.07
15044.06 10.05 500.37 12.69
15070.31 10.06 515.25 12.88
15096.56 10.25 532.81 11.06
15123.18 10.13 550.87 11.94
15149.43 10.09 568.25 14.48
15176.06 10.05 588.93 12.71
15202.31 10.07 610.18 15.49
15228.75 10.19 627.87 12.49
15255.25 9.98 648.68 11.89
15281.75 9.96 668.93 11.68
15308.37 10.03 685.31 12.56
15334.81 9.99 704.18 10.85
15361.25 10.11 720.68 12.48
15387.81 9.91 736.00 10.73
15414.25 9.93 749.50 10.76
15440.75 9.95 761.87 10.28
15467.37 9.89 773.75 8.41
15493.81 10.33 781.50 10.34
15520.43 10.21 790.12 8.69
15546.93 10.47 794.25 8.56
15573.37 10.29 798.37 8.54
15599.68 10.27 800.12 8.40
15625.93 10.47 798.31 9.69
15652.56 10.35 797.43 7.61
15678.87 10.49 791.62 9.76
15705.37 10.29 785.25 10.85
15731.68 10.27 774.75 9.80
15757.93 10.47 766.31 10.15
15784.50 10.22 755.31 12.39
15810.81 10.31 742.43 11.18
15837.37 10.29 727.62 11.52
15863.62 10.30 713.37 10.97
15889.93 10.47 695.93 12.16
15916.43 10.26 678.50 12.70
15942.81 10.31 662.12 13.10
15969.18 10.40 642.56 12.61
15995.56 10.35 623.93 12.16
16021.93 10.47 604.68 12.36
16048.43 10.26 587.25 12.34
16074.81 10.31 569.12 12.72
16101.00 10.45 551.81 12.23
16127.56 10.35 535.31 11.41
16153.93 10.47 519.06 11.01
16180.37 10.29 501.06 17.19
16206.93 10.28 489.43 11.73
16233.12 10.40 477.81 9.06
16259.68 10.31 465.56 10.25
16286.18 10.34 457.31 8.67
16312.75 10.13 450.87 9.38
16339.12 10.15 443.06 8.56
16365.62 10.30 441.62 9.04
16392.06 10.27 439.37 9.16
16418.56 10.29 439.62 9.08
16445.00 10.14 440.43 7.67
16471.50 10.14 446.75 11.99
16498.06 10.26 446.87 17.59
16524.43 10.20 456.75 9.78
16550.93 10.47 466.12 8.73
16577.37 10.31 475.87 9.39
16603.75 10.36 489.43 9.50
16630.12 10.44 501.25 10.42
16656.50 10.39 514.56 12.63
16682.93 10.47 532.18 11.28
16709.37 10.31 547.50 10.58
16735.75 10.36 563.93 12.35
16762.00 10.45 581.50 11.03
16788.50 10.39 599.00 12.56
16814.87 10.51 615.87 11.04
16841.31 10.33 634.37 11.38
16867.75 10.36 651.25 11.16
16893.93 10.47 667.87 12.28
16920.50 10.39 684.06 11.71
16946.87 10.51 700.56 12.26
16973.31 10.33 714.50 10.97
16999.62 10.32 725.43 11.48
17025.93 10.47 735.68 18.12
17052.50 10.39 749.50 10.82
17078.81 10.53 759.56 10.55
17105.25 10.37 764.43 9.82
17131.62 10.32 771.50 9.24
17157.93 10.47 775.75 8.35
17184.37 10.31 778.37 8.51
17210.93 10.30 778.50 8.78
17237.37 10.33 776.25 10.32
17263.93 10.16 773.62 8.56
17290.43 10.21 768.18 9.65
17316.93 10.04 763.00 9.89
17343.37 10.10 755.43 10.13
17369.75 10.23 746.06 9.31
17396.25 10.22 735.81 9.98
17422.75 10.21 722.75 10.77
17449.25 10.00 710.31 12.83
17475.68 10.05 694.56 12.76
17502.18 10.19 680.81 10.93
17528.68 10.12 666.25 12.39
17555.00 10.22 648.25 12.03
17581.62 10.32 633.31 12.01
17607.93 10.27 615.25 11.02
17634.31 10.12 599.18 12.15
17660.75 10.25 584.68 12.17
17687.00 10.22 565.00 14.71
17713.62 10.32 552.06 11.91
17739.87 10.29 537.50 11.67
17766.31 10.12 525.75 10.07
17792.75 10.25 511.00 11.32
17819.00 10.22 500.12 11.11
17845.50 10.24 489.31 9.75
17871.81 10.26 481.06 10.29
17898.31 10.12 472.93 8.83
17924.68 10.27 466.31 7.66
17951.00 10.22 463.25 9.51
17977.43 10.27 460.68 8.83
18003.81 10.26 457.75 9.53
18030.18 10.20 459.43 8.91
18056.62 10.32 460.81 10.62
18082.93 10.27 467.50 8.65
18109.37 10.10 469.81 9.02
18135.81 10.26 478.81 7.38
18162.06 10.21 488.75 13.57
18188.68 10.30 496.31 10.33
18215.06 10.22 508.18 10.78
18241.50 10.04 520.87 10.96
18268.12 10.12 531.81 10.21
18294.37 10.04 546.68 11.53
18321.00 10.17 562.50 10.96
18347.43 10.05 575.00 11.26
18373.87 9.88 590.18 11.39
18400.31 10.12 608.00 12.13
18426.75 9.95 623.12 11.24
18453.31 10.08 637.75 11.41
18479.68 9.98 653.31 10.60
18506.25 9.91 668.06 9.93
18532.62 10.10 683.56 12.29
18559.18 10.09 694.31 11.84
18585.62 10.26 707.56 10.73
18611.93 10.21 717.37 11.13
18638.31 10.08 729.25 12.34
18664.75 10.24 736.50 9.26
18691.06 10.16 744.37 14.31
18717.56 10.31 751.25 8.55
18743.87 10.25 754.68 8.50
18770.31 10.08 761.06 11.77
18796.75 10.24 757.56 10.88
18823.00 10.19 761.87 14.66
18849.56 10.31 758.31 8.58
18875.87 10.25 754.87 9.25
18902.25 10.10 750.31 9.33
18928.75 10.24 743.87 8.31
18954.93 10.21 737.12 10.27
18981.56 10.31 726.81 9.31
19007.81 10.22 718.06 9.40
19034.18 10.09 706.00 9.91
19060.68 10.23 693.75 10.59
19086.93 10.21 681.18 10.32
19113.56 10.31 668.18 11.07
19139.75 10.24 652.06 10.04
19166.18 10.09 638.56 11.14
19192.75 10.21 623.93 10.85
19219.12 10.14 611.37 12.18
19245.62 10.13 595.00 11.10
19272.12 10.07 580.87 11.23
19298.50 9.92 565.87 10.14
19325.00 10.10 555.43 10.91
19351.62 10.04 542.75 15.76
19378.00 9.88 528.68 9.87
19404.50 10.15 516.93 9.72
19430.81 9.97 508.00 10.14
19457.37 10.10 499.43 9.77
19483.81 9.99 492.62 10.01
19510.31 9.86 486.50 9.08
19536.81 10.29 481.37 9.60
19563.25 10.10 479.62 11.23
19589.75 10.25 476.43 8.33
19616.00 10.22 472.18 14.77
19642.50 10.17 477.06 9.16
19668.81 10.23 480.25 8.45
19695.25 10.10 482.68 8.52
19721.68 10.11 490.56 9.52
19748.00 10.22 496.68 7.89
19774.50 10.17 504.00 9.31
19800.75 10.25 515.56 14.03
19827.25 10.10 524.06 9.40
19853.62 10.10 533.56 9.55
19880.00 10.22 545.37 13.72
19906.43 10.22 557.37 11.41
19932.75 10.25 574.56 12.95
19959.25 10.10 586.81 10.81
19985.56 10.12 599.31 13.88
20012.00 10.22 614.18 10.31
20038.31 10.08 627.56 11.38
20064.75 10.25 640.18 9.86
20091.12 10.18 656.18 12.02
20117.50 10.17 666.56 10.55
20143.93 10.27 678.81 10.55
20170.25 10.10 689.93 9.48
20196.87 10.21 700.68 9.50
20223.25 10.14 711.56 9.05
20249.68 10.08 719.37 10.73
20276.18 10.10 724.43 11.64
20302.68 9.86 731.56 8.70
20329.18 10.08 737.25 9.34
20355.56 10.05 740.75 9.93
20382.06 10.09 740.62 9.38
20408.50 10.12 745.37 8.30
20434.87 9.92 742.56 8.58
20461.31 9.93 740.43 7.75
20487.81 9.97 737.25 8.71
20514.37 10.02 732.62 8.85
20540.87 10.28 726.12 8.55
20567.25 10.31 720.56 9.34
20593.68 10.27 711.06 10.05
20620.12 10.17 702.31 10.97
20646.43 10.21 694.00 10.98
20672.93 10.24 681.87 11.06
20699.12 10.17 670.75 9.97
20725.68 10.27 657.18 9.80
20752.06 10.19 643.43 9.25
20778.37 10.24 630.93 10.34
20804.87 10.29 616.93 10.84
20831.12 10.17 603.87 11.18
20857.68 10.27 593.93 10.75
20883.93 10.24 579.00 10.27
20910.37 10.24 568.00 10.00
20936.87 10.29 554.37 9.87
20963.12 10.17 544.50 10.51
20989.62 10.32 534.56 9.08
21015.93 10.24 523.06 9.39
21042.37 10.24 519.93 10.09
21068.75 10.25 507.81 10.44
21095.12 10.17 504.12 9.11
21121.62 10.32 499.43 9.04
21147.93 10.24 495.75 7.84
21174.37 10.24 492.75 8.47
21200.81 10.23 493.62 9.46
21227.25 10.13 488.56 14.43
21253.68 10.08 494.43 8.34
21280.25 10.11 485.31 27.06
21306.68 10.12 501.12 7.75
21333.37 10.03 505.18 8.56
21359.62 10.02 512.62 10.19
21386.12 10.10 519.93 7.62
21412.62 10.08 528.31 10.31
21438.93 9.89 538.50 8.84
21465.81 10.01 547.81 8.02
21492.12 9.99 558.93 9.86
21518.68 10.13 571.31 9.60
21545.12 10.18 582.43 10.81
21571.43 10.22 595.50 9.82
21598.06 10.23 606.31 9.92
21624.25 10.13 619.43 9.09
21650.81 10.26 630.68 10.20
21677.12 10.18 642.87 10.55
21703.43 10.22 653.43 9.52
21729.93 10.19 666.50 9.80
21756.25 10.13 676.25 9.74
21782.81 10.26 686.81 9.96
21809.12 10.18 694.75 8.58
21835.43 10.22 702.62 9.32
21861.87 10.21 711.06 8.92
21888.25 10.13 717.62 7.61
21914.68 10.12 721.37 9.00
21941.12 10.18 726.93 16.40
21967.31 10.30 725.18 13.79
21993.87 10.21 732.31 11.01
22020.25 10.13 726.25 12.67
22046.62 10.16 728.37 7.29
22073.12 10.18 725.00 9.91
22099.25 10.13 722.75 9.06
22125.87 10.21 717.00 7.70
22152.25 10.13 710.62 8.25
22178.43 10.22 704.75 8.63
22205.12 10.21 697.75 8.84
22231.31 10.11 689.43 8.94
22258.06 10.16 676.68 15.26
22284.37 10.07 668.87 7.90
22310.75 10.12 658.31 10.14
22337.56 10.01 646.93 9.43
22363.68 10.00 631.50 23.90
22390.37 10.16 624.12 10.09
22416.75 10.01 613.18 10.76
22443.18 10.07 601.56 9.53
22469.87 9.97 590.81 10.72
22496.06 10.01 579.50 10.61
22522.68 10.13 568.62 9.86
22549.18 10.15 559.25 11.38
22575.56 10.20 548.56 9.66
22602.12 10.18 539.68 10.50
22628.25 10.33 531.81 9.26
22654.81 10.26 525.81 7.31
22681.18 10.15 516.06 9.11
22707.50 10.25 513.68 8.81
22734.12 10.18 510.25 7.80
22760.18 10.15 506.06 9.42
22786.81 10.26 505.31 7.65
22813.18 10.15 504.75 7.73
22839.31 10.30 506.12 7.08
22866.00 10.28 509.00 8.18
22892.18 10.15 511.31 7.67
22918.75 10.32 513.81 8.49
22945.12 10.18 522.68 15.57
22971.31 10.30 526.50 8.86
22998.00 10.28 531.81 10.25
23024.18 10.15 541.06 9.26
23050.75 10.32 549.56 8.88
23077.12 10.18 557.37 9.12
23103.25 10.33 566.87 9.62
23129.87 10.24 581.12 9.80
23156.18 10.15 589.06 9.64
23182.68 10.35 600.62 8.92
23209.12 10.18 612.50 8.51
23235.37 10.28 624.12 10.21
23262.25 10.06 630.81 13.08
23288.56 9.99 643.50 11.40
23315.12 9.97 652.56 14.05
23341.62 9.98 666.37 11.53
23367.93 10.11 673.31 8.42
23394.62 10.13 681.87 9.37
23420.87 9.95 688.87 8.96
23447.50 9.94 696.12 7.25
23473.93 9.94 702.37 8.44
23500.18 9.96 707.43 8.15
23526.93 10.12 710.43 7.94
23553.25 10.13 714.50 7.80
23579.87 10.27 716.18 6.53
23606.18 10.15 716.87 8.04
23632.37 10.28 716.68 7.42
23659.06 10.25 714.37 8.46
23685.25 10.13 715.12 10.23
23711.87 10.27 708.87 8.43
23738.18 10.15 705.00 8.30
23764.37 10.28 699.50 9.35
23790.93 10.22 691.75 10.10
23817.25 10.13 686.87 8.11
23843.87 10.27 675.87 10.00
23870.18 10.15 668.18 9.74
23896.37 10.28 659.56 9.65
23922.93 10.22 651.62 10.36
23949.25 10.13 640.68 10.18
23975.62 10.17 629.50 8.95
24002.18 10.15 621.12 9.88
24028.37 10.28 609.31 9.15
24054.93 10.22 598.87 9.73
24081.25 10.13 590.68 10.72
24107.56 10.22 577.93 11.48
24134.06 10.25 569.12 8.59
24160.25 10.13 561.06 8.81
24186.93 10.22 552.00 8.08
24213.37 10.07 546.12 8.67
24239.62 10.16 538.25 8.28
24266.37 10.10 532.93 6.82
24292.62 9.94 527.81 7.56
24319.31 10.13 523.93 7.94
24345.62 9.98 519.12 8.51
24372.06 10.06 517.81 7.76
24398.68 10.00 518.37 6.58
24424.87 9.90 518.18 8.56
24451.56 9.99 520.06 7.27
24477.87 9.91 520.93 6.95
24504.62 10.09 520.81 8.34
24531.00 9.99 528.56 10.47
24557.31 10.25 533.43 8.54
24583.87 10.20 539.62 8.14
24610.18 10.10 544.50 9.58
24636.56 10.15 549.56 13.26
24663.12 10.13 560.68 8.96
24689.25 10.08 568.75 8.78
24715.87 10.20 577.31 8.52
24742.18 10.10 586.56 9.40
24768.50 10.20 596.31 8.14
24794.93 10.21 605.93 9.92
24821.25 10.08 615.06 14.32
24847.81 10.18 624.50 9.20
24874.18 10.10 634.81 9.70
24900.31 10.25 644.62 9.69
24926.93 10.21 652.50 8.54
24953.18 10.10 660.81 8.22
24979.75 10.23 667.37 7.82
25006.12 10.13 677.75 7.99
25032.31 10.25 682.87 8.48
25058.93 10.21 687.68 9.41
25085.18 10.10 694.68 7.79
25111.75 10.23 697.00 8.82
25138.12 10.13 702.06 8.66
25164.31 10.25 703.75 9.11
25190.93 10.18 705.56 7.70
25217.37 10.03 704.68 9.62
25243.93 10.14 701.81 11.34
25270.37 10.02 705.62 10.28
25296.62 10.09 700.87 7.48
25323.43 9.96 695.06 11.82
25349.68 9.91 693.12 8.36
25376.31 9.99 686.37 8.48
25402.68 10.00 682.06 8.82
25429.00 9.91 674.68 7.92
25455.68 10.02 665.31 13.17
25482.00 9.85 658.75 8.62
25508.75 10.06 651.43 8.86
25535.06 10.16 643.12 9.03
25561.37 10.28 633.81 8.86
25588.00 10.23 624.18 9.07
25614.18 10.10 613.81 9.97
25640.81 10.25 603.43 8.00
25667.12 10.13 594.25 18.84
25693.37 10.28 587.37 9.16
25720.00 10.23 579.50 8.72
25746.18 10.10 571.81 7.85
25772.81 10.25 563.62 7.51
25799.12 10.13 556.87 6.70
25825.37 10.28 551.50 7.82
25851.93 10.22 543.87 7.17
25878.18 10.10 540.37 8.12
25904.81 10.25 536.25 7.59
25931.12 10.13 533.06 8.18
25957.37 10.28 530.31 6.93
25983.87 10.20 528.50 7.61
26010.18 10.10 528.37 8.73
26036.62 10.17 528.81 7.41
26063.12 10.13 531.50 7.51
26089.31 10.10 531.68 8.47
26115.87 10.20 533.87 9.12
26142.18 10.10 537.37 10.63
26168.50 10.23 544.75 9.16
26195.06 10.21 548.50 8.57
26221.37 10.03 554.93 9.00
26248.06 10.11 560.81 8.54
26274.43 9.99 568.43 8.09
26300.81 10.07 577.00 9.43
26327.50 9.98 583.87 7.23
26353.75 9.93 592.43 9.03
26380.50 10.15 601.62 9.06
26406.68 10.00 609.50 9.10
26433.18 10.04 618.87 9.12
26459.75 9.95 625.50 8.48
26486.06 9.88 636.31 8.02
26512.75 10.17 642.68 8.26
26539.00 10.19 651.62 8.39
26565.56 10.37 658.50 7.48
26592.00 10.21 662.75 7.72
26618.31 10.30 671.68 6.91
26644.68 10.31 678.43 7.47
26671.06 10.16 680.87 6.87
26697.43 10.42 687.62 7.82
26724.00 10.21 689.06 7.93
26750.25 10.13 691.81 7.47
26776.68 10.31 693.87 7.78
26803.06 10.16 695.25 7.38
26829.31 10.30 694.31 8.27
26855.87 10.31 695.25 8.35
26882.18 10.11 692.56 8.16
26908.68 10.31 688.81 8.38
26935.06 10.16 685.50 9.01
26961.31 10.30 681.37 8.85
26987.87 10.31 676.50 8.91
27014.06 10.16 672.00 8.36
27040.62 10.36 665.00 8.59
