1.87 0.33 579.75 66.54
41.50 9.67 570.37 17.09
78.62 9.61 530.37 14.60
114.93 9.48 490.50 12.19
151.50 9.90 452.81 11.32
187.87 9.74 416.56 11.10
224.12 9.88 381.37 10.40
260.68 9.82 350.31 8.75
297.06 9.90 323.12 6.89
333.43 9.92 294.56 7.64
369.87 9.74 272.75 7.20
406.12 9.88 251.75 6.49
442.75 9.80 237.00 5.22
479.12 9.88 225.62 5.79
515.43 9.93 217.50 3.46
552.06 9.67 213.75 3.19
588.31 9.81 213.93 3.66
624.81 9.78 217.18 3.66
661.25 9.59 226.06 4.63
697.81 9.79 235.00 8.46
734.31 9.58 252.12 6.09
770.50 9.73 270.93 5.99
807.06 9.69 293.50 6.13
843.50 9.49 318.43 8.10
880.50 9.65 346.50 8.85
917.00 9.45 377.93 9.91
953.25 9.63 408.56 10.26
990.81 9.82 445.12 10.68
1028.31 12.01 482.81 12.48
1064.87 12.08 519.68 13.11
1101.18 11.95 558.68 13.25
1137.75 12.29 597.37 12.88
1174.18 12.10 635.18 12.97
1210.68 12.33 672.62 11.26
1246.93 12.23 710.31 12.96
1283.31 12.09 745.43 12.61
1319.75 12.29 781.31 11.36
1356.18 12.10 814.50 10.62
1392.62 12.28 844.43 8.75
1428.93 12.23 873.87 8.42
1465.37 12.05 900.37 8.16
1502.43 12.15 922.06 6.84
1539.00 11.85 945.00 10.89
1575.37 11.91 959.81 4.49
1611.81 11.97 973.50 3.44
1648.25 11.71 981.68 2.91
1684.68 12.00 990.37 4.58
1721.12 11.79 990.50 3.94
1757.50 11.65 988.50 3.08
1794.18 11.75 982.18 6.20
1830.43 11.59 974.37 5.80
1867.00 11.89 962.43 8.96
1903.37 11.67 944.87 7.49
1939.75 11.54 926.50 8.12
1976.37 11.75 906.06 8.88
2012.56 11.82 875.00 19.65
2049.12 12.04 853.56 10.33
2086.68 12.73 821.93 11.75
2123.12 12.74 792.68 12.45
2159.56 12.86 758.87 13.16
2195.87 12.79 724.68 10.64
2232.31 12.99 690.31 13.49
2268.75 12.74 654.12 14.02
2305.12 12.85 617.25 15.21
2341.56 12.86 581.56 14.30
2377.87 12.79 546.87 10.02
2414.25 13.03 511.43 12.58
2450.81 12.71 478.25 11.89
2487.25 12.82 446.56 10.70
2523.56 12.92 415.56 11.09
2560.12 12.68 388.31 11.70
2596.50 12.92 365.18 8.44
2633.06 12.60 342.25 10.07
2669.37 12.57 321.68 6.29
2706.00 12.65 302.75 6.52
2742.31 12.56 288.87 8.37
2778.81 12.72 280.25 6.14
2815.25 12.48 270.68 4.39
2851.62 12.40 266.56 2.32
2888.18 12.55 264.81 5.09
2924.50 12.47 268.87 4.48
2961.06 12.67 276.06 6.24
2997.56 12.56 285.81 6.85
3034.00 12.70 298.50 8.32
3070.43 12.76 312.12 9.15
3106.68 12.73 327.81 16.04
3144.06 14.89 353.68 10.64
3180.50 14.65 378.62 11.64
3216.93 14.90 404.93 12.42
3253.31 14.77 434.56 13.24
3289.68 14.86 461.75 13.25
3326.00 14.92 493.43 14.34
3362.50 14.65 524.43 15.10
3398.87 14.90 560.31 14.94
3435.12 14.88 591.37 12.54
3471.75 14.83 625.00 12.52
3508.12 14.89 659.50 13.10
3544.68 14.58 691.56 14.36
3581.06 14.71 723.68 13.05
3617.50 14.70 755.56 12.48
3653.93 14.54 784.50 10.49
3690.37 14.74 810.00 10.35
3726.87 14.47 836.18 9.31
3763.31 14.56 857.25 6.95
3799.81 14.51 879.00 7.55
3836.12 14.42 897.37 7.70
3872.68 14.58 910.87 4.58
3909.12 14.35 922.31 3.82
3945.56 14.44 931.37 2.98
3982.06 14.45 937.25 2.82
4018.37 14.52 939.31 7.94
4054.93 14.75 939.37 4.55
4091.37 14.52 936.25 5.14
4128.50 16.52 928.50 5.99
4164.93 16.58 918.62 7.51
4201.25 16.50 904.62 8.46
4237.62 16.73 888.87 10.77
4274.12 16.47 871.06 11.22
4310.37 16.42 850.62 12.14
4346.75 16.68 825.06 13.64
4383.25 16.50 801.25 16.80
4419.62 16.73 775.12 14.51
4456.18 16.43 746.37 15.10
4492.56 16.38 716.37 16.31
4528.93 16.62 686.68 16.19
4565.43 16.42 655.62 16.31
4601.87 16.62 624.25 15.67
4638.43 16.33 594.06 15.64
4674.75 16.28 561.81 14.99
4711.12 16.51 533.06 14.15
4747.56 16.35 503.43 14.26
4784.12 16.48 476.43 12.98
4820.56 16.25 447.50 12.65
4856.93 16.17 423.56 11.50
4893.43 16.35 402.18 10.67
4929.81 16.23 380.87 8.49
4966.31 16.23 361.81 8.77
5002.87 16.29 346.62 6.92
5039.25 16.34 333.93 5.75
5075.68 16.50 322.18 5.46
5112.06 16.60 316.37 3.71
5148.56 16.77 310.31 3.70
5185.06 16.50 314.18 7.36
5221.31 16.46 314.00 4.33
5257.68 16.72 317.50 5.58
5294.18 16.53 325.37 6.34
5330.56 16.77 336.00 7.57
5367.06 16.50 349.56 9.03
5403.31 16.46 364.75 9.63
5439.68 16.72 382.87 10.87
5476.25 16.50 404.06 11.80
5512.62 16.73 426.18 11.26
5549.12 16.47 450.00 12.27
5585.37 16.43 475.18 13.47
5621.93 16.59 503.06 14.85
5658.37 16.43 530.12 14.40
5694.87 16.59 559.00 15.31
5731.43 16.29 588.81 14.54
5767.62 16.28 616.43 14.55
5804.18 16.41 646.25 15.19
5841.25 16.09 674.25 14.90
5877.68 16.08 702.75 13.09
5914.18 16.06 730.12 11.90
5950.50 15.96 756.25 11.56
5987.06 16.16 781.00 10.68
6023.43 16.10 801.43 10.21
6059.87 16.25 821.81 10.40
6096.50 16.16 840.56 8.51
6132.81 16.29 857.00 6.67
6169.18 16.54 871.06 5.69
6205.75 16.33 879.81 8.31
6242.06 16.59 889.56 4.72
6278.56 16.35 896.31 3.37
6314.81 16.29 897.43 3.86
6351.18 16.54 897.93 3.53
6387.75 16.33 897.56 5.43
6424.00 16.60 890.43 6.32
6460.56 16.35 881.31 6.33
6496.87 16.29 871.81 8.42
6533.37 16.47 857.31 9.19
6569.87 16.28 842.75 9.46
6607.00 16.30 824.50 10.23
6643.50 16.05 805.12 8.19
6679.81 15.97 782.00 10.02
6716.31 16.14 759.87 14.38
6752.81 15.96 739.31 11.83
6789.25 15.90 710.18 12.12
6826.12 15.93 683.81 14.22
6862.37 15.86 655.18 10.99
6899.00 15.99 630.43 13.11
6935.31 15.83 602.37 12.05
6971.75 15.91 574.06 13.41
7008.43 15.94 549.87 11.39
7044.62 15.91 523.68 10.61
7081.06 16.14 499.50 10.66
7117.56 16.18 475.18 9.00
7154.00 16.34 454.00 9.98
7190.50 16.17 433.37 8.51
7226.75 16.06 411.00 12.56
7263.12 16.30 398.00 7.28
7299.62 16.14 386.31 8.04
7335.93 16.36 371.87 5.68
7372.50 16.17 363.18 4.42
7408.68 16.10 354.62 5.77
7445.25 16.23 351.81 5.00
7481.81 16.08 350.93 3.70
7518.18 16.29 352.12 4.01
7554.68 16.11 353.12 11.85
7591.62 16.09 359.18 7.24
7628.00 16.33 370.50 7.89
7664.50 16.14 381.43 7.43
7700.87 16.11 394.37 8.04
7737.50 16.09 409.43 8.50
7773.75 15.96 426.37 8.69
7810.31 16.10 447.06 10.77
7846.68 16.01 466.87 11.44
7883.00 15.98 488.75 11.30
7919.56 15.98 512.06 10.63
7955.87 15.90 536.62 10.90
7992.50 16.22 562.06 11.43
8028.87 16.10 587.25 12.12
8065.25 16.16 612.00 12.44
8101.81 16.19 636.31 10.33
8138.87 15.80 663.25 10.96
8175.31 16.01 685.18 11.77
8211.75 15.85 709.62 9.51
8248.12 16.08 730.75 12.14
8284.68 15.90 753.81 9.94
8320.81 15.85 774.00 8.45
8357.31 16.01 790.62 7.56
8393.75 15.85 808.43 7.39
8430.00 15.88 821.93 6.47
8466.68 15.91 834.18 6.05
8503.00 15.79 845.31 5.23
8539.43 15.88 851.56 4.36
8576.18 15.89 858.75 2.28
8612.43 15.92 860.00 3.26
8649.06 15.85 861.75 2.56
8685.43 15.74 858.50 4.85
8721.81 15.92 854.50 6.40
8758.37 15.74 850.25 8.37
8794.68 15.72 839.81 5.69
8831.93 15.82 828.43 6.22
8868.25 15.89 814.37 6.13
8904.62 16.07 799.81 8.78
8941.31 15.86 783.12 8.24
8978.31 16.24 764.18 9.88
9014.87 16.29 747.93 16.86
9051.25 16.39 724.87 9.77
9087.68 16.51 701.62 11.70
9124.87 16.64 677.81 13.65
9161.31 16.92 657.06 11.95
9197.75 16.67 632.25 12.44
9234.06 16.76 607.18 16.36
9270.43 16.82 585.25 10.79
9306.87 16.64 561.43 10.22
9343.25 16.76 538.68 10.84
9379.68 16.72 517.56 9.06
9416.00 16.70 499.31 7.28
9452.56 16.72 476.87 8.52
9488.93 16.54 459.75 7.70
9525.37 16.69 442.75 8.00
9561.75 16.59 429.37 8.33
9598.31 16.56 413.31 16.16
9634.68 16.73 406.62 4.58
9671.12 16.55 398.43 5.24
9707.56 16.61 392.18 3.54
9744.00 16.45 386.56 4.73
9780.43 16.44 386.37 4.37
9816.87 16.65 385.75 3.19
9853.43 16.45 388.31 3.40
9890.50 16.38 394.18 4.22
9926.93 16.40 400.00 7.94
9963.43 16.42 408.12 8.08
9999.93 16.57 422.93 7.23
10036.37 16.42 435.25 7.68
10072.81 16.56 449.31 8.00
10109.31 16.57 466.56 7.45
10145.75 16.75 485.25 8.47
10182.12 16.79 501.87 8.57
10218.56 16.65 522.43 8.91
10254.93 16.74 544.25 11.90
10291.31 16.72 565.31 9.73
10327.68 16.70 587.00 9.96
10364.12 16.79 610.31 9.63
10400.50 16.62 628.31 12.14
10436.93 16.74 651.31 9.06
10473.31 16.63 673.75 9.47
10509.81 16.62 693.62 8.79
10546.25 16.73 712.62 13.32
10582.75 16.60 733.50 7.87
10619.18 16.64 750.43 7.23
10655.56 16.52 766.50 7.02
10692.12 16.42 780.87 7.33
10728.37 16.69 793.50 5.67
10765.00 16.36 804.93 6.19
10801.37 16.33 812.12 6.28
10837.81 16.37 820.56 2.94
10874.25 16.38 825.31 2.91
10910.68 16.56 828.31 3.62
10947.25 16.29 831.25 10.92
10983.62 16.36 828.43 2.81
11020.12 16.47 823.75 4.10
11056.50 16.48 819.93 4.93
11093.00 16.60 812.06 4.58
11129.56 16.65 803.25 7.70
11165.93 16.74 791.25 6.41
11202.31 16.72 777.93 8.76
11238.68 16.70 764.56 8.84
11275.12 16.79 748.68 8.25
11311.50 16.62 733.43 5.64
11347.93 16.74 714.00 8.93
11384.25 16.68 694.68 9.99
11420.68 16.70 676.43 9.63
11457.12 16.80 653.93 9.88
11493.56 16.60 636.87 8.02
11530.06 16.67 614.18 10.20
11566.43 16.55 599.31 12.19
11603.00 16.54 573.68 9.31
11639.37 16.69 555.56 12.98
11675.93 16.42 534.93 8.63
11712.25 16.34 516.62 8.04
11748.81 16.29 499.68 9.73
11785.18 16.28 483.43 7.49
11821.68 16.49 471.25 7.97
11858.18 16.28 457.81 5.61
11894.50 16.27 445.81 4.65
11931.00 16.27 436.06 4.66
11968.25 17.22 426.75 4.42
12004.75 17.33 421.37 3.04
12041.18 17.17 417.56 7.53
12077.62 17.33 416.06 3.58
12114.12 17.46 415.81 4.02
12150.50 17.43 417.43 3.28
12186.93 17.54 422.06 4.46
12223.31 17.36 425.68 6.04
12259.75 17.50 435.18 5.52
12296.06 17.43 447.37 11.10
12332.50 17.43 453.43 8.44
12368.81 17.65 466.31 5.88
12405.31 17.36 481.87 9.26
12441.68 17.53 497.75 8.05
12478.12 17.38 511.37 10.62
12514.62 17.35 530.75 7.60
12551.00 17.52 549.81 13.29
12587.62 17.27 572.00 18.53
12623.93 17.32 586.00 8.62
12660.37 17.27 609.25 15.25
12696.81 17.18 624.43 8.80
12733.18 17.43 643.06 12.60
12769.68 17.06 661.25 7.88
12806.18 17.09 680.62 9.56
12842.62 17.11 697.00 7.52
12879.06 17.10 714.25 8.43
12915.50 17.30 731.56 14.45
12952.06 17.08 742.12 10.71
12988.43 17.16 753.68 8.59
13024.87 17.22 768.31 5.50
13061.31 17.23 776.25 4.17
13097.75 17.22 786.06 4.08
13134.25 17.34 792.68 4.28
13170.68 17.48 797.37 3.28
13206.93 17.46 800.18 3.47
13243.43 17.40 801.18 3.11
13279.75 17.63 799.81 4.32
13316.25 17.34 798.12 3.12
13352.62 17.50 794.62 5.21
13388.93 17.46 788.25 3.77
13425.37 17.38 780.62 5.67
13461.81 17.58 771.31 6.22
13498.37 17.26 760.06 6.16
13534.75 17.33 748.87 6.67
13571.12 17.33 735.25 6.25
13607.62 17.27 719.87 8.62
13644.06 17.47 703.93 8.06
13680.43 17.22 688.37 8.78
13717.00 17.18 671.93 12.05
13754.18 16.68 652.87 8.63
13790.56 16.56 637.00 8.83
13827.18 16.77 616.43 7.63
13863.62 16.57 600.62 5.36
13900.00 16.63 583.00 8.40
13936.43 16.59 564.50 7.54
13972.87 16.64 547.62 7.49
14009.43 16.66 532.68 7.12
14045.81 16.66 517.31 6.61
14082.31 16.83 503.81 6.75
14118.75 16.95 490.18 12.49
14155.18 16.93 479.25 5.42
14191.50 17.15 470.12 6.06
14227.93 16.93 459.81 3.83
14264.37 17.03 452.50 4.14
14300.75 16.95 447.56 3.08
14337.12 16.91 444.31 3.12
14373.50 17.15 441.56 2.85
14409.93 16.93 442.00 3.43
14446.31 16.96 442.25 3.70
14482.81 16.90 442.43 10.84
14519.12 16.83 452.00 4.37
14555.62 17.03 456.56 4.43
14592.87 17.40 463.37 6.52
14629.25 17.28 472.93 6.04
14665.75 17.31 484.37 7.37
14702.12 17.21 496.93 7.78
14738.68 17.41 509.68 8.86
14775.12 17.19 524.75 8.28
14811.50 17.13 539.12 7.68
14848.00 17.18 553.06 9.45
14884.43 17.18 568.50 8.79
14920.87 17.17 586.68 8.23
14957.50 17.17 604.56 9.61
14993.75 17.23 618.87 8.59
15030.25 17.27 636.06 8.83
15066.68 17.29 652.00 7.36
15103.00 17.35 668.93 8.19
15139.62 17.43 683.06 12.93
15176.00 17.48 699.37 9.27
15212.37 17.52 712.43 6.54
15248.81 17.45 722.50 9.12
15285.18 17.66 735.50 5.73
15321.62 17.43 746.93 6.23
15358.00 17.48 756.87 7.03
15394.37 17.52 761.50 5.25
15430.81 17.45 767.43 4.30
15467.25 17.60 771.00 5.55
15503.68 17.34 775.75 3.88
15540.06 17.34 777.93 4.02
15576.68 17.37 777.25 4.66
15613.00 17.34 776.00 4.98
15649.50 17.51 770.75 5.31
15685.93 17.34 767.62 3.71
15722.31 17.19 758.62 7.34
15758.87 17.22 754.37 9.74
15795.25 17.13 743.31 7.25
15831.75 17.18 731.93 8.48
15868.31 17.22 722.25 7.75
15904.56 17.13 708.93 5.40
15941.18 17.20 695.75 7.64
15977.56 17.19 681.81 7.57
16014.68 18.36 667.87 7.59
16051.12 18.24 650.87 7.72
16087.62 18.48 636.43 8.47
16124.12 18.53 620.87 8.44
16160.62 18.54 604.75 8.94
16196.93 18.67 589.68 8.17
16233.37 18.44 574.00 8.16
16269.75 18.63 562.43 8.04
16306.12 18.53 545.87 6.90
16342.62 18.54 534.18 7.87
16378.93 18.67 519.93 7.17
16415.31 18.43 509.62 7.56
16451.75 18.50 498.56 6.80
16488.18 18.43 495.31 18.34
16524.62 18.34 480.56 4.57
16561.12 18.52 476.25 3.72
16597.50 18.43 470.75 4.56
16634.00 18.40 465.87 8.14
16670.43 18.33 468.75 16.14
16707.62 17.70 464.87 5.97
16744.87 17.72 462.31 5.07
16781.31 17.61 466.81 6.38
16817.81 17.62 470.75 5.60
16854.31 17.57 476.75 4.35
16890.68 17.58 483.37 3.39
16927.00 17.65 489.93 4.44
16963.62 17.50 498.68 5.61
17000.62 18.87 509.18 6.65
17037.12 18.87 521.00 6.50
17073.56 18.82 534.56 6.43
17109.93 18.91 546.75 8.24
17146.56 18.89 559.68 7.38
17182.81 19.02 571.68 7.81
17219.25 19.04 586.31 8.29
17255.68 18.95 601.62 8.17
17292.06 19.16 616.12 7.95
17328.50 18.90 631.75 7.30
17364.75 18.95 644.31 8.27
17401.25 19.04 658.31 7.65
17437.62 18.94 672.12 5.60
17474.12 19.10 685.25 7.07
17510.50 18.84 696.25 7.07
17546.87 18.85 708.00 6.68
17583.56 18.85 717.18 5.84
17619.87 18.82 727.81 7.09
17656.31 18.85 734.81 5.49
17693.43 18.60 742.12 6.06
17729.81 18.63 748.37 7.30
17766.37 18.63 753.87 3.81
17802.75 18.55 754.68 5.65
17839.12 18.52 755.81 3.99
17875.68 18.49 755.75 3.36
17912.00 18.57 756.18 3.89
17948.62 18.63 751.81 3.70
17985.12 18.68 745.68 8.68
18021.43 18.75 742.62 4.82
18057.87 18.61 735.87 5.65
18094.25 18.76 731.00 8.76
18130.87 18.89 717.62 8.75
18167.31 18.81 710.43 6.90
18203.68 19.02 698.75 6.17
18240.00 18.75 687.75 7.31
18276.37 18.82 670.68 12.76
18312.87 18.89 663.31 6.68
18349.25 18.81 649.37 8.24
18385.68 19.02 637.50 9.31
18421.93 18.82 621.93 11.50
18458.43 18.75 607.31 9.15
18495.06 18.71 596.81 7.77
18531.31 18.70 583.50 7.26
18568.62 18.19 569.43 7.78
18605.00 18.14 557.50 8.43
18641.43 18.04 545.81 7.80
18678.00 18.10 537.50 13.13
18714.37 18.04 524.00 7.40
18750.68 18.07 515.43 6.05
18787.12 18.03 505.81 6.28
18823.68 17.98 501.56 6.60
18860.06 18.19 494.06 5.56
18896.68 17.98 489.50 4.02
18932.87 17.99 485.37 4.61
18969.43 18.01 483.81 2.92
19005.93 18.15 483.18 4.35
19042.37 18.21 483.31 2.20
19079.62 18.53 485.18 3.13
19116.00 18.62 490.18 5.93
19152.43 18.69 492.37 4.04
19188.87 18.61 500.81 7.90
19225.37 18.77 503.87 4.47
19261.68 18.64 512.00 4.87
19298.06 18.74 519.56 9.85
19334.43 18.69 531.00 6.08
19370.87 18.61 542.50 8.01
19407.25 18.84 552.25 7.29
19443.62 18.65 562.87 6.34
19480.06 18.71 576.93 7.28
19516.56 18.58 586.93 7.29
19553.62 18.31 600.87 7.16
19590.06 18.52 612.62 8.61
19626.50 18.36 626.62 8.42
19662.93 18.28 639.62 8.56
19699.50 18.25 647.37 9.69
19735.87 18.27 663.25 7.10
19772.25 18.51 673.18 7.94
19808.81 18.20 684.75 6.13
19845.18 18.20 694.56 6.91
19881.75 18.23 702.12 7.78
19918.00 18.18 711.31 5.17
19955.43 17.53 718.75 4.28
19991.93 17.54 725.37 3.10
20028.31 17.61 729.43 3.18
20065.25 18.25 734.62 5.19
20101.62 18.24 738.93 5.95
20139.06 20.01 737.37 2.82
20175.43 19.92 736.06 4.37
20211.93 20.09 736.81 2.81
20248.12 19.93 735.87 3.00
20284.62 20.04 732.37 6.39
20321.00 20.01 727.18 4.52
20357.37 19.93 721.31 4.99
20393.75 20.19 714.68 5.37
20430.12 19.93 703.75 10.69
20466.68 19.97 697.62 6.53
20503.12 19.88 688.06 8.16
20539.56 19.79 680.06 7.46
20576.06 19.92 672.31 10.76
20612.37 19.82 658.18 7.29
20648.81 19.79 645.62 7.75
20685.31 19.89 635.31 6.62
20721.87 19.71 624.43 7.52
20758.25 19.82 610.62 8.31
20794.62 19.65 601.00 6.85
20831.06 19.62 588.56 8.32
20867.62 19.72 576.56 8.41
20904.06 19.54 565.87 6.53
20940.56 19.64 557.43 8.04
20976.87 19.63 548.56 6.40
21013.25 19.61 538.37 6.05
21049.87 19.77 530.56 6.65
21086.25 19.68 522.75 5.60
21123.43 21.36 515.81 5.76
21159.68 21.36 510.06 4.97
21196.12 21.33 507.50 4.15
21232.56 21.44 502.25 6.87
21268.93 21.36 503.31 3.23
21305.18 21.37 500.00 4.03
21341.68 21.36 499.37 6.00
21378.12 21.33 503.31 3.23
21414.50 21.52 505.75 3.72
21450.93 21.36 508.62 3.98
21487.25 21.30 513.75 7.83
21523.81 21.24 520.62 6.66
21560.31 21.19 524.68 4.47
21596.75 21.41 532.87 5.82
21633.18 21.25 540.18 5.71
21669.62 21.12 550.31 4.35
21706.00 21.18 558.93 6.63
21742.43 21.15 570.62 15.43
21778.93 21.32 579.00 7.39
21815.37 21.02 590.37 6.30
21851.75 21.04 597.87 9.91
21888.18 21.08 611.50 7.85
21924.56 21.06 622.43 6.69
21961.18 20.99 633.12 7.60
21997.56 21.11 643.81 5.30
22034.06 21.21 654.62 5.30
22070.43 21.24 665.37 6.22
22106.87 21.37 674.12 6.09
22143.43 21.47 681.62 7.56
22179.81 21.38 690.93 6.89
22216.06 21.39 697.75 4.97
22252.56 21.39 703.68 8.10
22289.00 21.35 708.62 7.09
22325.37 21.54 715.31 4.69
22361.81 21.38 716.43 3.87
22398.06 21.39 720.62 3.53
22434.56 21.39 722.50 3.26
22471.06 21.27 722.18 3.56
22507.50 21.42 719.37 12.28
22543.93 21.22 720.50 2.21
22580.43 21.22 717.93 4.63
22616.81 21.28 713.00 2.60
22653.18 21.19 710.50 7.25
22689.68 21.38 702.56 4.76
22726.25 21.10 697.12 5.07
22762.62 21.13 689.25 4.28
22799.06 21.11 681.31 4.17
22836.12 21.14 670.93 5.56
22872.62 21.09 664.06 6.80
22909.06 21.07 654.81 7.39
22946.25 20.67 645.43 5.35
22982.68 20.83 634.56 6.10
23019.12 20.89 624.25 5.87
23055.62 20.91 614.31 5.96
23092.12 20.97 605.00 7.45
23128.43 21.12 593.93 7.03
23164.93 21.12 583.31 5.44
23201.37 21.08 576.25 8.10
23237.75 21.28 566.18 6.66
23274.25 21.11 553.93 7.62
23310.43 21.12 550.37 4.76
23346.93 21.12 542.25 5.62
23383.37 21.08 534.87 5.94
23419.75 21.28 530.37 4.05
23456.18 21.09 525.37 4.85
23492.50 21.04 521.43 4.23
23529.06 20.99 520.00 3.94
23565.43 20.96 515.43 5.04
23601.93 21.17 516.50 7.15
23638.31 21.03 514.75 3.27
23674.81 20.85 515.56 2.89
23711.25 20.91 519.25 3.07
23747.68 20.87 521.62 3.98
23784.12 20.90 525.12 2.69
23820.62 20.80 527.93 9.74
23856.93 20.74 534.68 4.83
23893.50 20.81 542.43 4.53
23929.93 20.78 549.43 4.81
23966.43 20.77 555.87 7.30
24002.93 20.87 565.62 6.31
24039.18 20.93 573.43 12.32
24075.68 20.93 581.37 6.11
24112.12 21.07 591.56 4.31
24148.62 21.24 600.43 5.27
24185.06 21.05 611.06 6.35
24221.31 21.07 619.50 5.54
24257.75 21.15 629.31 5.67
24294.18 21.05 638.81 5.59
24330.62 21.24 647.31 5.17
24367.00 20.99 656.75 6.59
24403.31 21.07 664.00 4.77
24439.75 21.15 671.37 6.18
24476.25 20.97 678.50 5.90
24512.75 21.11 685.18 4.61
24549.12 20.92 691.68 4.30
24586.25 21.21 696.50 3.12
24622.68 21.32 700.43 3.12
24659.06 21.18 704.93 5.04
24695.50 21.19 706.37 5.09
24731.93 21.13 708.75 5.33
24768.31 21.08 705.75 9.26
24804.87 21.08 708.43 2.53
24841.31 21.09 706.68 3.26
24877.81 21.01 704.56 5.40
24914.25 21.03 701.12 3.60
24950.62 21.11 698.00 7.60
24987.18 21.19 692.81 3.93
25023.56 21.18 687.00 4.36
25060.00 21.25 681.62 6.16
25096.56 21.25 674.18 5.89
25133.56 21.26 665.31 8.43
25170.00 21.31 658.75 5.25
25206.50 21.23 651.00 6.55
25242.87 21.41 637.56 20.14
25279.37 21.20 632.25 5.75
25315.56 21.26 625.81 5.80
25352.00 21.31 617.62 5.24
25388.50 21.23 607.37 6.18
25424.81 21.26 594.68 14.22
25461.37 21.20 590.62 7.50
25497.62 21.18 582.62 6.30
25534.18 21.10 575.62 6.21
25571.00 21.33 566.81 7.81
25607.31 21.43 558.62 4.33
25643.62 21.39 553.75 4.47
25680.18 21.28 544.62 11.34
25716.75 21.28 542.43 4.72
25753.18 21.21 539.12 3.64
25789.50 21.31 533.93 4.07
25826.06 21.12 530.75 3.96
25862.31 21.14 528.18 7.84
25899.00 21.17 530.12 3.28
25935.43 21.10 528.62 3.82
25971.81 21.13 530.00 3.24
26008.37 21.17 530.93 5.41
26044.62 21.25 531.00 6.68
26081.18 21.40 536.18 6.93
26118.31 21.71 539.50 4.73
26154.81 21.96 545.00 4.23
26191.18 21.68 551.12 5.12
26227.43 21.78 556.06 4.02
26263.93 21.87 563.50 4.62
26300.31 21.71 569.31 5.30
26336.75 21.82 577.00 3.20
26373.12 21.77 586.93 11.60
26409.43 21.78 593.87 5.65
26445.93 21.87 602.06 5.21
26482.37 21.62 611.06 5.66
26519.56 21.20 619.43 6.75
26555.93 21.11 624.93 4.90
26592.43 21.09 634.18 5.03
26629.00 21.17 641.43 5.50
26665.37 20.99 649.06 5.46
26701.75 21.06 657.56 4.97
26738.25 20.94 663.37 6.43
26774.62 20.95 669.87 3.98
26811.25 20.95 673.75 5.44
26847.68 20.83 680.68 4.99
26883.93 20.85 684.81 3.24
26920.62 20.79 688.06 4.63
26956.93 20.84 691.12 6.01
26993.50 21.10 695.31 5.36
27029.87 20.92 695.18 6.48
27066.31 21.05 696.18 2.96
27102.87 20.99 693.56 12.53
27139.25 21.20 694.81 3.64
27175.68 21.33 695.12 8.11
27212.06 21.16 690.31 4.78
27248.43 21.24 687.93 4.21
27284.81 21.22 680.68 6.45
27321.25 21.20 679.68 4.96
27357.62 21.28 673.93 3.65
27394.06 21.16 668.00 4.11
27430.37 21.25 661.68 5.64
27466.81 21.17 655.75 5.52
27503.87 20.95 650.93 12.45
27540.50 20.94 641.50 6.20
27576.87 20.96 634.00 5.77
27613.25 21.06 626.00 5.35
27649.62 21.04 617.43 6.90
27686.12 20.85 610.12 6.00
27722.68 20.94 602.12 6.34
27759.12 20.79 595.87 8.64
27795.37 20.84 588.87 8.01
27832.00 20.82 580.93 6.24
27868.18 20.80 574.06 5.19
27904.81 21.05 567.37 5.50
27941.31 20.75 563.25 6.12
27977.68 20.80 559.31 4.55
28014.31 20.84 553.37 5.15
28050.56 20.93 547.62 5.14
28087.06 21.18 546.00 4.03
28123.62 21.09 544.43 2.62
28160.00 21.19 540.62 5.92
28196.37 21.15 540.25 3.77
28232.75 21.16 542.75 6.76
28269.12 21.31 541.37 3.53
28305.62 21.09 541.37 3.06
28341.87 21.21 542.81 3.39
28378.31 21.19 546.50 3.30
28414.68 21.13 550.25 2.93
28451.12 21.31 552.37 4.03
28487.68 21.03 558.12 7.62
28524.00 21.15 564.06 4.60
28560.50 21.08 568.00 5.41
28596.93 21.06 573.81 5.34
28633.43 21.24 580.62 5.17
28669.87 20.97 588.50 6.81
28706.25 20.95 595.87 6.54
28742.81 20.90 601.62 5.46
28779.06 20.89 607.06 8.64
28815.75 21.08 616.81 5.65
28852.18 20.80 623.56 5.81
28888.50 20.81 630.43 5.95
28925.18 20.73 637.81 5.27
28961.43 20.81 645.68 8.30
28998.00 21.13 651.56 6.00
29034.37 20.81 655.87 4.43
29070.87 21.00 662.06 5.33
29107.37 21.15 667.56 6.88
29143.75 21.16 675.25 8.85
29180.12 21.31 675.18 4.35
29216.62 21.09 678.56 4.34
29252.87 21.21 681.68 3.33
29289.31 21.19 682.50 6.62
29325.68 21.13 683.93 7.37
29362.12 21.31 685.43 3.84
29398.56 21.12 685.12 4.28
29434.81 21.24 685.75 3.93
29471.37 21.10 684.50 3.69
29507.81 21.04 676.62 19.76
29544.31 21.14 678.50 7.01
29580.81 21.06 674.25 4.55
29617.12 21.07 671.12 5.11
29653.56 21.13 667.06 6.19
29690.00 20.91 661.50 4.47
29726.62 21.17 656.75 4.47
29763.06 20.89 650.87 4.18
29799.43 20.75 645.43 5.20
29836.00 20.82 639.62 4.81
29872.25 20.71 632.18 7.15
29908.93 20.87 626.56 4.44
29945.31 20.61 619.62 5.30
29981.75 20.71 613.06 6.01
30018.18 20.87 606.00 5.06
30054.62 20.84 598.68 4.36
30091.06 20.80 591.25 5.74
30127.62 20.96 587.31 4.95
30163.87 21.08 580.81 3.70
30200.31 21.06 574.25 8.93
30236.68 21.00 571.18 5.10
30273.18 21.10 564.50 6.70
30309.56 20.99 561.18 3.94
30345.81 21.11 558.06 3.01
30382.31 21.06 555.31 3.90
30418.62 20.96 552.87 6.15
30455.06 21.20 550.87 3.26
30491.68 20.90 550.56 4.09
30527.93 20.94 551.12 4.64
30564.56 21.00 549.62 3.55
30600.87 20.90 550.37 3.39
30637.37 21.20 551.68 3.75
30674.62 19.94 554.81 3.00
30711.00 19.91 558.00 3.24
30747.56 19.88 559.50 5.02
30783.81 19.85 566.31 11.11
30820.62 19.88 567.81 3.56
30856.81 19.76 573.18 4.94
30893.25 19.76 580.93 14.83
30929.81 19.72 584.06 4.79
30966.18 19.76 589.81 4.73
31002.75 19.72 596.12 6.56
31039.12 19.76 603.12 6.27
31075.50 19.97 607.93 4.88
31112.12 20.06 616.31 7.61
31148.43 20.08 620.68 5.75
31184.93 20.17 626.62 4.34
31221.31 20.08 630.93 7.23
31257.56 20.19 639.87 4.85
31294.12 20.06 645.25 3.47
31330.37 20.04 648.18 6.33
31366.81 20.28 654.68 5.06
31403.31 20.08 658.06 4.31
31439.50 20.11 663.31 5.91
31476.18 19.97 666.37 7.33
31512.43 19.95 668.75 3.51
31548.93 20.16 672.25 4.13
31585.50 20.01 675.25 3.33
31621.81 20.01 676.25 6.14
31658.93 19.53 674.75 6.15
31695.31 19.44 676.62 3.08
31731.93 19.67 676.37 2.94
31768.25 19.41 676.37 4.55
31804.62 19.34 673.68 3.04
31841.18 19.37 671.12 3.76
31877.56 19.28 668.37 4.14
31914.06 19.23 665.37 3.14
31950.56 19.20 660.25 3.15
31986.87 19.30 657.68 3.44
32023.43 19.41 652.68 4.41
32059.81 19.40 649.56 5.63
32096.31 19.36 641.87 4.06
32132.87 19.63 636.00 4.73
32169.06 19.65 631.06 5.04
32205.62 19.65 625.50 5.18
32241.93 19.59 619.37 5.26
32278.37 19.82 613.68 5.04
32314.87 19.63 606.87 5.76
32351.06 19.65 602.56 4.24
32387.62 19.65 597.12 6.09
32423.93 19.59 591.75 3.86
32460.37 19.82 584.62 4.92
32496.87 19.65 580.87 4.24
32533.18 19.64 577.06 3.80
32569.75 19.76 572.43 4.46
32606.12 19.60 570.56 4.03
32642.68 19.85 566.56 3.22
32679.00 19.60 563.18 4.49
32715.43 19.56 561.31 3.96
32751.93 19.67 560.31 2.73
32788.31 19.51 558.93 4.04
32824.93 19.37 558.06 3.75
32861.25 19.45 558.62 6.12
32897.68 19.40 559.56 3.48
32934.18 19.51 559.87 3.16
32970.62 19.38 562.12 4.27
33007.93 20.59 564.56 3.14
33044.31 20.61 566.93 2.90
33080.68 20.82 568.37 6.89
33117.25 20.99 573.68 3.07
33153.68 20.94 577.18 4.05
33190.06 21.06 581.81 4.39
33226.56 20.86 587.06 4.38
33262.81 20.99 591.12 5.64
33299.25 20.99 595.18 5.70
33335.68 20.94 599.25 12.09
33372.06 21.06 607.43 4.78
33408.50 20.90 613.12 4.38
33444.81 20.99 620.37 6.56
33481.31 20.89 623.81 4.53
33517.75 20.72 625.62 13.20
33554.25 20.93 634.06 5.19
33590.62 20.80 639.18 4.98
33627.12 20.87 644.31 5.06
33663.56 20.87 650.87 6.48
33700.75 20.47 652.87 6.19
33737.25 20.50 653.37 6.57
33773.62 20.45 660.00 3.76
33810.12 20.47 663.93 3.54
33846.62 20.49 664.75 7.06
33883.00 20.30 668.00 4.21
33919.43 20.29 668.06 3.98
33956.06 20.25 668.37 2.18
33992.93 21.65 669.43 2.69
34029.50 21.75 667.37 2.29
34065.87 21.64 667.56 2.69
34102.31 21.77 666.81 2.77
34139.00 21.80 664.00 2.76
34175.12 21.84 660.62 4.27
34211.62 21.94 659.43 6.55
34248.00 21.80 655.37 2.76
34284.43 22.03 652.12 4.32
34320.93 21.83 647.43 4.08
34357.12 21.84 644.06 3.07
34393.62 21.94 639.75 3.05
34430.00 21.80 635.81 3.78
34466.56 21.84 629.93 3.82
34503.00 21.64 624.75 3.11
34539.31 21.64 619.75 3.85
34576.00 21.65 614.62 3.90
34612.31 21.60 611.50 5.29
34648.75 21.66 604.68 4.12
34685.81 21.68 596.93 10.02
34722.18 21.72 593.50 6.21
34758.81 21.68 591.56 7.01
34795.12 21.65 587.06 3.44
34831.62 21.41 580.62 6.19
34868.06 21.54 579.56 5.01
34904.37 21.53 575.18 4.68
34941.06 21.50 572.12 4.43
34977.50 21.62 570.62 3.48
35013.87 21.71 567.12 9.48
35050.37 21.57 568.37 3.98
35086.62 21.67 566.25 3.72
35123.31 21.93 565.56 2.76
35159.68 21.81 564.81 3.34
35196.12 22.02 566.18 3.47
35232.50 21.79 566.31 1.99
35268.81 21.85 568.68 4.04
35305.31 21.93 571.06 3.87
35341.68 21.81 574.31 2.62
35378.12 22.02 575.50 3.00
35414.43 21.83 578.00 6.05
35450.81 21.85 581.18 5.64
35487.50 21.73 585.81 3.05
35523.75 21.67 589.37 3.42
35561.00 21.52 594.00 3.72
35597.37 21.49 597.62 4.25
35633.87 21.48 602.75 5.65
35670.43 21.51 608.75 5.52
35706.81 21.46 612.25 3.27
35743.12 21.42 617.56 4.58
35779.56 21.43 621.06 4.99
35816.00 21.35 625.31 7.40
35852.62 21.37 630.87 4.20
35889.06 21.27 633.75 7.48
35925.37 21.23 641.18 5.61
35961.93 21.25 643.00 3.60
35998.31 21.40 646.93 2.49
36034.81 21.53 649.81 8.25
36072.00 22.02 652.93 3.71
36108.43 22.13 656.31 5.06
36145.00 22.19 658.00 2.29
36181.31 22.18 658.87 4.95
36217.81 22.34 661.62 4.34
36254.12 22.16 660.00 4.69
36290.50 22.25 661.62 3.33
36326.93 22.23 661.56 2.37
36363.31 22.18 657.00 12.34
36399.81 22.34 658.87 2.09
36436.06 22.14 657.50 3.35
36472.50 22.17 655.93 6.08
36509.00 22.13 654.50 3.74
36546.06 22.13 652.87 6.01
36582.68 22.16 648.00 4.03
36618.93 22.12 644.37 4.36
36655.31 22.12 640.18 4.23
36691.93 22.15 637.75 4.66
36728.18 22.13 633.43 4.36
36764.87 22.10 628.43 7.91
36801.18 22.07 625.18 5.27
36837.50 22.09 618.75 4.30
36874.06 22.14 616.37 4.03
36910.31 22.01 611.56 5.49
36947.00 22.10 608.68 8.94
36983.50 22.11 601.62 4.47
37019.87 22.22 598.25 4.42
37057.00 22.86 593.31 3.90
37093.25 22.93 590.56 8.40
37130.62 24.78 586.50 6.61
37167.06 24.57 584.81 4.48
37203.50 24.79 583.00 7.16
37239.81 24.57 578.87 3.71
37276.25 24.73 576.37 2.94
37312.62 24.78 574.81 3.70
