1.87 0.33 595.00 56.84
50.56 8.90 581.12 16.66
97.12 9.02 532.43 12.35
143.62 8.89 485.43 11.37
190.06 9.06 440.75 17.39
236.56 8.91 395.56 11.23
282.87 8.83 354.25 9.09
329.43 8.96 311.25 9.07
375.87 8.84 273.81 8.79
422.37 8.98 237.12 8.99
468.75 8.87 203.31 7.33
515.12 8.77 175.12 9.94
561.68 8.89 145.81 5.14
608.00 8.80 122.81 6.27
654.43 8.70 100.68 5.02
701.93 9.43 82.56 5.10
748.25 9.32 67.75 5.48
794.81 9.47 59.43 4.89
841.62 9.34 52.68 2.02
888.00 9.44 49.87 3.24
934.56 9.36 52.43 4.68
980.87 9.23 55.37 9.09
1027.56 9.36 66.62 3.53
1073.93 9.21 78.37 4.67
1120.31 9.32 95.37 4.40
1167.68 9.81 114.81 5.39
1214.06 9.63 137.25 5.25
1260.68 9.71 162.62 5.11
1307.12 9.61 191.25 5.91
1353.43 9.47 222.93 9.71
1400.00 9.67 257.25 8.44
1446.31 9.52 291.75 11.89
1493.00 9.57 329.93 8.75
1539.25 9.55 370.25 8.57
1585.75 9.31 410.68 8.30
1632.18 9.58 453.56 12.69
1679.18 10.51 495.93 10.35
1726.37 12.82 547.25 19.77
1772.81 12.85 587.06 13.08
1819.18 12.90 629.62 11.58
1865.68 12.81 672.62 10.70
1912.00 12.79 716.31 10.98
1958.56 12.79 760.50 11.90
2005.06 12.63 801.18 11.78
2051.43 12.82 836.37 13.71
2097.93 12.69 877.37 10.76
2144.81 13.28 913.93 12.38
2191.31 13.29 948.87 9.83
2237.75 13.19 981.00 8.12
2284.25 13.29 1009.75 8.50
2330.68 13.22 1035.31 6.74
2377.06 13.16 1058.31 6.05
2423.62 13.14 1079.06 5.39
2470.00 13.07 1094.81 5.19
2516.62 13.11 1108.93 4.49
2562.87 13.13 1120.68 4.42
2609.31 13.04 1127.81 2.65
2655.93 13.23 1129.62 3.51
2702.43 13.88 1128.75 8.98
2749.06 13.80 1126.81 4.39
2795.37 13.79 1120.68 4.09
2841.81 13.95 1110.68 3.85
2888.25 13.77 1096.50 6.24
2934.62 13.82 1079.25 6.28
2981.12 13.80 1062.75 10.95
3027.50 13.76 1039.37 6.89
3074.06 13.61 1012.43 7.63
3120.43 13.68 985.06 9.38
3166.87 13.70 953.87 9.69
3213.37 13.80 928.37 21.11
3259.75 13.64 889.25 10.27
3306.18 13.66 854.50 11.14
3352.68 13.67 816.68 10.07
3399.12 13.58 779.75 11.45
3445.68 13.65 740.43 13.45
3492.00 13.52 699.87 13.03
3538.31 13.49 659.18 12.35
3584.93 13.55 619.06 11.73
3631.31 13.49 578.93 12.55
3678.87 15.39 537.37 13.91
3726.25 18.80 498.56 15.09
3772.68 18.82 460.87 15.44
3819.25 18.79 423.62 13.89
3865.50 18.70 388.68 14.22
3912.18 18.82 354.75 13.64
3958.50 18.70 322.75 13.46
4004.87 18.53 292.50 12.17
4051.50 18.70 265.00 11.84
4097.81 18.55 239.00 9.41
4144.37 18.82 217.18 9.30
4190.62 18.72 198.62 6.81
4237.18 18.54 179.37 9.37
4283.68 18.69 166.68 4.75
4330.06 18.52 157.12 3.14
4376.68 18.68 149.75 3.36
4423.00 18.55 143.00 7.57
4469.37 18.46 146.56 5.49
4516.00 18.55 145.68 2.82
4562.31 18.41 151.06 4.64
4609.00 18.53 157.75 4.26
4655.68 19.56 170.56 7.55
4702.18 19.75 183.06 7.68
4748.75 19.74 199.31 8.79
4795.06 19.60 218.87 8.93
4841.81 19.73 241.00 9.75
4887.93 19.67 265.25 10.71
4934.43 19.66 291.75 13.51
4980.93 19.67 321.62 13.08
5027.37 19.47 350.93 13.52
5074.00 19.62 383.87 14.51
5120.18 19.55 415.93 14.40
5166.68 19.48 451.12 15.21
5213.18 19.63 486.06 15.63
5259.56 19.46 524.31 15.41
5306.18 19.62 558.62 15.45
5352.43 19.52 596.12 16.02
5399.81 19.30 631.93 17.82
5446.31 19.48 674.43 15.66
5492.68 19.29 705.87 14.27
5539.37 19.43 736.43 24.59
5585.56 19.36 776.56 12.74
5631.93 19.24 807.75 12.91
5678.50 19.39 838.12 12.36
5724.81 19.38 871.31 13.79
5771.43 19.35 897.18 11.52
5817.75 19.41 924.06 10.60
5864.12 19.45 948.18 9.99
5910.62 19.34 969.93 7.15
5957.00 19.30 989.06 7.49
6003.75 19.23 1005.18 6.68
6049.93 19.17 1020.62 6.50
6096.43 19.08 1030.75 4.62
6142.93 19.26 1038.37 3.70
6189.31 19.22 1044.06 5.06
6235.81 19.25 1047.00 3.60
6282.18 19.12 1045.93 3.70
6328.68 19.11 1041.56 3.12
6375.62 19.38 1035.06 4.01
6422.00 19.41 1027.62 6.56
6468.62 19.36 1014.81 7.24
6514.93 19.29 1002.37 9.61
6561.37 19.29 983.68 8.11
6607.81 19.28 965.12 9.16
6654.25 19.43 943.12 10.23
6700.87 19.60 923.50 10.90
6747.31 19.61 896.12 12.23
6793.62 19.73 868.87 12.72
6840.06 19.54 840.25 13.50
6886.43 19.56 810.37 13.37
6933.12 19.50 782.81 9.74
6979.43 19.56 745.75 14.78
7025.87 19.54 713.50 15.48
7072.31 19.40 681.43 15.05
7118.75 19.39 646.25 15.10
7165.37 19.44 611.93 13.48
7211.62 19.38 580.31 13.18
7258.25 19.28 546.31 13.61
7304.62 19.31 513.87 13.60
7351.00 19.34 482.25 11.55
7397.50 19.43 451.00 13.59
7443.87 19.33 421.43 10.28
7490.18 19.39 396.25 16.25
7536.68 19.35 367.00 10.42
7583.06 19.38 342.93 9.77
7629.68 19.33 318.68 8.66
7676.06 19.54 300.06 9.47
7722.56 19.77 281.93 10.24
7768.93 19.58 266.50 8.54
7815.31 19.61 251.75 5.39
7861.93 19.61 239.62 4.62
7908.31 19.63 232.81 8.29
7954.75 19.68 223.68 4.65
8001.18 19.47 220.68 3.76
8047.62 19.46 221.00 3.24
8094.18 19.47 222.18 3.24
8140.62 19.54 224.43 7.08
8187.06 19.60 234.31 5.01
8234.25 19.32 243.62 5.06
8280.81 19.27 255.31 6.68
8327.31 19.29 268.81 8.10
8373.75 19.23 286.31 8.70
8420.18 19.20 304.75 9.13
8467.25 18.98 326.50 9.56
8513.75 18.94 348.18 9.75
8560.18 19.00 370.56 11.70
8606.56 18.91 397.50 9.89
8653.06 18.99 425.37 9.62
8699.43 19.24 453.18 11.38
8745.93 19.20 481.81 12.03
8792.43 19.21 512.25 11.76
8838.93 19.22 542.43 12.44
8885.31 19.28 573.87 12.21
8931.62 19.14 604.25 12.08
8978.06 19.14 636.75 16.30
9024.68 19.06 665.81 12.37
9071.18 19.06 695.56 12.08
9117.62 19.08 724.00 12.32
9163.87 19.06 753.93 11.29
9210.93 19.22 782.06 11.61
9257.43 19.21 806.06 10.60
9303.93 19.15 833.68 11.37
9350.37 19.23 850.56 14.46
9396.68 19.16 876.00 8.72
9443.25 19.20 895.62 6.65
9489.81 19.18 913.25 8.20
9536.12 19.05 927.31 8.67
9582.62 19.04 942.75 5.66
9629.81 18.81 953.31 5.37
9676.31 18.97 963.31 5.86
9722.81 19.16 967.87 5.74
9769.25 19.11 973.62 1.90
9815.75 19.17 974.50 3.12
9862.00 19.07 974.43 3.62
9908.50 19.07 970.50 4.18
9955.00 19.03 965.56 3.81
10001.56 18.91 957.75 3.53
10048.00 19.01 948.68 5.49
10094.25 18.90 937.68 6.57
10140.87 18.89 921.75 7.00
10187.25 18.94 906.87 11.75
10233.75 18.93 888.93 9.16
10280.31 18.94 866.93 9.41
10326.56 18.83 846.25 12.67
10373.12 18.86 822.62 11.92
10419.50 18.91 799.18 11.18
10466.00 18.87 774.93 10.60
10512.56 18.88 746.00 11.74
10558.75 18.81 721.75 11.84
10605.25 18.85 692.50 11.28
10651.81 18.97 665.00 12.83
10698.18 19.15 637.43 11.47
10744.81 19.12 609.43 12.07
10791.06 19.00 581.43 11.49
10837.50 19.07 555.31 17.08
10884.00 19.07 525.50 11.87
10930.37 19.04 501.12 12.25
10976.93 19.05 474.75 10.86
11023.12 18.98 450.18 10.43
11069.68 18.94 427.00 8.84
11116.12 18.95 403.31 7.91
11162.68 18.90 383.43 8.12
11209.87 19.57 365.06 8.79
11256.12 19.44 348.25 7.23
11302.68 19.49 334.25 8.38
11349.06 19.45 325.50 17.83
11395.68 19.45 308.37 4.34
11442.12 19.50 299.50 3.22
11488.37 19.45 293.25 3.33
11534.87 19.39 288.31 3.48
11581.31 19.42 285.00 3.18
11627.87 19.44 287.62 6.18
11674.31 19.56 287.37 3.70
11720.56 19.65 291.62 3.60
11767.12 19.62 297.37 2.85
11813.56 19.65 305.87 5.29
11859.93 19.63 316.37 5.63
11906.50 19.65 327.62 6.77
11952.81 19.49 342.00 9.55
12000.06 19.13 360.00 8.01
12046.50 19.14 375.50 7.06
12093.00 19.02 394.56 8.25
12139.50 19.16 415.37 7.91
12185.68 19.18 436.93 8.22
12232.31 19.20 459.37 9.38
12278.68 19.15 483.87 10.34
12325.31 19.08 508.81 10.95
12371.75 19.15 533.68 11.46
12418.06 19.05 558.56 12.09
12464.56 19.12 583.00 11.18
12511.00 19.06 609.18 10.65
12557.50 19.05 634.75 10.56
12603.93 19.09 659.87 10.15
12650.31 19.25 683.12 12.35
12696.81 19.48 710.68 10.38
12743.25 19.28 732.50 10.15
12789.81 19.27 755.25 10.12
12836.25 19.26 778.31 8.72
12882.43 19.16 798.56 7.79
12929.00 19.14 816.81 12.17
12975.56 19.17 835.31 7.33
13022.06 19.05 851.06 7.48
13068.50 19.15 867.06 5.64
13114.87 18.96 879.06 5.55
13161.43 19.07 889.93 4.23
13207.81 19.16 900.62 4.33
13254.37 19.10 908.00 4.58
13300.75 19.15 912.31 3.31
13346.93 19.06 914.37 2.71
13393.56 19.15 915.93 3.21
13440.00 19.13 915.31 3.12
13486.56 19.11 912.56 3.79
13533.00 19.11 907.68 2.80
13579.18 19.06 901.50 4.61
13625.87 19.04 892.06 5.30
13672.18 19.18 882.31 6.64
13718.87 19.33 869.93 6.63
13765.25 19.33 857.37 6.44
13811.56 19.34 841.18 7.11
13858.06 19.42 824.75 5.46
13904.37 19.27 806.56 8.34
13951.06 19.20 789.37 10.17
13998.62 19.56 765.62 8.60
14044.87 19.45 743.87 8.58
14091.50 19.36 721.93 9.90
14137.81 19.48 699.93 8.58
14184.37 19.56 677.62 10.97
14230.81 19.57 654.12 9.69
14277.06 19.39 630.18 9.61
14323.75 19.41 608.25 9.26
14370.06 19.46 583.00 9.80
14416.56 19.48 560.43 10.49
14463.06 19.48 537.12 10.63
14509.31 19.37 514.25 10.13
14555.93 19.37 494.00 8.82
14602.25 19.39 472.68 9.66
14648.93 19.49 453.75 7.00
14695.31 19.68 435.12 9.01
14741.56 19.73 420.93 7.40
14788.25 19.73 404.75 7.30
14834.43 19.60 391.50 5.02
14881.06 19.62 378.56 5.79
14927.43 19.60 369.12 7.01
14973.93 19.63 358.75 6.57
15020.37 19.67 350.93 4.80
15066.68 19.51 344.93 7.99
15113.37 19.46 341.81 2.65
15159.75 19.51 340.50 4.43
15206.00 19.53 341.06 2.84
15252.68 19.46 341.00 5.66
15299.00 19.44 344.43 3.46
15345.50 19.46 350.62 2.62
15392.00 19.49 356.06 5.89
15438.18 19.43 366.75 4.56
15484.87 19.42 377.62 4.85
15531.18 19.39 389.00 5.06
15577.75 19.41 401.50 6.76
15624.18 19.42 415.12 9.52
15670.50 19.57 432.56 8.11
15717.18 19.78 449.68 7.98
15763.43 19.60 469.31 10.91
15810.06 19.60 487.06 8.73
15857.31 19.47 507.87 8.69
15903.56 19.48 527.06 7.63
15951.12 19.04 549.25 9.61
15997.18 18.98 569.18 10.10
16043.93 18.92 591.37 8.58
16090.31 18.86 613.68 9.10
16136.75 18.91 633.93 8.43
16183.31 18.94 656.62 9.34
16229.43 18.94 676.50 10.45
16276.18 18.87 696.68 8.29
16322.56 18.82 716.12 7.45
16368.87 18.72 734.87 7.51
16415.43 18.79 754.00 7.73
16461.75 18.76 771.56 7.89
16508.37 18.77 787.12 7.18
16554.75 18.76 802.12 5.70
16601.00 18.69 816.12 5.47
16647.75 18.75 827.68 8.27
16693.93 19.01 838.12 3.79
16740.62 19.00 846.81 6.06
16786.93 19.01 855.12 5.31
16833.37 19.01 860.25 3.58
16879.87 19.13 864.68 4.12
16926.18 18.93 866.18 2.88
16972.81 19.04 866.25 3.83
17019.87 18.54 865.06 3.65
17066.25 18.55 864.68 6.60
17112.93 18.48 856.56 11.55
17159.06 18.43 853.81 3.59
17206.56 19.47 846.93 6.66
17252.93 19.43 835.75 6.00
17299.31 19.43 826.12 5.04
17345.93 19.43 814.56 5.90
17392.12 19.32 801.00 6.40
17438.75 19.36 786.87 5.92
17485.12 19.36 773.06 6.17
17531.50 19.10 755.31 8.18
17578.06 19.18 738.43 7.83
17624.31 19.22 720.00 7.37
17671.00 19.36 702.12 7.75
17717.37 19.53 683.50 9.24
17764.43 18.90 663.31 9.57
17811.06 18.94 643.56 7.87
17857.25 18.88 623.81 7.94
17903.87 18.91 606.00 7.22
17950.25 18.89 585.87 8.44
17996.93 18.86 564.62 9.16
18043.43 18.91 547.37 9.77
18089.68 18.72 528.37 7.66
18136.25 18.77 511.81 8.35
18182.68 18.88 496.12 9.16
18229.06 18.89 479.25 6.58
18275.75 18.81 464.06 8.11
18321.93 18.64 449.87 9.42
18368.62 18.76 437.56 4.85
18414.87 18.75 425.25 4.55
18461.43 18.65 416.81 7.21
18507.93 18.69 407.06 4.16
18554.12 18.56 399.43 3.86
18600.68 18.65 391.87 7.61
18647.12 18.74 388.68 4.75
18693.56 18.81 385.43 3.91
18740.31 18.82 384.31 3.16
18786.50 18.70 386.18 4.10
18833.12 18.79 384.31 5.07
18879.50 18.77 389.00 4.03
18925.87 18.76 396.25 8.54
18972.50 18.83 400.50 5.07
19018.75 18.73 406.93 7.57
19065.31 18.77 419.06 5.51
19111.68 18.71 427.68 5.53
19158.18 18.75 439.12 5.54
19204.81 18.82 449.37 7.65
19250.93 18.77 464.62 7.18
19297.62 18.75 480.12 7.99
19343.93 18.68 497.06 13.87
19390.43 18.64 511.56 7.93
19437.00 18.69 528.00 7.05
19483.25 18.58 545.31 7.80
19529.81 18.62 561.75 8.34
19576.12 18.60 579.68 7.41
19622.68 18.50 597.87 7.86
19669.18 18.70 616.93 9.76
19715.43 18.73 634.06 7.85
19763.18 18.81 652.12 8.31
19809.56 18.83 670.56 9.23
19856.00 18.75 685.00 9.55
19902.50 18.82 702.37 7.33
19948.81 18.70 717.93 6.90
19995.43 18.78 735.25 6.35
20041.75 18.77 750.25 11.17
20088.25 18.75 760.56 4.85
20134.81 18.70 773.18 5.56
20181.06 18.80 783.62 5.45
20227.68 18.81 792.62 4.12
20274.00 18.72 802.25 4.01
20320.62 18.72 807.56 6.33
20367.12 18.65 817.25 4.16
20413.37 18.59 820.12 3.48
20459.93 18.65 823.75 3.75
20506.25 18.55 823.87 2.98
20552.75 18.51 825.25 2.33
20599.25 18.55 824.25 2.05
20645.43 18.48 822.62 3.53
20692.12 18.64 818.12 3.95
20738.56 18.83 812.75 3.60
20785.00 18.75 808.50 8.42
20831.50 18.82 798.68 3.65
20877.75 18.85 790.12 6.19
20924.43 18.94 780.18 4.25
20970.75 18.82 769.93 6.11
21017.25 18.75 756.75 5.72
21063.75 18.77 744.00 6.60
21110.00 18.63 731.00 6.87
21156.68 18.66 717.18 6.57
21202.93 18.79 700.93 7.27
21249.43 18.93 686.50 8.68
21296.00 18.72 669.93 7.23
21342.25 18.58 654.75 7.54
21389.75 19.08 636.00 7.84
21436.06 19.10 620.62 6.97
21482.68 19.07 604.43 8.73
21529.18 18.99 590.25 9.92
21575.37 18.92 571.12 6.96
21622.00 18.87 556.81 6.63
21668.31 19.05 539.93 6.99
21714.81 19.12 524.75 7.72
21761.37 19.20 512.25 5.23
21807.56 19.23 500.43 5.98
21854.18 19.31 486.68 9.33
21900.50 19.21 476.18 5.02
21947.00 19.09 465.06 4.87
21993.62 19.15 456.00 3.89
22039.93 19.13 447.25 5.05
22086.56 19.11 439.12 3.30
22132.68 19.08 433.25 3.58
22179.37 19.18 426.31 10.05
22225.81 19.17 425.87 3.66
22272.12 18.99 422.43 2.83
22318.75 18.91 421.37 2.23
22365.50 19.59 424.62 4.59
22412.06 19.58 423.75 2.80
22458.50 19.48 426.12 3.26
22504.87 19.37 430.00 5.43
22551.43 19.34 436.37 4.41
22597.62 19.48 443.75 4.72
22644.31 19.41 449.50 5.48
22690.68 19.46 459.18 4.99
22737.12 19.70 467.81 7.45
22783.68 19.76 481.87 7.64
22830.00 19.71 490.68 5.75
22876.50 19.57 503.56 5.33
22922.93 19.58 514.12 6.42
22969.37 19.70 528.68 7.01
23015.93 19.72 542.81 8.80
23062.18 19.67 560.12 7.65
23108.75 19.46 574.50 14.83
23155.18 19.51 587.00 7.26
23201.62 19.63 601.93 7.35
23248.18 19.66 618.25 7.13
23294.31 19.51 633.43 7.16
23341.00 19.51 647.00 5.81
23387.43 19.51 662.12 5.63
23433.81 19.56 677.06 6.11
23480.43 19.55 688.87 4.57
23527.50 18.79 703.31 5.32
23574.18 18.69 715.50 4.76
23620.50 18.69 727.43 5.60
23667.00 18.77 738.18 3.59
23713.56 18.99 747.31 5.73
23759.81 19.02 757.25 3.78
23806.43 18.90 763.75 8.93
23852.75 18.92 772.06 4.05
23899.12 18.95 778.12 3.44
23945.75 18.96 783.56 3.62
23992.00 18.99 790.25 9.44
24038.62 18.76 789.43 2.37
24085.00 18.79 789.62 6.07
24131.50 18.81 792.37 5.42
24178.12 18.87 794.31 18.52
24224.25 18.96 788.50 4.85
24271.00 18.76 784.06 3.21
24317.25 18.72 779.81 4.57
24364.50 19.69 774.31 4.07
24411.00 19.75 768.62 5.72
24457.12 19.81 760.75 9.88
24504.37 19.53 751.56 5.44
24550.68 19.64 743.06 4.07
24597.00 19.58 731.81 5.31
24643.68 19.50 722.68 6.74
24689.81 19.68 708.87 6.35
24736.68 19.67 698.18 5.16
24782.93 19.82 683.68 7.18
24829.25 19.77 671.93 9.52
24875.93 19.71 659.87 6.25
24922.06 19.82 641.93 11.58
24968.81 19.68 631.87 7.97
25015.12 19.65 617.31 6.29
25061.56 19.71 603.50 6.92
25108.18 19.58 590.56 6.41
25154.37 19.69 577.56 5.57
25202.00 20.90 565.31 7.30
25248.18 20.91 550.75 5.30
25294.75 20.97 539.68 6.92
25341.37 20.84 526.62 5.71
25387.62 20.98 516.81 8.95
25434.12 20.85 506.93 4.78
25480.50 20.90 496.75 3.85
25527.00 20.85 487.43 3.66
25573.50 20.80 480.12 3.90
25619.68 20.96 473.93 6.06
25666.43 20.79 468.12 3.30
25712.75 21.04 465.68 7.58
25759.18 21.09 459.56 2.60
25805.75 20.96 457.62 5.09
25851.93 21.04 454.75 2.75
25898.62 20.90 453.50 2.37
25944.93 21.00 453.06 12.64
25991.50 21.04 455.06 2.77
26038.00 20.88 457.93 3.21
26084.18 20.95 461.43 3.12
26130.81 20.80 469.00 5.24
26177.68 21.83 475.68 13.22
26224.12 21.85 478.50 3.62
26270.75 21.76 486.75 5.28
26317.00 21.70 494.31 4.52
26363.62 21.64 503.25 3.83
26409.93 21.86 514.93 5.98
26456.50 21.64 524.87 7.42
26503.68 21.79 535.37 6.04
26549.87 21.80 546.25 5.90
26596.43 21.67 558.37 6.80
26642.81 21.84 569.50 5.29
26689.31 21.76 581.87 8.45
26735.93 21.93 595.12 8.11
26782.12 22.08 606.43 6.78
26828.75 21.90 619.68 6.11
26875.00 22.01 632.68 9.31
26921.43 21.93 643.93 5.89
26968.00 21.94 657.06 8.47
27014.37 21.89 665.93 15.95
27060.81 21.75 678.37 5.60
27108.00 21.19 690.12 5.83
27154.50 21.06 700.50 5.59
27201.00 21.26 710.50 5.33
27247.25 21.26 719.62 4.62
27293.87 20.98 726.68 5.82
27340.25 21.26 735.50 5.74
27386.81 21.02 742.62 9.26
27433.18 21.18 748.50 6.05
27479.56 21.12 753.06 5.09
27526.12 20.96 756.75 4.56
27572.37 21.24 760.68 4.66
27619.12 20.93 760.43 3.69
27665.43 21.17 763.00 2.53
27711.81 21.32 762.12 3.18
27758.50 21.17 760.87 3.18
27804.62 21.38 758.50 3.28
27851.25 21.13 756.37 4.15
27897.56 21.15 752.56 7.85
27944.00 21.31 748.43 4.81
27990.62 21.12 741.68 5.55
28036.93 21.23 736.81 3.54
28083.75 20.95 727.62 5.16
28130.12 20.85 721.50 4.70
28177.31 22.53 712.43 5.02
28223.81 22.34 703.43 5.81
28270.12 22.37 693.25 5.03
28316.56 22.43 682.93 5.36
28363.06 22.36 674.93 12.33
28409.43 22.44 660.81 7.29
28456.00 22.26 647.37 10.67
28502.31 22.39 639.62 9.96
28549.00 22.29 627.37 6.55
28595.18 22.34 614.62 6.75
28641.56 22.22 604.68 6.43
28688.25 22.25 593.56 6.82
28734.62 22.51 583.93 11.82
28781.25 22.41 570.62 10.43
28827.43 22.46 557.75 9.05
28873.93 22.39 550.50 5.42
28920.50 22.43 540.37 5.61
28966.81 22.39 528.93 9.00
29013.43 22.34 526.43 7.80
29059.68 22.35 514.43 4.36
29106.18 22.32 507.31 4.10
29152.87 22.45 499.18 7.86
29199.06 22.45 498.12 6.96
29245.56 22.52 491.00 2.60
29292.00 22.34 485.75 5.09
29338.50 22.29 488.37 12.62
29385.00 22.26 482.68 3.65
29431.25 22.37 485.68 17.55
29478.00 22.29 479.93 2.68
29524.18 22.34 483.81 4.77
29570.56 22.40 482.62 3.26
29617.18 22.19 484.75 3.17
29663.43 22.40 487.93 3.68
29710.18 22.41 491.56 4.39
29756.43 22.46 496.00 2.92
29802.81 22.44 502.43 4.47
29849.50 22.43 507.62 4.34
29895.68 22.48 517.25 6.46
29942.37 22.34 522.18 4.77
29988.62 22.39 529.87 5.20
30035.18 22.27 539.62 4.54
30081.75 22.32 549.93 6.99
30127.93 22.32 558.87 8.53
30174.62 22.44 568.06 6.04
30220.93 22.42 578.68 6.08
30267.50 22.43 588.50 6.48
30313.93 22.37 598.50 7.19
30361.06 23.60 610.06 7.36
30407.62 23.57 620.00 6.62
30454.00 23.49 630.62 6.70
30500.50 23.56 639.93 7.79
30546.93 23.44 651.18 6.04
30593.18 23.57 660.68 6.94
30639.87 23.45 668.68 5.72
30686.12 23.55 680.43 4.24
30732.68 23.78 687.00 4.70
30779.25 23.64 698.75 9.13
30825.43 23.72 702.93 4.72
30872.06 23.62 709.56 4.06
30918.31 23.62 715.18 4.05
30964.81 23.56 725.50 18.93
31011.50 23.53 725.87 3.41
31057.75 23.56 730.18 2.81
31104.31 23.50 731.31 8.65
31150.81 23.72 735.00 3.72
31197.37 23.82 736.93 3.90
31243.75 23.75 740.00 6.80
31290.06 23.84 736.68 3.01
31336.68 23.71 736.50 3.34
31383.00 23.67 736.18 3.54
31429.50 23.77 728.75 11.85
31476.00 23.66 728.87 4.03
31522.25 23.70 726.06 2.95
31568.87 23.63 721.12 3.79
31615.18 23.60 715.50 2.62
31661.75 23.75 709.93 6.03
31708.25 23.78 701.62 5.52
31754.56 23.81 695.31 5.99
31801.12 23.73 687.25 5.79
31847.37 23.75 679.18 5.43
31893.87 23.86 667.93 9.91
31940.43 23.71 661.75 5.18
31986.75 23.74 651.87 5.60
32033.31 23.67 643.25 5.61
32079.68 23.60 632.50 5.54
32126.25 23.70 624.56 5.13
32172.75 23.75 615.93 6.63
32219.06 23.92 605.18 5.80
32265.62 23.67 594.62 6.15
32311.87 23.64 586.43 4.70
32358.56 23.78 578.00 5.88
32404.93 23.70 569.75 5.52
32451.18 23.87 560.50 5.30
32498.68 24.01 551.43 9.51
32544.93 24.01 543.18 5.47
32591.43 24.10 535.93 5.55
32637.93 24.00 529.68 3.98
32684.18 24.08 525.43 5.30
32731.00 24.07 519.00 3.99
32777.18 24.11 516.62 2.74
32823.68 24.19 510.06 2.95
32870.18 24.11 507.37 2.93
32916.43 24.13 505.93 2.86
32963.06 24.03 503.87 3.20
33009.37 24.02 503.43 2.60
33056.00 24.07 502.06 2.17
33102.43 23.99 503.68 4.69
33148.75 24.00 504.68 3.14
33195.43 24.05 507.43 5.24
33241.62 24.07 508.12 8.65
33288.25 24.08 512.43 3.91
33334.75 24.05 517.25 4.04
33381.12 24.12 521.18 3.97
33427.50 24.06 525.31 4.03
33474.00 24.12 532.87 5.38
33520.50 24.09 538.25 5.08
33566.87 24.05 545.68 5.01
33613.12 24.03 554.37 6.03
33659.87 23.98 562.75 10.73
33706.12 24.11 567.81 3.83
33752.75 24.19 580.75 11.86
33799.12 24.14 587.68 5.82
33845.50 24.11 595.06 6.72
33892.00 24.08 602.43 5.93
33938.37 23.99 611.37 5.91
33984.93 24.12 620.68 5.43
34031.37 24.02 628.56 5.01
34077.68 24.01 637.31 5.44
34124.25 23.96 645.68 5.58
34171.50 24.11 648.75 20.35
34218.12 24.19 661.68 5.98
34264.50 24.06 669.12 5.23
34310.93 24.14 675.75 4.94
34357.50 24.03 683.43 3.98
34403.75 24.14 689.31 3.98
34450.37 24.04 696.87 4.88
34496.75 24.07 700.75 4.22
34543.12 24.23 703.50 4.95
34589.62 24.03 709.25 3.86
34636.81 23.71 712.81 4.60
34683.50 23.70 714.31 2.78
34729.87 23.78 716.87 5.28
34776.31 23.83 718.81 2.72
34822.87 23.78 717.06 5.11
34869.00 23.71 717.62 3.76
34915.68 23.75 716.50 2.78
34962.00 23.69 717.68 6.65
35008.62 23.57 712.62 2.50
35055.06 23.55 710.37 2.96
35101.31 23.51 707.25 6.59
35148.50 23.85 701.56 3.30
35194.81 23.96 698.31 4.44
35241.18 24.07 693.18 3.91
35288.68 22.84 687.62 6.95
35335.06 22.94 680.56 4.29
35381.68 22.87 675.43 4.61
35427.93 22.89 668.50 3.94
35474.43 22.97 660.87 6.52
35520.93 22.83 653.81 6.84
35567.18 22.92 644.62 5.84
35614.43 22.84 636.62 3.97
35660.68 22.86 629.37 4.91
35707.12 23.10 619.62 6.66
35753.75 22.99 613.81 4.81
35799.93 22.99 605.37 5.28
35846.56 22.98 596.68 4.37
35892.87 22.90 589.31 4.78
35939.31 22.91 582.00 4.61
35985.87 22.79 574.81 4.77
36032.18 22.67 569.12 6.30
36078.75 22.78 563.62 3.82
36125.18 22.68 555.50 4.64
36171.68 22.90 550.37 3.28
36218.12 22.85 544.56 4.06
36264.93 22.41 542.06 5.35
36311.50 22.58 535.31 2.52
36357.87 22.55 530.81 2.32
36404.25 22.62 528.43 2.60
36450.81 22.46 526.43 5.72
36497.18 22.54 521.56 5.72
36543.87 22.43 522.18 3.15
36590.00 22.52 521.31 3.04
36636.43 22.60 521.37 3.08
36683.93 23.30 520.25 3.23
36731.18 24.93 522.43 4.08
36777.93 24.90 525.56 6.12
36824.06 24.91 527.43 3.92
36870.62 24.98 531.00 4.66
36917.06 24.80 534.62 6.38
36963.50 24.74 538.12 2.55
37010.06 24.79 543.31 3.55
37056.31 24.74 547.81 4.79
37103.87 24.31 552.31 4.48
37151.00 24.63 559.18 4.33
37197.18 24.74 564.87 4.30
37243.87 24.87 571.06 5.01
37290.18 24.76 577.68 3.25
37336.87 24.86 584.06 5.19
37383.25 24.68 587.56 17.28
37429.50 24.72 599.43 4.81
37476.37 24.64 606.87 5.22
37522.43 24.70 613.75 5.78
37568.87 24.92 621.62 7.85
37616.12 24.74 627.87 5.42
37662.87 25.48 636.87 4.54
37710.25 26.36 642.87 5.01
37756.31 26.33 649.25 4.82
37802.75 26.47 654.75 5.76
37849.37 26.29 662.06 4.02
37895.62 26.37 667.81 4.16
37942.37 26.29 672.93 4.26
37988.50 26.20 678.43 4.96
38035.18 26.14 684.00 4.55
38082.12 26.06 689.12 5.96
38128.50 26.12 692.31 3.82
38175.00 26.35 694.31 4.21
38221.25 26.20 697.12 4.17
38268.62 25.86 698.31 2.76
38315.00 25.84 701.00 3.32
38362.25 27.07 700.25 3.17
38408.81 27.04 699.75 2.68
38455.12 27.06 701.18 4.14
38501.68 26.99 700.50 4.87
38548.18 27.03 698.18 2.98
38594.37 26.96 695.56 2.71
38641.06 26.84 692.87 2.71
38687.37 27.09 690.50 3.41
38733.81 27.31 687.37 3.37
38780.43 27.19 683.87 3.72
38826.62 27.21 678.18 4.57
38873.37 27.04 673.93 4.18
38919.50 27.14 669.06 3.60
38966.00 27.08 664.75 5.30
39012.56 26.88 655.87 6.20
39058.93 26.93 647.81 21.92
39105.56 26.95 644.62 5.31
39151.81 27.01 641.06 20.78
39198.50 27.05 630.43 4.86
39244.87 26.98 625.18 6.68
39291.25 27.13 618.12 6.01
39338.31 27.88 612.31 4.00
39384.56 27.80 604.56 6.57
39431.06 27.92 599.31 3.64
39477.62 27.76 592.56 3.52
39523.87 27.71 586.50 5.80
39570.56 27.77 579.81 3.84
39616.75 27.76 573.37 3.69
39664.00 28.83 571.31 5.33
39711.18 29.99 563.56 4.02
39757.50 29.92 557.12 3.53
39804.18 29.96 553.81 5.49
39850.43 29.97 551.31 3.69
39896.93 30.15 546.62 3.12
39943.37 29.84 544.18 3.13
39989.68 29.78 540.37 2.74
40036.43 29.76 540.37 3.59
40083.31 29.88 537.50 2.74
40130.06 29.97 535.62 6.10
40176.37 29.91 538.25 14.30
40222.68 29.94 536.12 2.89
40269.37 29.95 538.12 4.03
40315.50 29.86 539.31 6.24
40362.25 29.91 539.25 3.33
40408.56 29.89 542.68 2.95
40454.87 29.93 546.62 5.81
40502.56 30.12 547.43 3.04
40548.62 30.09 551.56 3.54
40595.31 30.22 555.87 4.34
40641.68 30.20 558.81 4.50
40688.06 30.30 564.75 3.82
40734.68 30.30 567.56 4.50
40780.93 30.33 574.06 4.04
40827.50 30.52 579.43 4.29
40873.87 30.23 585.06 4.62
40920.18 30.21 590.18 4.17
40966.87 30.15 595.93 4.39
41013.12 30.18 601.06 5.61
41059.87 30.13 611.25 5.17
41106.12 30.07 615.81 4.80
41152.43 30.05 622.31 4.96
41199.25 30.17 627.62 7.10
41245.43 30.20 632.93 4.79
41292.06 30.20 638.81 5.76
41339.12 31.31 645.43 4.92
41385.43 31.33 649.68 3.96
41432.00 31.26 654.43 4.37
41478.81 31.56 662.93 13.07
41525.37 31.47 664.12 4.21
41571.75 31.58 669.31 3.53
41618.12 31.60 673.50 3.14
41664.75 31.50 678.00 4.82
41711.06 31.81 678.50 2.98
41757.68 31.72 682.25 4.51
41803.93 31.62 682.68 2.71
41850.25 31.68 684.43 4.08
41896.87 31.51 685.93 2.17
41943.18 31.72 686.31 5.29
41989.81 31.64 686.18 3.61
42036.18 31.40 686.18 2.27
42082.62 31.42 684.56 3.71
42129.18 31.37 685.12 4.11
42175.62 31.59 682.75 5.99
42222.12 31.61 680.75 3.29
42268.43 31.48 675.62 7.31
42314.87 31.71 673.43 6.07
42361.50 31.45 671.18 3.30
42407.75 31.65 667.87 3.64
42454.37 31.51 664.37 3.72
42500.75 31.58 661.62 5.81
42547.06 31.60 654.25 3.70
42593.62 31.43 648.50 5.43
42640.00 31.70 645.12 5.95
42686.62 31.75 639.75 4.74
42732.93 31.76 633.25 4.75
42779.31 31.74 628.37 4.26
42825.87 31.57 621.87 5.18
42872.25 31.69 616.31 4.47
42918.75 31.67 613.25 4.59
42965.06 31.50 605.93 5.75
43011.50 31.47 600.31 5.81
43058.18 31.37 594.37 4.09
43104.50 31.50 590.93 8.07
43151.87 32.00 583.12 5.63
43198.12 31.91 580.37 4.09
43244.62 32.02 575.25 3.68
43291.18 31.89 571.62 4.21
43337.62 32.03 567.00 4.60
43384.18 31.96 560.43 7.86
43430.37 32.01 560.37 2.71
43477.56 32.61 558.31 3.51
43524.12 32.45 554.31 3.93
43570.31 32.59 552.43 2.60
43617.81 32.75 549.81 4.97
43664.12 32.76 549.93 5.47
43710.56 32.91 550.25 4.29
43757.18 32.72 548.31 4.34
43803.43 32.82 548.75 2.14
43850.00 32.87 550.56 3.02
43896.31 32.77 551.37 3.33
43942.68 32.70 552.75 2.90
43989.37 32.56 553.06 10.20
44035.75 32.53 555.50 6.24
44082.31 32.65 560.37 4.55
44128.56 32.54 562.12 6.04
44175.06 32.64 564.37 4.00
44221.62 32.60 568.56 3.46
44268.75 32.45 574.25 3.77
44315.43 32.72 575.56 6.83
44362.62 31.41 582.18 4.07
44409.06 31.28 586.43 4.77
44455.68 31.47 590.87 4.34
44502.00 31.31 595.18 4.64
44548.62 31.29 601.93 6.12
44594.81 31.42 606.68 4.16
44641.31 31.34 611.81 3.94
44687.81 31.38 616.25 3.38
44734.18 31.49 621.50 3.94
44780.81 31.50 625.62 10.29
44827.00 31.54 631.00 4.09
44873.56 31.40 636.12 5.34
44920.00 31.37 641.12 3.02
44966.43 31.27 644.12 2.80
45013.00 31.33 648.31 3.95
45059.25 31.29 653.18 5.87
45105.87 31.04 656.81 3.91
45152.31 31.22 660.43 3.12
45198.75 31.26 664.00 4.09
45245.31 31.35 665.87 3.02
45291.50 31.38 665.00 13.11
45338.56 30.78 671.37 4.87
45385.12 30.90 673.18 3.30
45431.31 30.88 673.18 3.19
45478.12 30.78 675.31 2.71
45524.25 30.88 670.87 9.26
45570.75 30.82 675.18 3.26
45617.31 30.90 674.12 2.40
45664.37 31.94 673.87 3.52
45711.93 33.30 672.93 3.05
45758.12 33.35 671.37 9.03
45804.62 33.29 668.81 2.90
45851.06 33.26 666.06 2.44
45897.43 33.24 665.00 3.04
45944.00 33.27 661.25 2.88
45990.31 33.17 657.81 2.67
46037.00 32.92 654.25 4.58
46084.18 33.14 653.18 12.84
46130.56 33.22 646.31 7.21
46177.18 33.28 640.93 5.15
46223.37 33.32 637.62 4.10
46269.93 33.20 633.68 3.67
46316.37 33.21 630.06 5.19
46362.81 33.29 623.06 8.55
46409.37 33.30 620.87 4.51
46455.68 33.44 616.31 4.34
46502.25 33.29 610.31 5.26
46548.75 33.37 606.06 4.98
46595.06 33.42 601.50 4.21
46641.75 33.34 597.12 5.65
46687.93 33.57 592.81 3.79
46734.50 33.51 588.31 3.80
46780.93 33.43 584.00 4.14
46827.25 33.47 581.68 6.08
46873.93 33.35 574.43 12.13
46920.06 33.46 573.50 5.22
46966.62 33.31 571.12 4.51
47014.00 32.81 567.50 5.00
47060.50 32.76 567.81 2.77
47107.00 32.81 565.56 3.30
47153.31 32.85 562.25 2.51
47200.00 32.77 560.12 2.69
47246.31 32.82 560.06 1.82
47292.75 32.88 560.81 4.85
47340.00 32.36 560.68 3.92
47386.31 32.35 558.81 7.55
47432.87 32.24 561.68 4.37
47479.31 32.36 561.12 3.64
47525.75 32.27 562.81 2.51
47572.18 32.24 563.50 3.34
