1.93 0.24 564.68 74.67
20.62 8.89 498.62 51.12
37.18 8.73 415.81 44.69
53.37 8.94 337.06 41.00
70.25 8.76 264.18 35.89
86.50 8.68 199.25 30.52
102.93 8.85 143.81 23.62
119.43 8.70 95.31 19.09
135.62 8.91 66.87 10.28
152.25 9.02 45.12 4.29
168.62 9.16 36.62 5.79
184.87 9.13 37.37 10.70
201.93 8.98 55.25 18.01
218.56 9.19 78.62 24.68
235.00 9.05 118.87 30.91
251.50 9.20 167.81 33.58
267.75 9.15 222.62 37.40
284.18 9.03 287.62 45.96
300.56 9.19 357.75 40.98
316.93 9.08 429.93 45.72
333.50 9.20 505.12 28.95
350.06 9.10 586.18 44.39
366.56 8.94 669.37 41.61
382.93 9.13 746.68 39.32
399.18 9.05 820.25 36.78
415.81 9.14 889.00 32.95
432.00 9.10 950.43 28.56
448.50 8.97 1006.62 23.01
464.81 9.14 1052.81 18.25
481.31 9.00 1087.75 12.37
497.93 8.84 1116.06 6.47
514.25 9.01 1130.25 2.86
530.68 8.89 1134.87 6.37
547.06 9.05 1129.25 12.97
563.37 8.98 1111.18 17.03
580.00 8.82 1085.12 22.05
596.18 9.04 1050.68 27.17
612.62 8.92 1004.12 26.00
629.37 8.99 951.31 35.37
645.62 8.94 888.25 35.80
662.31 8.73 826.93 32.74
678.56 8.94 756.56 39.75
694.87 8.83 685.50 38.78
711.43 8.96 616.68 34.39
727.62 8.94 545.12 38.04
744.12 8.77 476.37 34.80
760.56 8.94 411.56 31.67
776.81 8.86 353.00 27.55
793.93 8.88 294.56 23.30
810.18 8.81 250.87 19.79
826.56 8.72 210.81 15.30
843.06 8.85 181.43 10.75
859.18 8.81 161.56 6.15
875.93 8.88 150.56 3.28
892.06 8.85 149.56 6.68
908.68 8.66 159.31 10.46
925.18 8.76 175.12 16.44
941.43 8.69 202.50 20.72
958.00 8.56 236.68 24.82
974.31 8.73 281.75 27.54
990.68 8.66 330.81 30.39
1007.18 8.76 385.25 32.77
1023.43 8.69 442.50 33.69
1040.00 8.56 506.37 34.17
1056.31 8.73 569.68 34.05
1072.81 8.62 634.31 34.52
1089.37 8.70 696.75 31.85
1105.56 8.66 756.62 29.09
1122.12 8.52 812.56 27.36
1138.50 8.69 866.62 27.22
1154.81 8.85 912.12 20.53
1171.43 8.94 952.75 18.51
1187.75 8.93 984.93 13.31
1204.18 9.02 1008.93 6.47
1220.75 8.97 1027.62 8.32
1236.93 8.92 1032.43 3.10
1253.62 8.98 1030.68 7.97
1269.81 8.94 1022.81 14.18
1286.25 9.08 1003.12 17.73
1302.68 8.98 975.87 20.99
1318.81 8.94 941.06 23.28
1335.56 9.01 901.50 26.14
1351.87 8.94 855.00 27.58
1368.25 8.84 805.00 28.38
1384.81 8.94 751.25 31.17
1400.93 8.90 691.75 32.60
1417.56 9.01 638.68 31.13
1433.87 8.94 581.12 30.48
1450.25 8.84 525.43 30.05
1466.81 8.94 473.25 28.11
1483.12 8.82 421.68 23.43
1499.68 8.96 376.06 21.48
1516.06 8.85 338.87 18.52
1532.56 8.70 303.18 13.17
1549.00 8.86 277.00 9.42
1565.18 8.79 258.68 4.54
1581.75 8.93 243.87 3.33
1598.06 8.85 239.62 5.68
1614.37 8.74 245.68 8.32
1631.06 8.86 254.50 11.20
1647.25 8.78 277.68 19.49
1663.81 8.90 298.50 18.15
1680.12 8.84 331.68 20.74
1696.43 8.73 368.75 23.94
1713.06 8.86 412.06 25.25
1729.18 8.81 457.00 27.73
1745.81 8.90 506.43 27.61
1762.06 8.86 556.25 27.66
1778.50 8.75 608.50 27.47
1795.12 8.88 659.68 26.42
1811.37 8.81 709.00 25.15
1827.75 8.68 755.68 22.45
1844.25 8.85 799.37 20.35
1860.43 8.78 838.50 18.01
1877.06 8.91 869.81 12.43
1893.37 8.81 900.62 11.47
1910.00 8.59 923.50 8.55
1926.62 8.72 939.12 3.41
1942.87 8.64 948.25 2.82
1959.43 8.77 949.37 5.26
1975.75 8.68 944.68 9.64
1992.18 8.52 930.62 12.47
2008.62 8.72 913.37 14.13
2024.87 8.64 889.12 18.81
2041.43 8.77 858.62 19.55
2057.81 8.65 823.56 21.49
2074.12 8.53 786.06 23.34
2090.75 8.69 742.75 24.13
2107.00 8.60 698.62 24.81
2123.50 8.72 652.06 24.63
2139.87 8.64 606.93 25.32
2156.25 9.00 561.06 24.22
2172.75 8.93 516.50 23.01
2189.12 8.91 473.75 19.74
2205.68 8.98 438.62 20.17
2222.06 8.96 404.50 15.57
2238.37 8.87 373.93 13.36
2254.87 9.00 352.00 10.34
2271.18 8.92 332.06 6.80
2287.62 8.99 321.06 4.55
2304.06 8.96 314.18 2.77
2320.31 8.90 314.75 4.81
2336.81 8.97 321.43 7.13
2353.25 8.89 334.00 11.35
2369.75 8.95 354.75 15.29
2386.18 8.92 376.68 16.01
2402.50 8.83 405.56 17.37
2419.00 8.93 441.43 23.19
2435.25 8.89 473.43 21.06
2451.75 8.95 511.18 22.05
2468.18 8.92 551.12 21.72
2484.62 8.77 592.12 23.34
2501.12 8.87 633.37 21.35
2517.50 8.77 676.43 21.19
2533.93 8.87 713.06 19.74
2550.31 8.85 747.81 18.87
2566.68 8.74 782.31 15.09
2583.12 8.87 811.31 12.63
2599.43 8.80 835.62 10.69
2615.93 8.87 854.87 7.20
2632.31 8.86 870.75 4.81
2648.68 8.71 879.68 3.01
2665.06 8.86 883.43 3.20
2681.43 8.82 882.00 6.34
2697.93 8.63 873.56 8.36
2714.31 8.86 860.06 10.53
2730.62 8.74 843.12 13.28
2747.06 8.86 821.50 15.29
2763.43 8.82 794.56 17.57
2780.06 8.60 763.31 18.76
2796.37 8.82 731.87 19.84
2812.68 8.74 697.87 15.34
2829.25 8.85 659.25 19.90
2845.62 8.77 623.75 19.38
2862.06 8.60 586.87 18.24
2878.37 8.82 553.87 20.75
2894.68 8.74 517.06 17.32
2911.31 8.84 483.06 15.89
2927.93 8.73 456.62 12.74
2944.31 8.63 431.18 11.32
2960.68 8.79 409.68 8.81
2977.12 8.70 394.00 5.41
2993.56 8.81 380.62 5.51
3009.93 8.73 375.31 2.42
3026.25 8.68 373.62 3.06
3042.68 8.79 376.56 6.09
3059.06 8.70 385.37 7.82
3075.62 8.75 397.93 9.46
3092.00 8.73 417.06 14.39
3108.31 8.63 436.06 13.90
3124.81 8.73 461.06 15.07
3141.12 8.69 486.43 17.40
3157.68 8.98 518.25 18.34
3174.06 8.96 550.12 18.47
3190.37 8.91 583.87 19.92
3207.00 8.99 616.37 18.33
3223.25 8.96 649.18 17.51
3239.81 9.01 679.93 16.77
3256.18 8.99 709.93 16.85
3272.50 8.94 738.06 12.59
3289.00 8.99 764.18 11.30
3305.25 8.96 785.12 8.87
3321.81 9.01 800.87 7.07
3338.12 9.00 815.37 5.36
3354.68 8.86 825.37 2.76
3371.12 8.97 829.43 2.67
3387.37 8.92 828.62 10.24
3403.81 9.04 826.25 6.47
3420.25 8.97 817.81 8.35
3436.68 8.86 805.18 11.38
3453.00 8.98 788.93 11.60
3469.37 8.92 769.00 12.89
3485.93 9.01 744.75 13.81
3502.43 8.87 721.12 16.80
3518.75 8.75 695.25 16.35
3535.12 8.89 661.25 15.84
3551.50 8.86 634.37 15.42
3568.00 8.71 605.75 16.70
3584.43 8.87 575.81 14.41
3600.68 8.78 548.37 13.45
3617.12 8.89 520.81 12.09
3633.50 8.86 500.37 14.13
3650.06 8.70 475.93 10.38
3666.37 8.85 456.93 7.69
3682.68 8.79 443.37 5.58
3699.18 8.88 432.25 4.07
3715.50 8.86 428.00 7.68
3732.06 8.70 421.93 2.16
3748.37 8.85 422.12 3.65
3764.68 8.79 427.43 5.98
3781.37 8.87 435.93 8.81
3797.62 8.82 447.93 8.92
3814.06 8.73 463.37 10.49
3830.43 8.86 482.06 12.14
3846.81 8.77 503.50 14.03
3863.37 8.87 526.87 13.67
3879.62 8.82 552.18 14.00
3896.06 8.73 579.25 15.29
3912.43 8.85 602.31 16.19
3928.93 8.78 630.25 11.06
3945.43 8.84 655.56 12.84
3961.68 8.84 680.37 12.67
3978.12 8.72 703.68 11.26
3994.50 8.86 725.56 9.54
4010.87 8.79 746.75 12.64
4027.31 8.67 758.56 6.10
4043.68 8.84 772.18 4.40
4060.12 8.73 782.00 3.24
4076.68 8.79 786.62 2.29
4092.93 8.76 788.06 2.97
4109.43 8.63 788.37 13.23
4125.81 8.78 780.68 6.54
4142.18 8.72 772.81 7.92
4158.75 9.02 760.43 11.47
4175.00 8.99 744.81 10.23
4191.62 9.11 727.37 12.81
4208.00 9.07 709.62 14.81
4224.43 8.99 687.06 13.86
4240.81 9.08 664.87 12.04
4257.12 9.03 638.06 13.43
4273.56 9.18 617.06 12.76
4290.00 9.07 594.25 13.47
4306.37 8.98 572.56 14.18
4322.81 9.08 547.81 13.57
4339.12 9.03 527.75 10.04
4355.56 8.93 511.06 8.88
4372.06 9.04 495.18 7.21
4388.37 8.94 480.81 6.26
4404.81 9.04 471.12 4.53
4421.12 9.03 465.12 4.44
4437.56 8.93 458.62 2.69
4454.06 9.04 458.93 1.95
4470.25 8.98 462.93 6.51
4486.87 9.04 466.25 4.64
4503.31 8.93 475.87 7.08
4519.87 8.78 484.25 9.34
4536.18 8.92 500.93 9.68
4552.43 8.87 519.18 9.84
4568.93 9.01 532.93 13.29
4585.31 8.93 556.50 11.10
4601.87 8.78 575.62 11.83
4618.18 8.92 597.62 12.95
4634.43 8.87 617.37 9.50
4650.93 9.01 639.37 10.68
4667.25 8.95 658.75 16.38
4683.75 8.83 678.25 9.86
4700.06 8.96 696.31 8.44
4716.43 8.87 712.06 6.82
4732.93 9.01 725.56 5.25
4749.25 8.95 736.43 4.01
4765.68 8.83 744.37 3.35
4782.18 8.95 749.75 2.59
4798.50 8.89 753.68 2.97
4815.00 8.76 751.37 6.79
4831.37 8.93 748.06 7.85
4847.75 8.80 745.43 8.72
4864.18 8.95 736.68 6.57
4880.50 8.89 725.68 7.55
4897.00 8.76 712.31 7.92
4913.43 8.92 698.43 10.71
4929.81 8.83 679.75 10.37
4946.31 8.94 662.68 10.38
4962.62 8.88 644.50 9.06
4979.12 8.76 624.93 11.05
4995.43 8.90 606.06 10.07
5011.81 8.83 587.75 10.31
5028.31 8.94 570.68 10.03
5044.62 8.88 553.81 9.48
5061.12 8.72 538.31 8.59
5077.50 8.88 521.93 6.61
5093.81 8.82 511.18 9.11
5110.31 8.98 502.12 4.37
5126.68 8.86 495.50 2.76
5143.00 8.78 489.75 1.71
5159.43 8.89 488.87 2.26
5175.87 9.05 489.06 3.66
5192.37 9.00 490.18 11.38
5208.75 9.17 500.56 5.33
5225.18 9.05 508.56 6.30
5241.62 8.96 518.81 7.22
5257.93 9.11 531.68 8.28
5274.37 9.00 544.75 8.53
5290.68 8.94 560.31 8.56
5307.18 9.05 576.50 9.74
5323.62 8.96 590.81 12.00
5339.93 9.11 610.62 10.46
5356.37 9.00 627.68 8.84
5372.75 8.91 643.00 10.54
5389.18 9.05 659.93 8.47
5405.68 8.89 674.68 6.22
5421.93 9.09 689.37 6.71
5438.37 9.00 699.00 5.48
5454.75 8.91 709.00 4.95
5471.18 9.05 716.37 3.02
5487.68 8.88 722.43 4.80
5504.18 8.98 726.18 3.05
5520.50 8.92 727.31 4.51
5536.93 8.83 728.75 10.38
5553.31 8.98 720.75 4.37
5569.62 8.94 715.31 5.23
5586.18 8.98 707.81 5.57
5602.50 8.92 697.93 6.70
5618.93 8.83 683.31 12.86
5635.37 8.96 673.06 7.67
5651.68 8.87 660.00 8.29
5668.00 9.05 644.81 10.07
5684.50 8.92 629.93 8.75
5700.93 8.83 614.81 11.16
5717.31 8.95 599.37 7.52
5733.62 8.86 584.50 7.46
5749.93 8.83 570.68 6.36
5766.50 8.92 557.18 5.18
5783.00 8.84 547.00 7.40
5799.37 8.96 536.12 4.44
5815.75 8.89 526.68 5.06
5832.06 8.81 520.87 2.32
5848.56 8.93 515.37 3.74
5864.93 8.82 515.43 2.60
5881.25 9.00 514.43 2.42
5897.68 8.96 516.62 3.48
5914.06 8.83 521.43 5.79
5930.62 8.92 528.31 6.21
5946.87 8.86 533.25 5.89
5963.37 8.98 543.31 7.04
5979.75 8.95 555.25 9.00
5996.06 8.83 564.62 7.62
6012.50 8.97 577.75 7.24
6028.81 8.88 594.18 15.47
6045.37 8.98 603.87 7.57
6061.75 8.92 619.68 7.97
6078.12 8.82 633.00 12.28
6094.56 8.95 645.31 6.96
6110.93 8.84 658.50 7.65
6127.37 8.98 668.62 6.38
6143.68 8.90 676.93 5.57
6160.12 8.82 687.81 5.22
6176.50 8.94 693.81 3.15
6193.06 8.90 701.06 6.41
6209.43 9.03 704.00 3.14
6225.81 8.94 704.87 3.77
6242.25 8.86 703.56 2.89
6258.68 9.00 701.56 3.54
6275.06 8.88 697.12 3.95
6291.43 9.03 693.50 6.10
6307.81 8.94 684.81 6.10
6324.25 8.86 677.31 6.37
6340.62 9.02 667.00 7.30
6357.00 8.95 658.81 8.36
6373.37 9.07 644.00 7.17
6389.81 8.94 632.50 8.11
6406.25 8.86 620.25 7.46
6422.62 9.02 609.06 8.00
6438.93 8.97 595.12 6.75
6455.31 9.09 583.75 6.11
6471.68 9.00 573.18 5.58
6488.25 8.87 563.68 4.77
6504.81 8.95 555.06 4.07
6521.06 8.90 547.25 3.11
6537.43 8.79 542.06 4.44
6554.00 8.88 537.31 2.57
6570.31 8.84 536.50 1.94
6586.75 8.93 534.68 1.49
6603.00 8.88 534.37 2.26
6619.43 8.79 535.50 7.42
6636.00 8.88 542.31 3.55
6652.31 8.84 545.62 5.48
6668.68 8.93 553.75 6.45
6685.00 8.88 561.00 6.16
6701.43 8.79 574.56 11.85
6718.00 8.88 582.50 7.73
6734.25 8.81 588.37 9.12
6750.68 8.93 602.31 8.00
6767.00 8.88 612.18 5.36
6783.50 8.81 624.31 7.23
6800.00 8.92 634.00 5.98
6816.25 8.91 644.43 5.82
6832.75 8.95 652.43 7.56
6849.12 8.92 662.25 3.66
6865.50 8.81 668.68 8.64
6881.87 8.96 676.06 2.63
6898.18 8.92 683.31 9.41
6914.68 9.00 684.56 3.77
6931.18 8.92 687.68 1.69
6947.43 8.86 687.18 2.60
6963.87 8.96 683.12 11.96
6980.25 8.92 682.68 4.57
6996.56 8.80 679.50 6.27
7013.12 8.89 674.62 5.86
7029.43 8.86 668.18 5.35
7045.81 8.95 660.68 5.74
7062.37 8.89 651.93 6.01
7078.62 8.79 642.75 6.30
7095.18 8.88 632.68 6.03
7111.50 8.85 624.50 6.20
7127.87 8.93 614.68 6.44
7144.37 8.89 602.37 7.19
7160.62 8.79 593.25 6.31
7177.18 8.88 585.25 4.64
7193.56 8.88 577.56 4.56
7210.06 9.00 565.25 16.34
7226.50 8.94 564.18 3.91
7242.75 8.84 558.56 3.72
7259.25 8.95 554.75 2.08
7275.56 8.97 552.06 2.25
7292.06 9.00 551.75 2.70
7308.37 8.95 550.31 2.20
7324.75 8.84 551.12 5.51
7341.12 9.00 554.50 3.64
7357.56 8.97 558.50 3.46
7374.00 9.04 562.50 4.29
7390.37 8.95 570.50 5.78
7406.75 8.84 575.06 9.01
7423.06 9.00 584.68 4.65
7439.56 8.97 592.00 7.59
7455.81 9.06 599.50 5.59
7472.31 8.93 609.31 5.44
7488.87 8.80 618.37 9.65
7505.37 8.91 626.87 6.02
7521.75 8.91 635.81 4.68
7538.00 8.76 642.56 4.30
7554.50 8.87 649.50 3.52
7570.93 8.78 654.25 8.20
7587.37 8.91 661.93 4.13
7603.68 8.88 667.37 2.69
7620.00 8.76 669.93 2.10
7636.50 8.87 672.37 7.66
7652.93 8.78 672.18 2.27
7669.37 8.91 673.25 2.56
7685.68 8.88 671.75 2.01
7702.00 8.76 668.81 7.12
7718.50 8.87 664.06 3.33
7734.81 8.84 658.25 5.64
7751.25 8.94 653.87 4.66
7767.56 8.89 648.62 4.81
7784.00 8.80 640.62 4.99
7800.62 8.92 633.37 5.28
7816.87 8.87 624.56 6.93
7833.31 8.96 617.31 4.25
7849.62 8.92 608.00 5.12
7866.00 8.80 600.68 4.95
7882.50 8.90 595.31 4.98
7898.87 8.87 588.00 4.42
7915.18 8.97 582.12 6.53
7931.62 8.92 576.00 3.64
7948.00 8.80 571.25 3.07
7964.56 8.89 568.43 2.57
7980.87 8.87 566.37 5.17
7997.12 8.75 563.50 2.50
8013.62 8.92 563.18 5.81
8030.00 8.80 564.06 2.51
8046.43 8.93 565.06 3.11
8062.81 8.90 569.43 5.20
8079.18 8.73 570.93 2.38
8095.75 8.90 575.50 5.97
8112.06 8.79 580.25 3.77
8128.50 8.92 586.25 4.10
8144.81 8.90 592.81 5.45
8161.12 8.77 600.18 4.86
8177.68 8.91 606.00 4.85
8194.00 8.89 614.50 3.67
8210.50 9.01 621.50 5.31
8227.00 8.99 628.81 4.84
8243.25 8.88 636.18 6.03
8259.81 8.97 640.25 7.50
8276.06 8.92 644.06 7.03
8292.50 9.01 650.93 3.15
8308.93 9.00 655.25 2.84
8325.18 8.85 657.37 2.00
8341.75 8.94 659.81 2.98
8358.06 8.92 661.87 1.49
8374.50 9.01 659.56 7.53
8390.93 9.00 664.81 12.65
8407.18 8.85 657.87 4.08
8423.75 8.94 656.00 3.68
8440.06 8.92 654.25 6.40
8456.50 9.01 648.75 3.96
8472.87 8.96 643.25 3.96
8489.31 8.82 638.37 3.76
8505.81 8.94 632.37 4.58
8522.18 8.94 628.31 7.02
8538.68 8.98 619.50 3.77
8555.06 8.91 615.00 4.81
8571.37 8.80 606.81 3.99
8587.81 8.94 600.25 5.06
8604.18 8.94 595.31 3.92
8620.43 8.83 591.37 6.75
8637.00 8.92 587.06 3.49
8653.37 8.80 582.31 2.20
8669.81 8.94 580.00 3.92
8686.18 8.94 576.62 3.31
8702.43 8.83 573.68 2.76
8719.00 8.92 571.87 7.42
8735.25 8.87 572.00 6.44
8751.81 8.94 574.62 2.17
8768.12 8.95 576.56 2.29
8784.43 8.83 579.87 4.36
8801.06 8.95 581.75 3.07
8817.31 8.90 583.31 5.72
8833.87 8.96 589.93 4.11
8850.18 8.98 595.43 4.14
8866.43 8.83 600.62 3.44
8883.06 8.95 605.87 7.30
8899.31 8.90 612.25 5.27
8915.87 8.96 614.18 8.62
8932.12 8.94 621.81 7.60
8948.43 8.83 628.00 4.51
8965.06 8.95 633.68 3.99
8981.31 8.90 638.87 2.59
8997.75 9.01 641.62 3.72
9014.12 8.94 645.68 2.89
9030.43 8.83 646.81 5.17
9047.00 8.98 650.75 2.44
9063.31 8.97 650.62 6.79
9079.68 8.78 652.87 2.93
9096.18 8.94 652.00 1.27
9112.50 8.82 649.25 3.61
9129.06 8.97 649.50 2.81
9145.31 8.97 645.43 3.28
9161.68 9.04 644.12 3.10
9178.18 8.94 639.62 3.77
9194.43 8.94 633.50 6.36
9211.12 9.01 632.62 6.30
9227.43 9.04 628.56 5.94
9243.81 9.11 622.75 5.17
9260.37 9.05 618.12 7.34
9276.50 8.96 611.37 4.15
9293.06 9.02 607.62 4.00
9309.43 9.04 601.12 3.04
9325.75 9.14 596.62 2.57
9342.31 9.00 592.06 7.23
9358.50 8.96 590.43 2.57
9375.06 9.02 587.68 2.69
9391.37 9.05 583.00 7.12
9407.68 8.93 584.18 3.75
9424.31 9.00 581.87 4.12
9440.50 8.96 581.93 4.72
9457.00 9.04 580.81 3.11
9473.37 9.05 580.62 3.48
9489.75 8.92 584.25 2.46
9506.31 9.02 586.75 2.08
9522.56 9.02 585.37 11.91
9539.18 9.01 593.43 3.57
9555.50 9.03 597.00 3.18
9571.81 8.90 601.68 6.34
9588.31 9.02 605.25 4.23
9604.56 9.02 610.43 2.89
9621.06 9.07 616.00 17.68
9637.50 9.03 620.93 3.80
9653.75 8.87 625.37 5.65
9670.25 9.00 628.81 6.79
9686.56 9.02 631.06 3.13
9703.06 9.07 635.81 2.72
9719.50 9.03 638.68 2.91
9735.75 8.87 641.06 2.16
9752.18 9.01 642.18 1.63
9768.56 9.02 642.81 7.33
9785.06 9.13 644.37 1.87
9801.50 9.02 643.87 3.22
9817.68 8.98 642.81 2.32
9834.31 9.07 645.06 4.96
9850.56 9.06 641.18 2.48
9866.93 8.93 642.62 7.07
9883.50 9.02 637.00 3.26
9899.68 8.98 633.87 3.76
9916.31 9.07 629.37 2.85
9932.62 9.05 627.75 3.88
9948.87 8.94 621.87 4.68
9965.43 9.03 617.81 3.41
9981.68 8.98 611.62 5.86
9998.31 9.07 609.00 3.68
10014.62 9.05 608.06 3.49
10030.87 8.94 602.50 3.00
10047.37 9.06 597.93 2.22
10063.68 9.05 595.37 3.20
10080.25 9.05 593.62 2.89
10096.68 9.05 590.93 5.43
10112.87 8.90 590.68 2.82
10129.50 9.05 588.31 4.09
10145.68 9.05 586.50 2.18
10162.25 9.05 588.43 3.06
10178.62 9.06 587.50 2.09
10194.93 8.95 589.06 3.85
10211.62 9.13 591.31 1.86
10227.81 9.13 596.93 3.80
10244.25 9.21 597.87 4.95
10260.75 9.14 601.81 6.46
10276.93 9.09 604.00 6.61
10293.56 9.14 604.56 7.76
10309.81 9.13 609.75 2.59
10326.12 9.00 615.25 4.21
10342.75 9.14 615.12 7.24
10359.06 9.02 620.81 3.17
10375.50 9.14 622.62 3.41
10391.81 9.13 628.68 4.82
10408.06 9.02 630.68 3.27
10424.75 9.14 633.18 1.63
10441.06 9.02 635.43 1.62
10457.50 9.14 637.06 2.49
10473.81 9.13 638.18 2.27
10490.12 9.01 635.81 10.49
10506.81 9.17 638.50 1.54
10523.06 9.04 638.06 2.11
10539.56 9.10 637.31 2.14
10555.93 9.12 636.56 2.24
10572.25 9.00 634.68 4.34
10588.81 9.17 634.00 2.94
10604.93 9.12 631.75 2.41
10621.50 9.10 628.31 3.23
10637.87 9.13 625.50 3.81
10654.25 9.00 623.06 3.42
10670.75 9.12 620.87 7.33
10686.93 9.12 616.25 2.51
10703.37 9.18 610.43 6.22
10719.87 9.13 610.62 5.21
10736.25 9.00 606.43 2.18
10752.68 9.14 601.50 9.82
10768.93 9.12 601.75 4.24
10785.43 8.96 599.06 2.93
10801.93 9.17 595.87 1.93
10818.25 9.04 593.62 3.95
10834.68 9.18 593.50 1.73
10851.00 9.16 592.93 2.30
10867.37 8.99 593.37 2.34
10883.93 9.17 594.31 2.36
10900.25 9.04 594.12 2.00
10916.68 9.18 596.31 2.78
10933.00 9.16 597.00 2.40
10949.37 8.99 599.50 1.90
10965.93 9.17 602.50 2.52
10982.18 9.00 605.50 4.72
10998.68 9.18 605.81 2.01
11015.00 9.16 609.43 2.50
11031.31 9.03 612.62 3.95
11047.87 9.20 616.50 4.60
11064.06 9.16 619.81 4.88
11080.68 9.14 620.93 2.10
11097.00 9.17 623.31 3.50
11113.37 9.03 626.37 3.30
11129.87 9.16 628.06 5.51
11146.06 9.16 631.93 9.57
11162.68 9.14 627.81 11.52
11179.00 9.17 632.93 1.75
11195.37 9.03 632.12 6.02
11212.00 9.25 634.68 1.99
11228.18 9.24 635.00 2.69
11244.75 9.22 634.06 2.02
11261.06 9.21 632.81 2.19
11277.37 9.08 632.00 3.22
11294.00 9.25 630.56 3.26
11310.18 9.24 628.12 2.80
11326.68 9.24 625.56 2.26
11343.06 9.21 623.31 5.98
11359.37 9.08 622.37 3.06
11375.93 9.26 619.18 2.48
11392.12 9.20 617.68 4.21
11408.68 9.24 614.37 2.89
11425.06 9.21 611.06 2.13
11441.37 9.08 610.25 6.00
11457.93 9.26 607.75 6.06
11474.12 9.20 603.68 2.02
11490.56 9.33 602.06 4.45
11507.06 9.24 599.93 1.89
11523.31 9.24 598.00 1.70
11539.93 9.22 598.37 2.18
11556.12 9.20 599.37 2.71
11572.50 9.08 598.31 2.89
11589.06 9.24 598.62 4.62
11605.31 9.24 598.93 2.97
11621.87 9.22 599.31 2.64
11638.12 9.20 602.25 5.78
11654.50 9.08 601.31 3.74
11671.06 9.24 603.12 2.03
11687.25 9.24 604.31 4.19
11703.81 9.22 602.37 19.91
11720.12 9.20 609.93 3.78
11736.50 9.08 613.06 3.15
11753.06 9.24 613.37 2.44
11769.25 9.24 616.00 2.34
11785.87 9.26 619.37 2.26
11802.18 9.25 620.68 2.44
11818.56 9.12 622.75 1.98
11835.00 9.26 626.25 4.58
11851.25 9.24 626.81 2.53
11867.81 9.28 627.81 1.94
11884.18 9.25 628.18 3.57
11900.56 9.12 633.62 11.61
11917.06 9.24 630.93 6.62
11933.25 9.24 631.50 4.94
11949.68 9.37 630.62 2.69
11966.18 9.25 632.12 4.78
11982.43 9.20 629.87 3.02
11999.06 9.24 628.62 2.29
12015.25 9.24 628.06 8.66
12031.56 9.12 625.06 2.22
12048.12 9.28 624.25 1.68
12064.43 9.29 622.00 11.46
12081.06 9.26 618.75 2.61
12097.31 9.24 617.75 2.68
12113.62 9.12 616.31 4.25
12130.18 9.29 614.12 5.98
12146.37 9.29 610.12 1.87
12163.00 9.27 608.43 3.16
12179.31 9.24 606.50 7.81
12195.62 9.12 605.43 5.30
12212.25 9.34 604.81 1.88
12228.43 9.33 603.75 1.75
12245.06 9.32 603.43 1.84
12261.37 9.29 600.81 7.09
12277.68 9.17 602.43 4.36
12294.18 9.29 602.25 3.86
12310.43 9.33 600.50 2.94
12327.00 9.34 600.68 4.12
12343.31 9.30 602.81 2.88
12359.68 9.17 603.75 2.31
12376.18 9.29 605.06 1.56
12392.43 9.33 606.68 3.06
12408.93 9.39 609.43 5.58
12425.31 9.30 610.87 3.84
12441.68 9.17 608.56 12.63
12458.18 9.29 612.18 2.58
12474.43 9.33 614.93 2.38
12490.81 9.42 614.81 4.57
12507.31 9.34 614.50 10.61
12523.68 9.26 619.62 2.26
12540.25 9.30 621.75 2.14
12556.50 9.33 623.93 2.41
12572.75 9.17 624.12 1.45
12589.31 9.34 624.62 4.77
12605.68 9.26 631.25 9.91
12622.18 9.31 627.56 2.06
12638.43 9.29 623.43 17.37
12654.75 9.17 627.25 1.85
12671.31 9.34 625.50 4.57
12687.68 9.26 625.25 6.01
12704.18 9.31 625.06 8.07
12720.43 9.29 623.68 2.80
12736.75 9.17 623.68 3.48
12753.25 9.30 622.56 2.29
12769.56 9.34 620.93 2.59
12786.18 9.31 619.62 2.29
12802.37 9.30 615.18 5.40
12818.75 9.17 613.75 2.31
12835.31 9.34 612.81 2.27
12851.56 9.34 606.87 17.16
12868.12 9.32 610.87 3.62
12884.37 9.30 608.87 2.12
12900.75 9.17 605.62 4.94
12917.25 9.30 606.68 3.27
12933.50 9.33 605.06 2.30
12949.93 9.37 604.00 1.97
12966.37 9.30 605.06 1.75
12982.75 9.17 605.31 5.87
12999.25 9.30 603.56 3.18
13015.50 9.33 603.75 1.82
13031.81 9.13 605.43 3.73
13048.31 9.34 606.68 4.30
13064.68 9.26 603.06 6.29
13081.18 9.31 606.75 1.71
13097.43 9.29 606.93 1.71
13113.87 9.14 608.93 1.89
13130.31 9.34 610.56 5.00
13146.68 9.26 610.43 2.06
13163.18 9.31 610.50 4.12
13179.43 9.29 613.37 2.62
13195.75 9.17 615.56 2.72
13212.31 9.34 613.93 13.03
13228.56 9.34 617.93 5.55
13245.18 9.31 620.56 1.94
13261.50 9.33 621.31 1.40
13277.75 9.17 620.75 6.19
13294.31 9.34 623.68 2.42
13310.56 9.34 625.31 4.15
13327.12 9.32 624.18 2.81
13343.37 9.30 625.43 2.06
13359.75 9.17 626.06 2.58
13376.25 9.30 626.06 3.49
13392.50 9.33 623.68 6.87
13409.06 9.34 622.81 2.21
13425.37 9.30 623.75 1.89
13441.75 9.17 619.12 11.30
13458.25 9.30 621.00 3.55
13474.50 9.33 619.56 2.03
13491.06 9.36 622.25 12.90
13507.31 9.34 616.50 3.14
13523.68 9.26 615.43 1.54
13540.18 9.31 614.37 1.83
13556.56 9.34 612.06 2.33
13572.93 9.11 612.25 2.71
13589.31 9.34 611.62 2.37
13605.68 9.26 609.18 2.48
13622.18 9.31 608.93 2.49
13638.50 9.33 601.93 22.09
13654.81 9.15 609.18 3.76
13671.31 9.34 606.68 3.95
13687.68 9.26 606.00 8.75
13704.18 9.31 605.06 2.77
13720.50 9.33 605.87 4.01
13736.75 9.17 608.68 6.82
13753.31 9.34 606.75 1.92
13769.56 9.34 607.06 1.43
13786.18 9.31 606.75 3.35
13802.37 9.30 607.50 2.72
13818.75 9.17 608.06 2.36
13835.31 9.34 608.62 3.16
13851.56 9.34 611.81 2.19
13868.12 9.32 612.12 4.92
13884.37 9.30 613.93 1.92
13900.75 9.17 616.18 3.49
13917.31 9.34 617.81 2.94
13933.56 9.34 618.00 1.62
13950.06 9.36 618.50 2.47
13966.37 9.30 618.43 3.18
13982.75 9.17 621.25 2.33
13999.31 9.34 620.75 2.51
14015.56 9.34 622.68 4.35
14031.93 9.11 622.25 1.79
14048.31 9.34 624.12 3.72
14064.68 9.26 621.93 7.32
14081.31 9.34 624.00 4.44
14097.50 9.33 622.50 1.84
14113.93 9.11 623.18 2.27
14130.31 9.34 624.50 13.60
14146.68 9.26 618.18 5.41
14163.25 9.30 620.43 2.98
14179.50 9.33 617.81 8.82
14195.75 9.17 617.31 4.21
14212.31 9.34 616.12 5.00
14228.56 9.34 616.62 1.76
14245.25 9.30 613.68 11.31
14261.50 9.33 616.12 5.25
14277.75 9.17 613.75 1.82
14294.31 9.34 613.68 3.14
14310.56 9.34 611.50 2.85
14327.12 9.32 610.31 1.83
14343.37 9.30 610.50 3.14
14359.75 9.17 609.18 2.13
14376.31 9.34 610.12 4.94
14392.56 9.34 607.43 5.27
14409.12 9.32 608.31 2.29
14425.37 9.30 606.12 6.03
14441.75 9.17 609.68 12.53
14458.31 9.34 608.43 2.21
14474.56 9.34 609.18 3.89
14491.06 9.36 602.68 19.98
14507.31 9.34 607.62 3.16
14523.68 9.26 609.12 2.40
14540.31 9.34 612.68 6.33
14556.56 9.34 610.93 2.44
14573.00 9.16 613.06 2.36
14589.31 9.34 614.43 2.09
14605.68 9.26 615.00 3.69
14622.25 9.30 614.75 3.42
14638.50 9.33 616.62 2.98
14654.75 9.17 616.68 3.29
14671.31 9.34 618.37 2.42
14687.68 9.26 620.00 3.86
14704.25 9.30 620.12 3.00
14720.50 9.33 621.87 4.38
14736.75 9.17 621.25 2.82
14753.31 9.34 621.00 1.54
14769.56 9.34 620.43 2.12
14786.18 9.31 620.75 7.56
14802.37 9.30 621.12 3.31
14818.75 9.17 620.00 2.72
14835.31 9.34 619.68 2.17
14851.56 9.34 611.68 20.56
14868.18 9.31 619.56 3.94
14884.37 9.30 618.37 1.73
14900.75 9.17 617.81 1.59
14917.31 9.34 617.37 3.30
14933.56 9.34 616.06 2.51
14950.06 9.36 616.37 1.45
14966.37 9.30 614.87 3.60
14982.75 9.17 613.37 2.76
14999.31 9.34 612.87 3.76
15015.56 9.34 611.81 2.33
15032.00 9.16 610.50 1.41
15048.31 9.34 610.00 3.20
15064.68 9.26 612.18 5.06
15081.31 9.34 612.75 6.47
15097.50 9.33 613.00 10.95
15113.87 9.14 609.31 2.54
15130.31 9.34 608.06 2.38
15146.68 9.26 608.62 2.60
15163.25 9.30 607.37 2.57
15179.50 9.33 608.75 2.44
15195.87 9.23 609.18 2.94
15212.31 9.34 609.06 1.60
15228.56 9.34 608.75 7.54
15245.25 9.30 614.37 12.15
15261.50 9.33 611.50 2.26
15277.87 9.23 611.93 2.41
15294.31 9.34 614.56 5.15
15310.56 9.34 614.56 2.06
15327.18 9.31 614.87 8.58
15343.43 9.35 616.00 3.02
15359.87 9.23 618.06 2.28
15376.31 9.34 617.25 3.99
15392.56 9.34 617.25 3.58
15409.12 9.32 619.18 1.88
15425.43 9.35 617.68 7.96
15441.75 9.17 618.12 3.60
15458.31 9.34 618.06 3.83
15474.56 9.34 620.87 4.08
15491.12 9.35 620.00 6.59
15507.37 9.39 618.87 3.02
15523.68 9.26 618.93 2.30
15540.31 9.34 618.37 3.87
15556.56 9.34 618.75 1.75
15573.06 9.15 618.12 2.69
15589.31 9.34 618.87 2.15
15605.68 9.26 617.56 2.69
15622.25 9.30 616.56 2.87
15638.56 9.34 617.56 4.40
15655.00 9.21 615.75 3.01
15671.31 9.34 614.81 3.05
15687.68 9.26 614.81 2.32
15704.25 9.30 615.18 5.58
15720.56 9.34 612.18 2.21
15736.93 9.21 612.75 2.61
15753.31 9.34 611.31 3.46
15769.56 9.34 611.43 2.37
15786.18 9.31 608.93 7.49
15802.50 9.35 610.93 6.47
15818.93 9.21 610.06 3.25
15835.31 9.34 609.18 2.07
15851.56 9.34 608.68 2.84
15868.18 9.31 608.18 2.15
15884.43 9.35 607.00 7.03
15900.75 9.17 609.93 2.36
15917.31 9.34 611.50 5.04
15933.56 9.34 611.43 1.50
15950.12 9.35 611.87 1.69
15966.43 9.35 612.62 4.26
15982.75 9.17 612.31 2.14
15999.31 9.34 613.50 2.35
16015.56 9.34 614.18 2.04
16032.06 9.15 614.25 1.68
16048.31 9.34 616.43 5.07
16064.68 9.26 615.56 1.84
16081.31 9.34 617.56 2.45
16097.56 9.34 615.18 13.65
16114.06 9.15 617.18 2.38
16130.31 9.34 618.18 2.40
16146.68 9.26 615.62 8.81
16163.31 9.34 618.37 4.69
16179.56 9.34 617.87 3.59
16195.93 9.21 615.81 7.47
16212.31 9.34 618.00 1.37
16228.56 9.34 617.81 2.21
16245.25 9.30 619.00 2.53
16261.56 9.34 618.12 2.89
16277.93 9.21 617.81 1.91
16294.31 9.34 617.18 4.75
16310.56 9.34 618.93 2.58
16327.18 9.31 618.93 7.33
16343.43 9.35 615.50 2.26
16359.81 9.19 614.75 1.95
16376.31 9.34 615.81 2.13
16392.56 9.34 614.31 2.14
16409.18 9.31 615.06 3.68
16425.43 9.35 612.93 1.56
16441.75 9.17 613.50 4.62
16458.31 9.34 613.06 3.21
16474.56 9.34 612.00 1.80
16491.12 9.35 611.37 8.37
16507.37 9.39 611.31 1.69
16523.68 9.26 610.37 1.61
16540.31 9.34 610.43 2.24
16556.56 9.34 610.68 1.76
16573.06 9.15 610.93 1.82
16589.31 9.34 611.50 2.03
16605.68 9.26 611.12 2.09
16622.31 9.34 611.31 1.72
16638.56 9.34 612.81 1.38
16654.93 9.21 613.62 4.57
16671.31 9.34 612.81 2.96
16687.68 9.26 613.37 1.83
16704.25 9.30 613.68 2.62
16720.56 9.34 615.43 2.94
16736.93 9.21 614.43 2.40
16753.31 9.34 615.87 1.58
16769.56 9.34 618.25 10.74
16786.25 9.36 617.06 2.30
