2 0
55 297
72 240
88 182
104 131
121 85
137 53
154 31
170 27
186 28
203 41
219 72
236 114
252 156
268 218
285 282
301 354
318 428
334 506
350 587
367 670
383 742
400 817
416 889
432 950
449 1007
465 1053
481 1090
498 1113
514 1130
531 1139
547 1132
563 1117
580 1087
596 1051
613 1005
629 952
645 895
662 827
678 757
695 703
711 618
729 538
745 475
761 410
778 345
794 293
811 247
827 205
843 175
860 152
876 147
892 148
909 155
925 170
942 200
958 233
974 280
991 333
1007 382
1024 443
1040 503
1056 568
1073 632
1089 694
1106 757
1122 814
1138 868
1155 911
1171 954
1188 986
1204 1009
1220 1026
1237 1038
1253 1029
1270 1024
1286 1005
1302 1003
1319 944
1335 903
1351 859
1368 811
1384 751
1401 704
1417 637
1433 583
1450 527
1466 475
1483 421
1499 383
1515 336
1532 301
1548 271
1565 254
1581 239
1597 236
1614 240
1630 252
1647 268
1663 298
1679 322
1696 361
1712 403
1730 453
1746 503
1762 558
1779 609
1795 658
1812 703
1828 753
1844 800
1861 859
1877 878
1894 903
1910 928
1926 941
1943 951
1959 953
1976 949
1992 935
2008 919
2025 888
2041 865
2058 830
2074 787
2090 741
2107 700
2123 654
2140 605
2156 560
2172 526
2189 475
2205 433
2221 401
2238 376
2254 351
2271 329
2287 315
2303 312
2320 309
2336 317
2353 326
2369 346
2385 372
2402 398
2418 431
2435 469
2451 503
2467 545
2484 589
2500 633
2517 667
2533 708
2549 740
2566 781
2582 810
2599 832
2615 853
2631 870
2648 881
2664 888
2680 882
2697 875
2713 864
2731 845
2747 824
2764 796
2780 767
2796 738
2813 702
2829 660
2846 626
2862 587
2878 545
2895 514
2911 491
2928 456
2944 431
2960 408
2977 391
2993 382
3010 373
3026 368
3042 374
3059 374
3075 395
3091 411
3108 432
3124 457
3141 485
3157 512
3173 545
3190 585
3206 614
3223 650
3239 680
3255 700
3272 738
3288 764
3305 784
3321 801
3337 819
3354 827
3370 832
3387 818
3403 833
3419 822
3436 810
3452 790
3469 769
3485 751
3501 723
3518 693
3534 668
3550 638
3567 613
3583 578
3600 549
3616 520
3632 500
3649 477
3665 463
3682 441
3698 431
3714 423
3732 416
3748 420
3765 425
3781 434
3798 443
3814 461
3830 483
3847 498
3863 529
3880 549
3896 574
3912 603
3929 630
3945 658
3961 664
3978 702
3994 725
4011 725
4027 762
4043 773
4060 782
4076 789
4093 787
4109 787
4125 784
4142 769
4158 761
4175 748
4191 729
4207 713
4224 688
4240 668
4257 640
4273 624
4289 596
4306 571
4322 546
4339 528
4355 511
4371 492
4388 481
4404 470
4420 460
4437 451
4453 455
4470 459
4486 468
4502 475
4519 481
4535 501
4552 514
4568 531
4584 558
4601 579
4617 605
4634 616
4650 636
4666 661
4683 672
4699 698
4716 711
4733 723
4750 741
4766 747
4782 748
4799 755
4815 757
4831 754
4848 747
4864 736
4881 731
4897 707
4913 697
4930 684
4946 665
4963 646
4979 629
4995 609
5012 589
5028 569
5045 537
5061 536
5077 527
5094 511
5110 503
5127 496
5143 489
5159 489
5176 491
5192 495
5209 503
5225 504
5241 518
5258 531
5274 546
5290 558
5307 574
5323 590
5340 610
5356 626
5372 645
5389 657
5405 672
5422 685
5438 702
5454 707
5471 716
5487 723
5504 728
5520 725
5536 724
5553 723
5569 715
5586 709
5602 699
5618 685
5635 674
5651 659
5668 645
5684 625
5700 615
5717 598
5734 583
5751 569
5767 554
5783 543
5800 533
5816 527
5833 521
5849 515
5865 513
5882 514
5898 516
5915 523
5931 523
5947 532
5964 543
5980 555
5997 566
6013 578
6029 591
6046 606
6062 618
6079 632
6095 641
6111 651
6128 672
6144 681
6160 680
6177 696
6193 701
6210 703
6226 707
6242 700
6259 702
6275 699
6292 691
6308 684
6324 677
6341 667
6357 657
6374 647
6390 629
6406 619
6423 610
6439 598
6456 582
6472 575
6488 566
6505 554
6521 548
6538 544
6554 538
6570 533
6587 532
6603 539
6619 539
6636 541
6652 545
6669 557
6685 558
6701 571
6718 579
6735 590
6752 601
6768 613
6785 626
6801 636
6817 647
6834 661
6850 668
6866 668
6883 679
6899 683
6916 679
6932 689
6948 687
6965 689
6981 680
6998 681
7014 674
7030 671
7047 660
7063 650
7080 644
7096 633
7112 623
7129 612
7145 613
7162 594
7178 584
7194 578
7211 574
7227 562
7244 556
7260 556
7276 546
7293 550
7309 536
7325 552
7342 554
7358 557
7375 561
7391 569
7407 577
7424 581
7440 591
7457 602
7473 611
7489 618
7506 628
7522 633
7539 645
7555 651
7571 655
7588 663
7604 667
7621 675
7637 675
7653 672
7670 675
7686 670
7703 665
7719 664
7736 659
7753 651
7769 645
7785 638
7802 634
7818 627
7835 612
7851 607
7867 598
7884 590
7900 595
7917 579
7933 577
7949 567
7966 573
7982 567
7999 564
8015 555
8031 561
8048 563
8064 572
8080 569
8097 574
8113 582
8130 587
8146 589
8162 601
8179 611
8195 613
8212 621
8228 631
8244 623
8261 643
8277 647
8294 654
8310 651
8326 656
8343 652
8359 663
8376 659
8392 659
8408 656
8425 658
8441 650
8458 647
8474 641
8490 637
8507 632
8523 626
8539 618
8556 611
8572 606
8589 600
8605 596
8621 591
8638 583
8654 580
8671 576
8687 574
8703 572
8720 573
8736 574
8753 572
8769 574
8786 580
8802 583
8818 585
8835 587
8851 597
8867 599
8884 608
8900 611
8917 617
8933 621
8949 628
8966 630
8982 640
8999 643
9015 648
9031 644
9048 649
9064 650
9081 650
9097 649
9113 653
9130 647
9146 645
9163 645
9179 639
9195 654
9212 632
9228 625
9245 617
9261 613
9277 610
9294 603
9310 601
9326 599
9343 594
9359 588
9376 581
9392 579
9408 578
9425 579
9441 578
9458 577
9474 583
9490 579
9507 587
9523 597
9540 599
9556 594
9572 599
9589 606
9605 611
9622 615
9638 618
9654 625
9671 629
9687 633
9704 633
9720 645
9736 643
9753 643
9769 644
9786 642
9802 650
9818 645
9835 644
9851 640
9867 643
9884 638
9900 633
9917 631
9933 624
9949 623
9966 617
9982 615
9999 608
10015 608
10031 598
10048 598
10064 597
10081 594
10097 587
10113 590
10130 590
10146 586
10163 588
10179 591
10195 588
10212 590
10228 589
10245 598
10261 602
10277 600
10294 604
10310 609
10326 591
10343 612
10359 621
10376 623
10392 627
10408 627
10425 630
10441 635
10458 635
10474 633
10490 639
10507 643
10523 638
10540 637
10556 637
10572 634
10589 631
10605 633
10622 628
10638 624
10654 621
10671 620
10687 618
10704 609
10720 609
10736 607
10753 600
10769 596
10786 599
10802 597
10818 593
10835 592
10851 595
10868 592
10884 591
10900 599
10917 601
10933 601
10950 594
10966 601
10982 601
10999 606
11015 612
11032 610
11048 612
11064 616
11081 621
11097 619
11113 621
11130 628
11146 631
11163 631
11179 627
11195 633
11212 641
11228 633
11245 632
11261 655
11277 629
11294 628
11310 622
11327 624
11343 623
11359 616
11376 618
11392 616
11409 613
11425 609
11441 607
11458 604
11474 602
11491 602
11507 597
11523 597
11540 597
11556 595
11572 597
11589 591
11605 595
11622 599
11638 596
11654 601
11671 605
11687 606
11704 605
11720 603
11736 613
11753 612
11769 615
11786 619
11802 624
11818 622
11835 626
11851 626
11868 629
11884 627
11900 628
11917 629
11933 630
11950 627
11966 618
11982 630
11999 627
12015 622
12032 626
12048 619
12064 621
12081 616
12097 609
12113 614
12130 620
12146 613
12163 611
12179 608
12195 607
12212 602
12228 602
12245 599
12261 600
12277 572
12294 603
12310 601
12327 605
12343 603
12359 591
12376 603
12392 610
12409 608
12425 609
12441 610
12458 615
12474 618
12491 619
12507 621
12523 629
12540 622
12556 624
12572 624
12589 624
12605 628
12622 625
12638 625
12654 626
12671 626
12687 625
12704 626
12720 622
12736 616
12753 623
12769 618
12786 617
12802 613
12818 615
12835 611
12851 611
12868 610
12884 616
12900 603
12917 607
12933 609
12950 604
12966 604
12982 600
12999 603
13015 613
13032 603
13048 607
13064 606
13081 605
13097 603
13114 608
13130 612
13146 611
13163 609
13179 614
13195 616
13212 622
13228 619
13245 618
13261 611
13277 619
13294 621
13310 628
13327 621
13343 624
13359 627
13376 625
13392 620
13409 623
13425 622
13441 621
13458 619
13474 620
13491 617
13507 620
13523 615
13540 615
13556 612
13573 612
13589 611
13605 610
13622 607
13638 607
13654 606
13671 609
13687 574
13704 606
13720 602
13737 609
13753 603
13769 605
13786 605
13802 609
13819 609
13835 615
13851 612
13868 615
13884 612
13901 616
13917 616
13933 616
13950 623
13966 594
13982 617
13999 620
14015 621
14032 619
14048 625
14064 620
14081 618
14097 641
14114 621
14130 628
14146 614
14163 620
14179 617
14196 618
14212 614
14228 618
14245 613
14261 612
14278 622
14294 610
14310 611
14327 608
14343 606
14360 611
14376 607
14392 606
14409 609
14425 606
14441 607
14458 605
14474 607
14491 585
14507 609
14523 611
14540 612
14556 612
14573 613
14589 613
14605 616
14622 621
14638 612
14655 618
14671 620
14687 619
14704 619
14720 622
14737 622
14753 620
14769 621
14786 621
14802 621
14819 622
14835 618
14851 623
14868 614
14884 614
14900 617
14917 616
14933 617
14950 615
14966 610
14982 612
14999 614
15015 610
15032 612
15048 611
15064 606
15081 609
15097 606
15114 609
15130 608
15146 612
15163 611
15179 609
15196 611
15212 621
15228 610
15245 611
15261 634
15278 616
15294 614
15310 560
15327 616
15343 615
15359 617
15376 620
15392 617
15409 618
15425 617
15441 621
15458 626
15474 624
15491 626
15507 622
15523 621
15540 620
15556 622
15573 621
15589 617
15605 620
15622 621
15638 618
15655 616
15671 607
15687 629
15704 613
15720 612
15737 614
15753 609
15769 609
15786 609
15802 610
15819 606
15835 616
15851 611
15868 611
15884 608
15901 609
15917 614
15933 612
15950 608
15966 614
15983 616
15999 615
16015 616
16032 616
16048 616
16065 614
16081 614
16097 615
16114 615
16130 617
16146 618
16163 620
16179 618
16196 617
16212 619
16228 623
16245 617
16261 617
16278 617
16294 626
16310 617
16327 618
16343 615
16360 611
16376 631
16392 616
16409 612
16425 606
16442 609
16458 613
16474 608
16491 610
16507 610
16524 612
16540 610
16556 615
16573 611
16589 611
16605 608
16622 611
16638 612
16655 615
16671 609
16687 614
16704 612
16720 615
16737 612
16753 616
16769 615
16786 612
16802 613
16819 617
