1.81 0.39 564.25 74.91
20.62 8.89 502.81 50.71
37.06 9.03 421.68 42.89
53.43 8.93 342.81 38.27
69.62 8.89 273.50 34.82
86.12 9.01 209.56 27.68
102.62 8.89 158.12 22.71
119.18 9.01 109.93 17.77
135.50 8.92 79.12 8.58
151.75 8.86 57.56 3.18
168.25 8.99 50.68 6.11
184.56 8.90 49.68 9.25
201.00 8.80 62.62 16.54
217.56 8.91 89.00 21.09
233.81 8.85 125.75 26.24
250.37 8.96 169.31 30.93
266.68 8.88 224.93 33.89
283.00 8.82 287.87 36.27
299.62 8.89 355.56 34.87
315.93 9.08 427.56 41.69
332.43 9.20 504.06 42.44
348.75 9.12 581.56 40.63
365.12 9.30 658.37 39.38
381.62 9.16 735.12 37.45
398.00 9.06 807.68 33.90
414.50 9.19 875.12 32.81
430.81 9.10 937.18 26.96
447.18 9.28 992.37 24.59
463.56 9.18 1036.68 16.66
479.93 9.07 1073.43 12.38
496.50 9.19 1100.62 6.74
512.87 9.09 1116.37 2.55
529.31 9.25 1122.93 6.67
546.00 9.14 1118.56 12.02
562.37 9.05 1102.06 16.37
578.87 9.17 1077.25 22.10
595.18 9.10 1042.93 27.91
611.56 9.01 998.62 30.02
627.93 9.15 948.56 32.98
644.25 9.09 891.00 36.60
660.87 9.18 829.12 36.76
677.62 9.07 765.81 40.42
694.06 8.97 693.31 38.18
710.43 9.10 623.93 38.18
726.81 9.05 554.18 35.26
743.31 9.15 489.12 34.34
759.68 9.05 423.00 31.08
775.93 9.01 363.43 28.64
792.43 9.10 310.56 24.20
809.25 9.02 263.56 19.79
825.75 9.15 225.81 14.20
842.12 9.03 194.50 11.06
858.37 8.98 173.31 5.57
874.93 9.06 161.18 2.72
891.25 8.98 158.87 6.44
907.75 9.15 165.62 11.45
924.18 9.01 180.81 9.91
940.37 8.97 209.06 18.67
957.00 9.04 241.75 23.42
973.37 8.93 280.68 25.38
989.87 9.05 328.62 28.49
1006.25 8.94 382.50 31.42
1022.43 8.94 440.31 30.94
1039.00 9.04 500.18 32.70
1055.31 8.95 562.68 33.43
1071.68 8.86 621.31 31.93
1088.18 8.96 683.87 32.56
1104.43 8.94 744.25 29.27
1121.06 9.02 799.93 25.20
1137.37 8.93 850.06 23.36
1153.75 8.84 898.06 20.26
1170.18 8.97 937.43 16.23
1186.50 8.92 969.68 11.57
1203.06 9.02 993.87 9.43
1219.43 8.91 1012.25 3.54
1235.68 8.87 1018.75 10.60
1252.37 8.91 1021.93 6.77
1268.62 8.89 1011.81 10.41
1285.18 8.99 995.37 14.82
1301.50 8.89 972.62 18.16
1317.87 9.32 940.25 23.07
1334.37 9.18 902.18 24.76
1350.62 9.11 858.43 27.77
1367.25 9.22 814.06 32.74
1383.62 9.11 759.68 29.47
1400.00 9.28 704.00 30.78
1416.43 9.16 648.75 31.53
1432.68 9.09 593.31 29.20
1449.25 9.19 538.56 26.83
1465.56 9.10 487.06 26.84
1481.87 9.07 435.31 24.51
1498.37 9.17 391.25 22.56
1514.68 9.09 349.81 17.43
1531.25 9.19 316.81 13.60
1547.75 9.10 282.56 14.84
1563.93 9.07 265.68 11.07
1580.50 9.16 254.18 3.11
1596.75 9.10 246.93 3.17
1613.31 9.20 249.43 8.15
1629.68 9.13 260.93 11.64
1645.87 9.09 277.68 14.44
1662.50 9.16 300.00 16.46
1678.81 9.11 329.93 20.88
1695.43 9.20 365.00 21.52
1711.81 9.12 404.37 24.51
1728.00 9.09 452.56 25.71
1744.62 9.15 495.93 27.63
1760.93 9.07 546.50 27.32
1777.31 9.24 593.56 28.29
1793.75 9.15 646.68 25.61
1810.06 9.11 694.87 25.39
1826.75 9.15 740.50 21.81
1843.06 9.06 784.56 20.65
1859.50 9.21 823.50 17.43
1875.87 9.10 858.37 14.78
1892.18 9.06 888.06 10.76
1908.75 9.15 910.68 8.24
1925.06 9.06 928.18 4.82
1941.37 9.00 938.31 2.78
1957.87 9.09 941.75 3.88
1974.25 9.00 937.56 6.81
1990.87 9.10 928.50 10.54
2007.12 9.03 910.56 13.48
2023.37 8.99 889.00 15.77
2039.93 9.06 862.25 20.28
2056.25 9.00 830.37 22.07
2072.87 9.10 791.43 22.22
2089.12 9.03 751.87 24.12
2105.31 9.01 709.75 25.04
2122.00 9.05 663.81 24.90
2138.31 8.98 623.12 27.92
2154.93 9.09 573.93 23.33
2171.18 9.01 532.06 21.70
2187.37 8.99 489.00 19.59
2204.00 9.05 451.37 18.39
2220.37 8.96 418.12 14.79
2236.93 9.10 389.00 12.40
2253.31 8.98 364.50 5.77
2269.56 8.94 341.12 10.23
2286.12 9.04 329.93 4.54
2302.37 8.96 321.68 2.36
2319.00 9.30 322.50 6.32
2335.31 9.21 324.43 7.98
2351.62 9.18 336.00 10.75
2368.12 9.29 352.31 12.78
2384.43 9.20 373.43 16.49
2400.93 9.33 400.68 18.86
2417.37 9.19 429.68 19.74
2433.62 9.14 462.81 21.24
2450.18 9.27 500.31 22.11
2466.43 9.20 540.43 21.78
2482.93 9.33 578.62 21.27
2499.31 9.22 619.18 21.87
2515.62 9.14 663.31 22.76
2532.25 9.25 695.37 19.54
2548.56 9.19 733.25 17.08
2565.06 9.33 767.00 16.38
2581.43 9.20 796.56 14.65
2597.68 9.15 822.06 13.54
2614.31 9.26 844.18 7.81
2630.56 9.19 860.25 5.31
2647.00 9.35 870.43 3.87
2663.56 9.24 877.25 3.15
2679.87 9.20 876.93 4.82
2696.50 9.27 866.37 19.33
2712.87 9.21 860.18 11.03
2729.18 9.37 844.50 11.91
2745.62 9.22 824.81 13.48
2761.87 9.21 800.12 15.69
2778.43 9.26 771.12 17.38
2794.81 9.22 740.62 19.05
2811.12 9.17 708.31 20.16
2827.68 9.26 671.37 20.09
2844.06 9.19 635.81 18.86
2860.62 9.29 599.81 19.86
2876.93 9.18 564.93 18.81
2893.18 9.16 529.81 18.41
2909.68 9.26 501.81 20.87
2926.12 9.16 470.00 15.29
2942.75 9.23 442.56 11.55
2959.00 9.12 422.37 10.86
2975.25 9.12 404.75 7.96
2991.87 9.18 394.37 14.44
3008.18 9.14 382.56 2.94
3024.75 9.26 379.50 4.51
3041.00 9.12 379.18 4.87
3057.25 9.12 387.43 7.48
3073.87 9.18 398.25 9.98
3090.18 9.14 412.43 10.86
3106.68 9.22 430.68 13.87
3123.06 9.11 454.62 14.72
3139.31 9.10 479.00 16.45
3155.93 9.17 507.68 17.01
3172.25 9.12 536.50 19.14
3188.81 9.19 568.75 20.00
3205.06 9.11 603.06 17.17
3221.31 9.11 634.50 16.93
3238.00 9.15 667.31 16.36
3254.25 9.08 696.12 15.18
3270.75 8.97 723.43 13.26
3287.12 9.12 750.00 11.24
3303.43 9.07 771.12 10.74
3320.12 9.37 790.81 7.12
3336.31 9.32 806.75 5.67
3352.75 9.49 816.37 3.18
3369.18 9.35 822.06 2.61
3385.50 9.30 827.68 6.23
3402.18 9.35 823.62 5.63
3418.31 9.29 817.56 8.66
3434.81 9.47 802.81 14.74
3451.25 9.34 790.75 10.92
3467.50 9.30 772.93 13.32
3484.12 9.39 750.25 15.03
3500.31 9.29 728.50 14.89
3516.81 9.46 703.25 14.68
3533.43 9.34 674.81 16.45
3549.62 9.29 646.81 15.87
3566.25 9.38 617.93 14.81
3582.50 9.29 590.87 17.84
3598.93 9.49 561.18 18.59
3615.43 9.34 534.00 13.44
3631.62 9.29 508.43 13.40
3648.25 9.38 489.06 12.88
3664.56 9.31 469.68 8.03
3680.87 9.31 452.93 6.83
3697.50 9.35 439.12 5.27
3713.75 9.30 431.06 2.46
3730.31 9.40 426.75 5.62
3746.62 9.29 424.00 6.42
3762.81 9.29 427.37 5.29
3779.50 9.35 434.81 10.51
3795.81 9.32 445.43 8.77
3812.31 9.50 460.43 11.13
3828.68 9.34 476.62 12.45
3844.87 9.31 496.12 12.83
3861.62 9.36 515.50 16.70
3877.87 9.31 542.06 14.47
3894.37 9.49 565.00 13.97
3910.68 9.34 591.81 14.27
3926.93 9.28 617.87 13.48
3943.68 9.34 643.50 14.52
3960.00 9.26 668.37 13.12
3976.43 9.42 691.00 11.19
3992.81 9.30 709.00 19.48
4009.06 9.24 732.12 9.82
4025.68 9.36 748.12 12.93
4042.00 9.26 763.43 6.33
4058.43 9.42 772.50 4.24
4074.81 9.30 780.43 3.74
4091.00 9.26 783.56 2.23
4107.68 9.36 783.93 3.07
4123.93 9.23 780.43 6.03
4140.43 9.18 774.31 8.12
4156.81 9.30 762.43 8.33
4173.06 9.24 749.62 10.72
4189.75 9.34 733.31 10.23
4205.93 9.23 716.31 11.01
4222.37 9.17 697.62 13.15
4238.93 9.28 675.18 13.59
4255.18 9.21 651.31 12.57
4271.75 9.38 626.06 13.70
4288.00 9.26 605.81 11.54
4304.37 9.17 581.68 12.61
4321.06 9.49 561.12 11.16
4337.25 9.44 540.12 10.67
4353.81 9.61 520.00 9.86
4370.06 9.49 505.43 7.27
4386.56 9.61 489.37 6.45
4403.12 9.47 478.68 4.50
4419.31 9.42 470.75 5.17
4435.81 9.57 463.56 4.20
4452.12 9.47 460.93 4.29
4468.56 9.61 461.62 7.63
4485.00 9.53 468.00 7.61
4501.31 9.42 474.18 5.95
4517.87 9.55 483.50 8.01
4534.31 9.49 495.81 8.32
4550.62 9.41 511.43 10.01
4567.06 9.54 528.06 10.58
4583.37 9.44 545.37 12.50
4599.87 9.59 566.56 12.30
4616.31 9.49 585.50 11.80
4632.56 9.43 606.12 13.70
4649.06 9.54 628.62 13.12
4665.50 9.49 647.56 10.66
4681.93 9.61 666.81 9.79
4698.43 9.49 686.62 10.52
4714.62 9.45 702.06 9.25
4731.12 9.59 715.00 6.72
4747.62 9.45 728.06 8.86
4763.93 9.61 739.56 8.65
4780.43 9.49 744.00 2.91
4796.68 9.47 749.37 2.23
4813.18 9.61 750.93 2.95
4829.68 9.51 749.00 3.34
4846.06 9.62 745.31 5.07
4862.56 9.50 738.81 8.58
4878.75 9.46 729.18 8.12
4895.25 9.60 714.93 10.13
4911.68 9.51 703.68 12.22
4928.18 9.58 688.06 9.84
4944.56 9.49 670.68 11.17
4960.87 9.41 652.43 10.44
4977.37 9.56 635.18 13.66
4993.68 9.46 616.81 10.76
5010.12 9.35 597.81 10.16
5026.50 9.47 579.68 10.84
5042.87 9.41 562.18 9.59
5059.37 9.56 547.31 8.42
5075.68 9.46 530.75 8.56
5092.06 9.37 520.75 7.30
5108.43 9.52 509.56 5.44
5124.93 9.40 502.43 4.68
5141.43 9.55 495.43 3.22
5157.75 9.44 491.68 3.06
5174.06 9.37 492.12 2.62
5190.50 9.51 494.87 6.21
5206.93 9.40 498.43 5.11
5223.50 9.54 506.06 6.51
5239.81 9.43 514.18 6.84
5256.18 9.34 525.00 8.11
5272.68 9.47 537.93 7.88
5289.00 9.43 548.81 12.30
5305.50 9.51 567.43 8.43
5321.93 9.65 585.37 11.06
5338.31 9.79 600.75 10.24
5354.68 9.71 614.25 10.48
5371.06 9.65 633.18 10.12
5387.62 9.72 649.37 8.45
5404.00 9.63 664.75 8.16
5420.31 9.56 677.75 7.24
5436.75 9.69 691.93 6.97
5453.00 9.63 700.62 7.28
5469.56 9.74 711.87 6.79
5485.87 9.64 716.56 2.55
5502.25 9.57 720.06 7.01
5518.68 9.74 723.37 2.98
5535.18 9.72 725.87 5.73
5551.75 9.81 722.81 6.35
5568.06 9.73 716.93 5.27
5584.37 9.66 710.12 4.78
5600.87 9.81 700.00 7.62
5617.18 9.72 690.50 8.65
5633.68 9.83 682.18 16.31
5650.06 9.70 666.93 7.67
5666.43 9.69 652.43 8.37
5682.93 9.83 637.25 9.26
5699.31 9.71 621.18 9.49
5715.75 9.85 607.56 8.82
5732.18 9.71 590.81 14.52
5748.50 9.68 580.50 8.26
5764.93 9.80 566.81 7.69
5781.31 9.71 554.62 6.50
5797.81 9.87 543.00 10.27
5814.18 9.74 535.06 4.87
5830.56 9.74 525.93 3.42
5847.12 9.83 522.37 2.52
5863.37 9.69 516.93 3.31
5879.81 9.64 516.43 2.45
5896.18 9.78 515.06 5.18
5912.56 9.74 519.12 4.28
5929.18 9.81 522.75 4.83
5945.43 9.67 529.06 6.92
5961.93 9.60 542.93 13.96
5978.25 9.79 547.87 6.94
5994.62 9.71 558.25 9.17
6011.25 9.79 571.93 10.12
6027.50 9.66 582.18 8.22
6043.81 9.62 596.25 8.81
6060.25 9.79 609.81 8.88
6076.62 9.71 623.25 8.30
6093.25 9.79 635.87 7.08
6109.43 9.68 648.31 8.12
6125.81 9.62 660.06 5.96
6142.25 9.79 667.37 7.49
6158.56 9.68 680.50 6.24
6175.18 9.77 687.62 4.50
6191.43 9.68 694.56 2.98
6207.81 9.62 699.93 2.68
6224.25 9.79 701.50 2.42
6240.56 9.68 701.37 2.15
6257.18 9.78 700.87 4.09
6273.50 9.67 698.06 3.11
6289.81 9.68 693.50 4.70
6306.31 9.78 688.56 4.95
6322.62 9.87 679.12 8.37
6339.18 10.02 671.31 6.67
6355.43 9.95 662.18 7.04
6371.87 9.90 649.18 11.58
6388.43 9.99 639.50 7.01
6404.68 9.85 629.25 8.28
6421.25 10.01 618.25 17.57
6437.50 9.94 603.81 7.68
6453.81 9.91 591.62 9.68
6470.43 9.99 581.68 7.31
6486.68 9.85 570.50 6.28
6503.18 10.02 565.93 11.75
6519.43 9.99 554.62 7.52
6536.06 10.08 547.68 4.18
6552.75 10.21 542.37 5.92
6569.00 10.06 537.00 6.47
6585.50 10.24 533.62 7.41
6601.75 10.21 536.18 2.13
6618.06 10.08 536.06 4.71
6634.68 10.19 537.50 5.02
6651.00 10.06 543.50 4.64
6667.43 9.99 549.62 4.01
6683.81 10.23 557.25 5.37
6700.18 10.09 566.25 6.41
6716.75 10.22 573.50 6.66
6733.12 10.07 582.37 6.88
6749.37 10.01 594.06 6.64
6765.87 10.21 604.56 6.75
6782.18 10.09 616.75 6.19
6798.81 10.28 629.75 11.17
6815.06 10.16 635.25 6.37
6831.43 10.09 644.87 4.44
6848.00 10.23 655.68 5.43
6864.31 10.10 664.12 4.51
6880.87 10.27 671.31 4.59
6897.06 10.18 675.93 5.52
6913.31 10.10 679.31 2.82
6930.06 10.21 682.43 2.26
6946.37 10.09 678.43 20.61
6963.06 10.22 685.75 3.44
6979.12 10.20 682.50 3.79
6995.50 10.05 680.31 3.22
7012.12 10.20 676.25 4.07
7028.43 10.07 671.25 4.91
7045.00 10.20 664.25 6.29
7061.12 10.20 658.43 5.47
7077.50 10.05 648.37 6.04
7094.12 10.20 641.06 7.92
7110.43 10.07 628.06 7.34
7126.81 9.94 619.93 6.27
7143.12 10.20 611.43 6.70
7159.43 10.07 602.25 6.24
7176.12 10.20 591.56 5.41
7192.37 10.04 585.56 5.30
7208.75 9.96 575.37 5.06
7225.12 10.20 567.31 8.02
7241.43 10.07 562.81 6.30
7258.18 10.19 557.81 3.85
7274.37 10.09 553.25 3.36
7290.68 10.03 554.81 7.06
7307.18 10.19 549.68 2.52
7323.50 10.05 551.50 2.85
7340.18 10.19 551.93 9.48
7356.31 10.12 555.25 3.51
7372.68 10.25 559.18 3.30
7389.25 10.18 565.43 4.08
7405.56 10.04 572.31 4.01
7422.25 10.18 577.93 4.83
7438.37 10.10 586.18 4.14
7454.75 10.01 593.37 4.97
7471.25 10.18 602.62 5.79
7487.56 10.04 610.37 7.92
7504.12 10.18 619.37 7.22
7520.31 10.16 630.06 4.08
7536.81 10.07 635.75 6.81
7553.31 10.23 644.56 2.69
7569.62 10.10 651.87 4.44
7586.12 10.25 656.50 3.82
7602.31 10.23 660.81 5.35
7618.75 10.08 665.12 3.52
7635.31 10.23 669.50 4.73
7651.56 10.07 670.00 2.76
7668.12 10.29 670.93 3.34
7684.37 10.26 671.06 1.98
7700.75 10.12 668.37 3.57
7717.37 10.26 666.56 3.84
7733.68 10.13 661.75 3.95
7750.18 10.28 657.06 4.07
7766.37 10.26 646.31 18.86
7782.68 10.13 645.56 4.73
7799.43 10.28 639.50 7.62
7815.75 10.15 631.25 6.03
7832.25 10.40 623.62 6.45
7848.50 10.28 616.62 4.28
7864.81 10.14 607.50 6.51
7881.50 10.28 599.81 5.57
7897.75 10.18 590.81 8.40
7914.06 10.11 586.87 4.06
7930.50 10.28 582.62 13.91
7946.87 10.13 574.62 4.73
7963.50 10.29 570.31 3.08
7979.81 10.20 566.37 2.69
7996.18 10.08 565.50 3.14
8012.56 10.26 562.62 5.56
8028.93 10.11 563.93 2.01
8045.50 10.29 562.93 6.93
8061.56 10.26 567.00 4.46
8078.18 10.08 569.18 2.96
8094.56 10.26 572.37 4.67
8110.93 10.11 577.43 4.06
8127.50 10.29 581.31 4.78
8143.56 10.26 587.93 3.93
8160.12 10.09 594.62 4.24
8176.56 10.26 601.43 3.87
8192.93 10.11 607.37 6.12
8209.50 10.29 614.81 7.43
8225.56 10.26 622.12 4.61
8242.00 10.10 628.37 3.20
8258.62 10.26 635.62 4.17
8275.00 10.10 640.50 3.61
8291.43 10.37 644.37 3.14
8307.62 10.26 648.87 3.02
8324.12 10.09 654.93 4.59
8340.62 10.26 657.00 2.81
8356.93 10.14 656.56 4.39
8373.31 10.29 658.62 2.21
8389.68 10.25 660.43 3.00
8406.25 10.08 659.50 2.50
8422.68 10.25 660.31 10.15
8439.00 10.13 654.37 3.52
8455.31 10.07 651.37 3.02
8471.68 10.25 645.43 4.82
8488.12 10.09 640.62 4.00
8504.62 10.28 637.12 4.15
8520.75 10.23 633.62 8.89
8537.37 10.13 624.31 5.01
8553.75 10.31 617.87 4.57
8570.12 10.15 611.56 4.90
8586.68 10.34 604.93 4.45
8602.75 10.31 598.68 6.75
8619.37 10.13 594.56 5.31
8635.75 10.31 592.31 10.05
8652.12 10.15 584.75 3.01
8668.68 10.31 580.06 3.03
8684.87 10.37 577.43 2.03
8701.37 10.17 575.68 2.61
8717.81 10.34 573.12 5.80
8734.18 10.19 574.25 3.23
8750.68 10.31 573.18 3.03
8766.87 10.37 577.25 4.92
8783.37 10.17 576.75 2.66
8799.87 10.37 578.81 3.74
8816.25 10.21 581.50 3.18
8832.75 10.40 587.25 3.07
8849.00 10.40 593.12 5.31
8865.56 10.18 596.62 4.18
8881.93 10.36 600.37 3.22
8898.31 10.21 606.25 2.79
8914.68 10.20 612.06 3.98
8930.93 10.36 618.68 4.50
8947.43 10.20 623.68 4.52
8963.93 10.38 627.37 9.98
8980.25 10.29 632.06 5.84
8996.75 10.19 638.06 3.49
9013.00 10.36 641.62 7.98
9029.50 10.19 643.75 2.61
9045.93 10.38 646.81 3.01
9062.12 10.37 648.68 3.98
9078.68 10.21 651.87 2.12
9095.00 10.36 649.43 7.70
9111.43 10.19 650.18 3.09
9127.87 10.32 649.56 2.53
9144.12 10.37 648.43 2.89
9160.68 10.21 645.68 1.99
9177.00 10.36 641.75 3.82
9193.43 10.19 639.56 3.04
9209.87 10.32 633.56 4.37
9226.12 10.37 630.56 3.37
9242.62 10.18 624.31 4.44
9259.00 10.36 620.25 3.98
9275.50 10.19 616.62 6.89
9291.81 10.39 610.37 3.16
9308.12 10.38 604.56 3.67
9324.62 10.18 598.75 5.67
9341.00 10.36 596.25 3.13
9357.43 10.19 591.81 3.41
9373.81 10.39 588.87 3.37
9390.06 10.35 585.93 2.93
9406.68 10.18 584.18 2.21
9423.06 10.35 582.62 4.15
9439.43 10.22 583.50 5.44
9455.87 10.39 582.25 2.33
9472.06 10.35 582.00 3.26
9488.68 10.18 584.68 4.57
9505.06 10.35 585.12 3.33
9521.37 10.31 587.62 2.85
9537.81 10.41 590.12 3.51
9554.06 10.35 594.43 4.32
9570.62 10.18 596.50 5.01
9587.00 10.38 600.93 4.80
9603.37 10.31 607.06 3.90
9619.81 10.41 610.75 4.44
9636.06 10.35 615.31 4.79
9652.62 10.18 618.81 3.66
9669.00 10.36 623.12 4.63
9685.37 10.37 626.93 3.49
9701.75 10.21 629.81 3.52
9718.18 10.42 634.50 3.12
9734.68 10.21 638.81 3.13
9751.00 10.36 638.87 1.90
9767.25 10.42 641.43 3.32
9783.75 10.21 643.06 2.25
9800.18 10.42 643.37 2.39
9816.62 10.25 644.12 2.03
9833.06 10.46 643.75 1.98
9849.31 10.46 641.00 3.68
9865.93 10.28 637.81 8.43
9882.25 10.42 637.93 2.16
9898.75 10.26 634.93 3.90
9915.06 10.46 634.31 6.74
9931.31 10.46 628.62 3.04
9947.93 10.28 624.87 4.40
9964.31 10.41 621.06 3.99
9980.75 10.30 620.37 14.92
9997.12 10.46 613.50 3.41
10013.37 10.45 607.56 7.16
10030.00 10.28 605.43 4.24
10046.25 10.44 601.25 2.95
10062.68 10.37 598.50 1.87
10079.06 10.48 596.31 2.73
10095.37 10.45 594.00 1.41
10111.93 10.24 592.93 4.64
10128.25 10.36 589.75 7.09
10144.62 10.39 589.12 3.18
10161.00 10.28 588.12 2.12
10177.37 10.45 588.68 4.28
10193.93 10.24 588.37 2.37
10210.25 10.36 590.31 2.89
10226.56 10.40 591.18 2.10
10243.00 10.28 594.12 2.71
10259.31 10.41 595.18 3.36
10275.87 10.25 599.93 6.97
10292.18 10.43 601.12 3.28
10308.50 10.42 604.12 3.29
10325.00 10.28 608.31 3.87
10341.31 10.41 611.68 3.72
10357.87 10.25 614.43 4.21
10374.12 10.46 618.56 4.77
10390.43 10.43 621.06 6.39
10407.00 10.28 625.68 2.20
10423.31 10.41 630.00 4.06
10439.87 10.24 630.87 3.69
10456.12 10.46 634.43 2.40
10472.37 10.45 632.43 9.02
10489.00 10.28 633.75 15.95
10505.31 10.41 637.06 2.28
10521.68 10.37 638.06 2.14
10538.06 10.48 638.68 4.91
10554.37 10.45 636.00 4.37
10570.93 10.24 635.75 4.05
10587.31 10.41 633.87 2.15
10603.68 10.37 631.93 1.99
10620.06 10.48 630.68 3.22
10636.37 10.45 627.25 7.34
10652.93 10.24 623.75 3.35
10669.37 10.45 621.50 2.87
10685.62 10.44 616.87 5.10
10702.06 10.32 614.00 2.96
10718.43 10.49 611.68 3.00
10735.00 10.28 608.18 3.30
10751.37 10.45 606.06 3.05
10767.56 10.46 603.25 5.86
10784.06 10.32 602.25 2.14
10800.50 10.53 599.25 1.79
10817.12 10.35 598.25 8.57
10833.37 10.59 595.50 2.32
10849.62 10.51 594.68 2.93
10866.18 10.36 593.62 2.18
10882.56 10.54 593.12 3.94
10899.18 10.36 593.12 2.15
10915.31 10.54 594.68 3.14
10931.56 10.54 594.50 2.00
10948.18 10.36 599.93 13.55
10964.62 10.53 597.87 4.50
10981.06 10.39 599.81 4.19
10997.37 10.54 602.25 2.41
11013.68 10.54 608.00 4.21
11030.25 10.36 608.75 4.05
11046.62 10.53 611.06 3.54
11063.00 10.46 613.68 3.16
11079.37 10.54 618.25 4.48
11095.62 10.53 620.75 3.03
11112.25 10.36 623.00 7.26
11128.56 10.49 625.37 2.85
11144.93 10.50 627.93 3.03
11161.25 10.36 629.87 3.84
11177.62 10.53 630.62 2.69
11194.25 10.36 632.06 2.28
11210.56 10.49 632.31 3.01
11226.93 10.50 632.75 2.28
11243.25 10.36 633.68 4.59
11259.62 10.53 632.50 2.29
11276.25 10.36 631.06 3.11
11292.43 10.59 631.25 4.67
11308.87 10.49 629.31 2.17
11325.25 10.36 625.25 3.87
11341.62 10.53 626.25 4.32
11358.25 10.36 623.56 3.62
11374.37 10.54 620.87 2.89
11390.75 10.53 618.43 3.55
11407.25 10.36 614.00 7.42
11423.62 10.53 616.25 5.18
11440.18 10.33 612.75 4.45
11456.37 10.54 608.62 2.69
11472.75 10.53 607.00 4.58
11489.25 10.36 605.06 2.22
11505.62 10.53 602.12 2.57
11522.00 10.46 601.62 5.88
11538.37 10.54 599.25 2.25
11554.68 10.53 596.31 7.19
11571.25 10.36 596.62 7.36
11587.56 10.49 597.06 1.95
11604.00 10.46 597.25 4.21
11620.31 10.56 595.81 6.63
11636.62 10.53 598.31 4.96
11653.25 10.36 599.68 2.28
11669.68 10.58 600.25 2.75
11686.06 10.50 602.87 3.48
11702.43 10.58 604.56 1.77
11718.68 10.58 604.43 2.85
11735.31 10.41 608.06 3.23
11751.62 10.61 610.43 3.10
11768.00 10.49 614.25 2.80
11784.37 10.39 616.37 3.46
11800.75 10.62 619.43 5.60
11817.37 10.45 619.50 3.79
11833.56 10.68 620.68 6.01
11850.00 10.59 624.37 2.57
11866.43 10.43 626.25 2.99
11882.81 10.63 628.18 7.55
11899.37 10.45 627.75 2.51
11915.50 10.62 628.37 4.61
11932.00 10.61 629.18 1.78
11948.37 10.45 628.00 3.43
11964.87 10.64 628.00 2.74
11981.31 10.53 627.25 2.08
11997.56 10.63 627.06 3.01
12014.06 10.61 626.50 3.54
12030.43 10.46 627.43 4.85
12046.87 10.64 624.18 2.01
12063.25 10.59 623.37 3.71
12079.56 10.63 620.00 3.57
12096.00 10.62 619.81 2.60
12112.43 10.46 617.31 2.23
12128.87 10.64 615.62 2.37
12145.18 10.55 611.25 5.76
12161.56 10.63 611.62 3.26
12177.93 10.64 611.68 12.79
12194.43 10.46 607.50 2.45
12210.81 10.62 605.75 2.33
12227.18 10.55 604.93 3.53
12243.50 10.43 605.25 7.05
12259.93 10.64 601.43 3.82
12276.43 10.46 605.56 13.49
12292.68 10.65 600.75 1.98
12309.18 10.55 599.62 3.06
12325.56 10.63 599.25 8.21
12341.87 10.64 599.87 4.26
12358.43 10.46 601.43 2.32
12374.62 10.60 599.62 11.41
12391.12 10.59 603.31 3.46
12407.50 10.65 605.62 2.57
12423.87 10.64 608.37 3.02
12440.43 10.46 609.81 3.23
12456.62 10.60 612.18 4.61
12473.12 10.59 611.00 5.65
12489.50 10.65 614.62 2.31
12505.87 10.64 616.25 5.26
12522.31 10.59 621.56 9.83
12538.56 10.63 619.87 3.77
12555.12 10.59 621.18 3.63
12571.43 10.46 621.43 2.94
12587.87 10.64 624.56 2.52
12604.25 10.54 624.37 2.71
12620.56 10.63 625.00 2.40
12636.93 10.64 626.25 1.89
12653.43 10.46 626.37 1.87
12669.81 10.62 625.50 2.62
12686.31 10.59 626.37 2.78
12702.62 10.68 625.12 6.15
12719.00 10.69 624.75 2.66
12735.50 10.51 624.43 2.62
12751.81 10.62 623.87 3.04
12768.25 10.60 621.87 3.14
12784.62 10.68 621.18 1.85
12800.93 10.68 617.62 4.44
12817.56 10.55 617.87 1.50
12833.81 10.74 615.50 3.18
12850.37 10.69 612.43 4.20
12866.62 10.75 612.12 2.67
12882.93 10.68 610.62 6.23
12899.56 10.55 609.75 3.56
12915.81 10.74 610.00 5.18
12932.25 10.68 606.43 2.12
12948.62 10.75 607.12 5.78
12965.00 10.69 605.81 7.02
12981.56 10.63 603.31 3.20
12997.75 10.73 603.31 2.20
13014.31 10.69 603.18 2.60
13030.62 10.56 603.25 1.52
13047.00 10.69 603.00 2.62
13063.50 10.69 604.75 2.22
13079.75 10.73 607.56 5.82
13096.06 10.74 606.37 3.76
13112.62 10.56 605.00 5.12
13129.00 10.69 608.25 2.38
13145.50 10.69 607.43 7.32
13161.75 10.73 612.06 4.01
13178.06 10.74 611.87 2.78
13194.62 10.56 613.06 2.22
13210.93 10.68 615.00 2.48
13227.43 10.70 617.00 6.11
13243.75 10.73 616.56 3.84
13260.00 10.69 618.37 2.89
13276.62 10.56 620.87 4.26
13292.87 10.75 619.56 6.53
13309.43 10.70 620.31 2.02
13325.68 10.76 619.56 7.23
13342.00 10.69 623.00 2.40
13358.62 10.56 623.43 3.92
13374.87 10.75 623.87 2.18
13391.31 10.69 624.00 1.22
13407.68 10.76 623.93 3.63
13424.00 10.69 621.37 6.90
13440.62 10.56 624.12 2.00
13456.81 10.70 623.00 1.90
13473.31 10.69 621.93 2.36
13489.62 10.56 621.00 5.66
13506.00 10.69 618.12 2.85
13522.50 10.69 618.43 2.85
13538.81 10.78 616.18 2.96
13555.18 10.70 615.06 2.22
13571.62 10.56 612.93 2.66
13588.00 10.69 615.37 11.42
13604.50 10.69 611.56 5.37
13620.81 10.78 609.87 4.06
13637.12 10.73 608.37 3.44
13653.62 10.56 607.18 2.51
13669.93 10.68 606.18 1.74
13686.50 10.69 605.06 2.46
13702.81 10.78 603.93 4.37
13719.06 10.74 605.56 3.10
13735.62 10.56 605.68 1.44
13751.93 10.68 606.93 4.35
13768.43 10.70 606.06 2.86
13784.75 10.73 607.31 3.37
13801.06 10.74 606.75 2.17
13817.62 10.56 607.37 6.03
13833.87 10.75 609.00 2.72
13850.43 10.70 608.56 1.66
13866.75 10.73 609.56 3.04
13883.06 10.74 612.31 2.11
13899.62 10.56 614.31 2.84
13915.87 10.75 613.56 3.10
13932.37 10.74 615.43 2.76
13948.68 10.54 616.31 2.61
13965.06 10.74 618.68 6.53
13981.56 10.63 618.12 2.96
13997.81 10.78 618.87 2.47
14014.37 10.74 620.50 3.89
14030.68 10.54 619.25 9.94
14047.00 10.69 621.12 2.12
14063.50 10.69 621.18 2.43
14079.81 10.78 623.50 6.46
14096.25 10.75 619.75 11.98
14112.62 10.56 623.31 2.47
14129.00 10.69 624.06 8.05
14145.50 10.69 621.43 2.65
14161.81 10.78 619.25 4.28
14178.12 10.72 619.25 3.13
14194.62 10.56 620.25 2.61
14210.93 10.68 618.18 2.24
14227.43 10.70 620.43 5.45
14243.75 10.73 616.31 2.08
14260.18 10.71 615.50 1.73
14276.62 10.56 613.56 3.82
14292.87 10.75 612.00 2.78
14309.43 10.70 609.18 9.58
14325.75 10.73 610.06 3.82
14342.12 10.73 609.75 2.33
14358.62 10.56 609.12 2.47
14374.87 10.75 608.81 4.03
14391.37 10.74 607.62 2.47
14407.75 10.73 607.00 2.40
14424.12 10.73 608.50 3.14
14440.62 10.56 607.81 3.42
14456.87 10.75 608.06 2.30
14473.37 10.74 607.93 1.95
14489.75 10.73 608.06 2.51
14506.00 10.69 607.31 3.24
14522.50 10.69 609.12 2.67
14538.81 10.78 609.62 3.18
14555.31 10.73 611.87 6.16
14571.68 10.76 612.00 3.92
14588.00 10.69 611.81 4.98
14604.50 10.69 614.43 5.72
14620.81 10.78 612.87 2.52
14637.18 10.71 614.56 6.45
14653.68 10.76 613.87 3.48
14669.93 10.68 611.56 14.05
14686.50 10.69 617.25 2.39
14702.75 10.73 618.43 2.76
14719.18 10.71 616.87 6.02
14735.62 10.56 619.31 3.38
14751.93 10.68 621.06 2.33
14768.50 10.69 619.75 3.42
14784.75 10.73 620.50 2.69
14801.12 10.73 621.87 2.12
14817.62 10.56 620.68 1.61
14833.87 10.75 620.56 2.47
14850.43 10.70 621.31 4.47
14866.75 10.73 620.43 1.87
14883.12 10.73 617.18 5.92
14899.62 10.56 619.50 9.85
14915.87 10.75 617.75 2.33
14932.37 10.74 616.50 1.58
14948.75 10.73 615.31 3.53
14965.06 10.74 616.43 4.80
14981.56 10.63 614.25 2.11
14997.81 10.78 613.93 1.98
15014.37 10.74 612.37 3.02
15030.75 10.73 609.12 5.61
15047.00 10.69 609.87 1.87
15063.50 10.69 610.62 3.33
15079.81 10.78 616.12 17.07
15096.31 10.77 610.62 2.52
15112.68 10.76 611.12 5.18
15129.00 10.69 609.25 3.25
15145.50 10.69 609.00 2.57
15161.75 10.73 609.00 2.29
15178.25 10.72 609.37 2.87
15194.62 10.56 608.68 2.26
15211.00 10.69 609.68 5.18
15227.50 10.69 603.68 17.54
15243.75 10.73 609.68 2.42
15260.25 10.72 610.06 3.36
15276.62 10.56 612.93 4.98
15292.87 10.75 613.87 6.24
15309.43 10.70 611.37 2.47
15325.75 10.73 613.93 2.36
15342.12 10.73 613.56 1.97
15358.62 10.56 614.12 2.37
15374.87 10.75 614.06 5.92
15391.43 10.73 616.37 2.93
15407.75 10.73 615.93 2.90
15424.06 10.74 616.75 2.95
15440.62 10.56 619.12 2.26
15456.87 10.75 618.12 1.54
15473.43 10.73 620.68 4.93
15489.75 10.73 617.25 4.52
15506.00 10.69 619.75 1.95
15522.50 10.69 618.62 2.62
15538.81 10.78 618.18 6.67
15555.43 10.73 619.12 4.38
15571.68 10.76 619.00 2.23
15588.00 10.69 618.25 7.32
15604.50 10.69 618.18 2.60
15620.81 10.78 617.06 2.84
15637.25 10.72 616.62 4.23
15653.68 10.76 615.31 2.95
15670.00 10.69 615.50 2.18
15686.50 10.69 613.12 2.12
15702.81 10.78 612.87 5.38
15719.25 10.72 614.25 4.41
15735.62 10.56 615.00 6.12
15751.93 10.68 613.62 3.74
15768.50 10.69 613.81 5.16
15784.81 10.78 611.87 2.42
15801.12 10.73 611.43 2.24
15817.62 10.56 608.87 2.83
15833.93 10.76 609.75 1.56
15850.50 10.69 610.25 1.52
15866.81 10.78 612.12 9.49
15883.06 10.74 609.37 2.94
15899.62 10.56 610.87 2.45
15915.93 10.76 607.06 11.85
15932.43 10.73 609.25 3.05
15948.75 10.73 610.12 2.26
15965.06 10.74 610.93 3.58
15981.56 10.63 611.43 3.30
15997.87 10.79 611.62 2.45
16014.43 10.73 611.50 5.35
16030.75 10.73 612.62 1.96
16047.06 10.74 612.81 2.24
16063.50 10.69 613.68 3.50
16079.81 10.78 617.37 6.53
16096.31 10.77 616.12 2.47
16112.68 10.76 617.25 6.66
16129.00 10.69 618.18 6.45
16145.50 10.69 617.68 2.08
16161.81 10.78 612.37 21.19
16178.31 10.77 617.43 4.91
16194.62 10.56 621.18 12.10
16211.00 10.69 617.68 4.04
16227.50 10.69 621.00 13.29
16243.81 10.78 617.87 6.70
16260.25 10.72 618.43 2.96
16276.62 10.56 618.50 2.52
16292.93 10.76 618.68 4.97
16309.50 10.69 617.75 2.39
16325.81 10.78 614.56 8.53
16342.12 10.73 615.87 2.69
16358.62 10.56 615.56 2.12
16374.93 10.76 614.50 1.94
16391.43 10.73 610.81 11.51
16407.75 10.73 615.18 2.07
16424.12 10.73 614.18 2.30
16440.62 10.56 613.43 2.96
16456.93 10.76 613.00 3.08
16473.43 10.73 612.68 2.76
16489.75 10.73 612.50 7.95
16506.12 10.73 611.37 1.90
16522.50 10.69 611.31 2.47
16538.81 10.78 609.81 1.81
16555.37 10.74 609.87 3.45
16571.68 10.76 609.00 5.80
16588.06 10.68 609.50 6.28
16604.50 10.69 610.12 2.47
16620.81 10.78 610.56 2.50
16637.31 10.77 611.75 8.64
16653.68 10.76 610.81 1.38
16670.06 10.74 609.93 7.08
16686.50 10.69 609.43 5.13
16702.81 10.78 610.75 2.08
16719.25 10.72 612.06 2.70
16735.62 10.56 613.18 2.53
16752.06 10.74 613.50 2.37
16768.50 10.69 615.87 4.05
16784.81 10.78 614.31 2.31
