2 0
55 306
71 255
87 191
104 137
120 100
137 72
153 51
169 40
186 48
202 58
219 89
235 125
251 166
268 225
284 294
300 356
317 432
333 507
350 583
366 660
382 733
399 812
415 875
432 941
448 990
464 1038
481 1076
497 1102
514 1115
530 1124
546 1117
563 1071
579 1077
596 1042
612 996
628 945
645 887
661 827
678 763
694 693
710 620
727 548
744 484
761 418
777 359
793 302
810 258
826 221
843 196
859 167
875 178
892 157
908 163
925 179
941 205
957 241
974 281
990 327
1007 379
1023 437
1039 498
1056 557
1072 621
1089 683
1105 744
1121 803
1138 856
1154 897
1170 939
1187 971
1203 999
1220 1012
1236 1022
1252 1030
1269 986
1285 993
1302 975
1318 945
1334 900
1351 859
1367 808
1384 759
1400 703
1416 648
1433 590
1449 588
1466 485
1482 433
1498 394
1515 349
1531 331
1548 283
1564 267
1580 256
1597 245
1613 250
1629 259
1646 273
1662 299
1679 331
1695 362
1711 402
1728 448
1746 506
1763 550
1779 606
1795 657
1812 700
1828 747
1845 787
1861 831
1877 864
1894 894
1910 917
1927 934
1943 945
1959 942
1976 938
1992 929
2008 910
2025 887
2041 861
2058 828
2074 787
2090 749
2107 706
2123 661
2140 612
2156 562
2172 531
2189 487
2205 448
2222 415
2238 384
2254 361
2271 347
2287 331
2304 320
2320 321
2336 321
2353 337
2369 351
2386 370
2402 399
2418 433
2435 464
2451 503
2467 545
2484 584
2500 621
2517 659
2533 702
2549 736
2566 768
2582 800
2599 826
2615 849
2631 862
2648 874
2664 877
2681 876
2697 870
2713 861
2730 848
2747 822
2764 799
2780 769
2797 738
2813 706
2829 674
2846 630
2862 600
2878 564
2895 526
2911 493
2928 467
2944 441
2960 422
2977 403
2993 391
3010 382
3026 375
3042 376
3059 385
3075 396
3092 414
3108 431
3124 456
3141 480
3157 514
3174 542
3190 569
3206 607
3223 638
3239 668
3256 700
3272 727
3288 754
3305 774
3321 807
3337 806
3354 819
3370 832
3387 828
3403 824
3419 819
3436 810
3452 792
3469 771
3485 751
3501 728
3518 704
3534 672
3551 646
3567 614
3583 590
3600 563
3616 533
3633 510
3649 487
3665 468
3682 452
3698 439
3715 429
3731 423
3748 428
3765 433
3781 435
3798 442
3814 466
3830 481
3847 494
3863 518
3880 544
3896 570
3912 598
3929 624
3945 647
3962 667
3978 694
3994 719
4011 735
4027 751
4044 762
4060 780
4076 784
4093 782
4109 784
4126 789
4142 770
4158 746
4175 754
4191 734
4207 715
4224 695
4240 680
4257 652
4273 627
4289 602
4306 579
4322 559
4339 538
4355 520
4371 510
4388 493
4404 477
4421 470
4437 470
4453 464
4470 460
4486 470
4503 472
4519 486
4535 498
4552 511
4568 526
4585 546
4601 567
4617 588
4634 605
4650 629
4666 649
4683 664
4699 687
4716 704
4732 714
4750 724
4766 737
4782 747
4799 751
4815 752
4832 746
4848 747
4864 741
4881 730
4897 718
4914 700
4930 690
4946 666
4963 653
4979 632
4996 615
5012 598
5028 580
5045 564
5061 541
5077 533
5094 522
5110 513
5127 502
5143 497
5159 491
5176 495
5192 498
5209 497
5225 505
5241 510
5258 528
5274 539
5291 548
5307 568
5323 584
5340 600
5356 622
5373 643
5389 652
5405 667
5422 682
5438 692
5455 701
5471 711
5487 722
5504 722
5520 727
5536 723
5553 724
5569 717
5586 709
5602 705
5618 694
5635 681
5651 667
5668 648
5684 640
5700 627
5717 612
5733 595
5751 580
5767 565
5784 554
5800 543
5816 536
5833 529
5849 521
5866 519
5882 514
5898 521
5915 518
5931 524
5947 528
5964 538
5980 547
5997 558
6013 573
6029 591
6046 595
6062 610
6079 624
6095 638
6111 650
6128 661
6144 671
6161 685
6177 685
6193 694
6210 701
6226 703
6243 700
6259 706
6275 698
6292 695
6308 678
6325 679
6341 670
6357 661
6374 651
6390 645
6406 630
6423 622
6439 601
6456 595
6472 581
6488 571
6505 562
6521 554
6538 550
6554 542
6570 541
6587 538
6603 536
6620 537
6636 538
6652 542
6669 553
6685 564
6702 566
6718 576
6734 581
6752 593
6768 606
6785 620
6801 626
6817 639
6834 658
6850 655
6867 664
6883 686
6899 676
6916 680
6932 685
6949 683
6965 684
6981 683
6998 684
7014 677
7031 675
7047 665
7063 656
7080 654
7096 645
7113 629
7129 619
7145 612
7162 600
7178 593
7195 584
7211 591
7227 571
7244 561
7260 561
7276 559
7293 551
7309 550
7326 553
7342 556
7358 559
7375 562
7391 524
7408 572
7424 579
7440 590
7457 596
7473 600
7490 613
7506 622
7522 628
7539 639
7555 649
7572 651
7588 657
7604 658
7621 665
7637 674
7654 672
7670 670
7686 671
7703 673
7719 667
7735 663
7753 659
7769 649
7786 642
7802 639
7819 631
7835 619
7851 615
7868 603
7884 598
7901 588
7917 585
7933 580
7950 575
7966 569
7983 588
7999 564
8015 560
8032 562
8048 564
8065 566
8081 568
8097 574
8114 579
8130 585
8146 588
8163 596
8179 604
8196 613
8212 614
8228 625
8245 628
8261 637
8278 642
8294 644
8310 653
8327 657
8343 660
8360 656
8376 658
8392 663
8409 658
8425 660
8442 654
8458 649
8474 648
8491 642
8507 635
8524 632
8540 624
8556 618
8573 614
8589 611
8605 599
8622 594
8638 589
8655 584
8671 584
8687 581
8704 575
8720 574
8737 572
8754 573
8771 577
8787 578
8803 583
8820 585
8836 586
8853 596
8869 599
8885 604
8902 607
8918 615
8935 619
8951 626
8967 630
8984 657
9000 639
9016 640
9033 670
9049 648
9066 651
9082 667
9098 653
9115 655
9131 651
9148 647
9164 647
9180 645
9197 638
9213 635
9230 628
9246 623
9262 618
9279 613
9295 612
9312 604
9328 602
9344 598
9361 591
9377 586
9394 585
9410 586
9426 580
9443 582
9459 585
9475 583
9492 583
9508 585
9525 589
9541 590
9557 593
9574 596
9590 607
9607 606
9623 612
9639 616
9656 621
9672 626
9689 632
9705 630
9721 636
9738 638
9755 637
9772 641
9788 646
9805 648
9821 645
9837 645
9854 643
9870 641
9886 636
9903 634
9919 629
9936 630
9952 623
9968 621
9985 617
10001 611
10018 609
10034 614
10050 601
10067 595
10083 598
10100 590
10116 590
10132 591
10149 589
10165 580
10182 587
10198 584
10214 593
10231 592
10247 591
10264 597
10280 598
10296 602
10313 608
10329 610
10345 614
10362 621
10378 618
10395 628
10411 631
10427 630
10444 629
10460 637
10477 638
10493 637
10509 637
10526 630
10542 638
10559 635
10575 634
10591 631
10608 636
10624 603
10641 626
10657 624
10673 623
10690 619
10706 616
10723 618
10739 605
10755 610
10772 604
10788 600
10805 595
10821 594
10837 594
10854 591
10870 591
10886 592
10903 593
10919 592
10936 599
10952 595
10968 601
10985 600
11001 607
11018 603
11034 630
11050 611
11067 614
11083 622
11100 620
11116 622
11132 624
11149 627
11165 629
11182 630
11198 634
11214 631
11231 628
11247 633
11264 634
11280 630
11296 631
11313 630
11329 624
11345 623
11362 623
11378 621
11395 615
11411 615
11427 614
11444 612
11460 610
11477 602
11493 605
11509 602
11526 595
11542 600
11559 574
11575 598
11591 593
11608 589
11624 599
11641 598
11657 516
11673 599
11690 602
11706 599
11723 605
11739 607
11755 610
11772 616
11788 629
11805 617
11821 620
11837 623
11854 624
11870 624
11887 623
11903 628
11919 628
11936 632
11952 629
11969 630
11985 627
12001 631
12018 624
12034 627
12051 620
12067 624
12083 616
12100 623
12116 615
12132 611
12149 613
12165 616
12182 609
12198 608
12214 609
12231 603
12247 601
12264 604
12280 599
12296 605
12313 600
12329 600
12346 588
12362 601
12378 600
12395 606
12411 607
12428 607
12444 609
12460 614
12477 614
12493 614
12510 614
12526 622
12542 618
12559 621
12575 623
12591 625
12608 625
12624 628
12641 626
12657 625
12673 629
12690 627
12706 626
12723 626
12739 624
12755 621
12772 618
12788 619
12805 619
12821 616
12837 613
12854 615
12870 608
12887 607
12903 604
12919 607
12936 607
12952 599
12969 605
12985 606
13001 605
13018 607
13034 605
13051 604
13067 608
13083 584
13100 606
13116 608
13132 597
13149 608
13165 609
13182 614
13198 614
13214 615
13231 615
13247 614
13264 618
13280 621
13296 620
13313 623
13329 617
13346 620
13362 624
13378 623
13395 624
13411 622
13428 626
13444 623
13460 623
13477 620
13493 618
13510 617
13526 617
13542 611
13559 618
13575 608
13591 610
13608 583
13624 606
13641 607
13657 560
13673 607
13690 605
13706 603
13723 603
13739 604
13755 607
13772 608
13788 607
13805 611
13821 608
13837 611
13854 613
13870 609
13887 611
13903 615
13919 616
13936 616
13952 620
13969 616
13985 617
14001 623
14018 624
14034 594
14051 620
14067 622
14083 623
14100 624
14116 619
14133 622
14149 621
14165 622
14182 620
14198 621
14214 621
14231 615
14247 618
14264 616
14280 610
14296 610
14313 613
14329 611
14346 630
14362 609
14378 607
14395 611
14411 609
14428 607
14444 608
14460 611
14477 608
14493 611
14510 609
14526 608
14542 607
14559 596
14575 610
14592 613
14608 609
14624 618
14641 616
14657 618
14673 617
14690 621
14706 615
14723 622
14739 594
14756 623
14772 621
14788 628
14805 617
14821 620
14838 623
14854 624
14870 633
14887 617
14903 618
14920 618
14936 616
14952 614
14969 616
14985 613
15001 611
15018 614
15034 614
15051 614
15067 609
15083 609
15100 610
15116 609
15133 593
15149 607
15165 610
15182 606
15198 610
15215 609
15231 607
15247 610
15264 613
15280 615
15297 613
15313 616
15329 615
15346 615
15362 618
15379 620
15395 618
15411 619
15428 620
15444 625
15460 620
15477 621
15493 622
15510 619
15526 619
15542 616
15559 613
15575 619
15592 615
15608 614
15624 621
15641 617
15657 618
15674 616
15690 615
15706 613
15723 612
15739 615
15756 610
15772 609
15788 607
15805 607
15821 616
15838 607
15854 608
15870 607
15887 608
15903 607
15919 610
15936 609
15952 612
15969 609
15985 611
16001 615
16018 615
16034 612
16051 618
16067 613
16083 618
16100 618
16116 619
16133 629
16149 616
16165 619
16182 615
16198 614
16215 614
16231 618
16247 617
16264 618
16280 615
16297 619
16313 618
16329 612
16346 615
16362 614
16378 616
16395 611
16411 613
16428 613
16444 634
16460 612
16477 611
16493 614
16510 613
16526 610
16542 612
16559 608
16575 610
16592 609
16608 608
16624 610
16641 612
16657 610
16674 609
16690 614
16706 613
16723 611
16739 610
16756 616
16772 617
16788 617
16805 620
16821 619
