2 0
55 547
72 542
88 526
104 514
122 503
138 481
155 469
171 450
187 432
204 417
220 405
237 378
253 364
269 351
286 338
302 321
319 306
335 286
351 277
368 262
384 245
401 235
417 221
433 206
450 193
466 187
482 172
499 163
515 155
532 143
548 132
564 118
581 109
597 101
614 94
630 88
646 85
663 71
679 67
696 60
712 48
728 45
745 28
761 34
778 29
794 35
810 29
827 26
843 24
860 20
876 72
892 18
909 23
925 21
941 29
958 3
974 24
991 33
1007 31
1023 36
1040 43
1056 46
1073 50
1089 51
1105 62
1122 68
1139 45
1155 84
1172 85
1188 96
1204 102
1221 114
1237 123
1254 136
1270 144
1286 156
1303 166
1319 176
1336 190
1352 204
1368 208
1385 223
1401 235
1418 248
1434 261
1450 277
1467 295
1483 304
1499 321
1516 333
1532 345
1549 364
1565 379
1581 401
1598 407
1614 424
1631 442
1647 460
1663 472
1680 489
1696 504
1713 519
1729 537
1745 557
1762 572
1778 591
1795 605
1811 626
1827 636
1844 655
1860 675
1877 687
1893 703
1909 723
1926 734
1942 752
1958 767
1975 778
1991 795
2008 813
2024 824
2040 843
2057 855
2073 872
2090 882
2106 898
2122 915
2139 920
2155 935
2172 956
2188 961
2204 965
2221 986
2237 997
2254 1008
2270 1020
2286 1034
2303 1043
2319 1047
2336 1061
2352 1066
2368 1078
2385 1068
2401 1090
2418 1099
2434 1106
2450 1111
2467 1118
2483 1133
2500 1131
2516 1137
2532 1140
2549 1142
2565 1146
2581 1144
2598 1152
2614 1155
2631 1152
2647 1158
2663 1153
2680 1161
2696 1155
2713 1156
2729 1152
2745 1154
2762 1148
2778 1146
2795 1143
2811 1144
2827 1140
2844 1131
2860 1129
2877 1125
2893 1116
2909 1111
2926 1111
2942 1098
2959 1096
2975 1095
2991 1079
3008 1067
3024 1062
3040 1054
3057 1042
3073 1034
3090 1024
3106 1010
3123 1004
3139 993
3155 983
3172 969
3188 955
3205 948
3221 930
3237 920
3254 911
3270 895
3287 882
3303 869
3319 855
3336 844
3352 832
3368 812
3385 798
3401 781
3418 767
3434 760
3450 742
3467 724
3483 712
3500 698
3516 687
3532 665
3549 652
3565 635
3582 627
3598 608
3614 592
3631 578
3647 559
3664 550
3680 532
3696 518
3713 503
3729 489
3746 477
3762 459
3778 445
3795 430
3811 421
3827 408
3844 395
3860 378
3877 368
3893 356
3909 342
3926 337
3942 315
3959 307
3975 295
3991 287
4008 269
4024 265
4041 233
4057 239
4073 230
4090 213
4106 212
4123 204
4139 127
4155 193
4172 189
4188 175
4205 174
4221 163
4237 158
4254 154
4270 144
4286 138
4303 142
4319 131
4336 131
4352 129
4368 129
4385 126
4401 119
4418 112
4434 119
4450 121
4467 123
4483 119
4500 123
4516 119
4532 124
4549 121
4565 134
4582 127
4598 132
4614 136
4631 142
4647 143
4664 147
4680 150
4696 162
4713 164
4729 169
4745 174
4762 182
4778 189
4795 203
4811 207
4827 216
4844 219
4860 232
4877 242
4893 252
4909 259
4926 265
4942 278
4959 293
4975 297
4991 310
5008 325
5024 336
5041 343
5057 352
5073 370
5090 382
5106 394
5123 404
5139 420
5155 429
5172 448
5188 457
5205 471
5221 482
5237 501
5254 511
5270 525
5287 542
5303 560
5319 566
5336 579
5352 599
5369 605
5385 618
5401 631
5418 645
5434 658
5451 672
5467 689
5483 705
5500 715
5516 728
5532 742
5549 758
5565 767
5582 781
5598 793
5614 805
5631 818
5647 826
5664 829
5680 850
5696 866
5713 872
5729 881
5746 912
5762 905
5778 914
5795 924
5811 937
5828 946
5844 952
5860 961
5877 970
5893 978
5910 987
5926 1005
5942 997
5959 1003
5975 984
5991 1020
6008 1025
6024 1032
6041 1033
6057 1037
6073 1044
6090 1043
6106 1048
6123 1054
6139 1057
6155 1063
6172 1064
6188 1062
6205 1067
6221 1067
6237 1065
6254 1069
6270 1066
6287 1063
6303 1069
6319 1066
6336 1057
6352 1059
6369 1058
6385 1057
6401 1048
6418 1046
6434 1042
6451 1038
6467 1036
6483 1025
6500 1023
6516 1020
6532 1012
6549 1007
6565 999
6582 997
6598 986
6614 978
6631 970
6647 963
6664 954
6680 942
6696 934
6713 928
6729 914
6746 905
6762 899
6778 884
6795 881
6811 866
6828 859
6844 845
6860 840
6877 825
6893 815
6910 806
6926 791
6942 779
6959 768
6975 761
6991 742
7008 723
7024 720
7041 708
7057 693
7073 677
7090 671
7106 654
7123 641
7139 631
7155 617
7172 606
7188 591
7205 581
7221 567
7237 557
7254 544
7270 527
7287 515
7303 511
7319 499
7336 485
7352 475
7369 463
7385 448
7401 437
7418 426
7434 420
7451 404
7467 392
7483 389
7500 380
7516 372
7532 356
7549 348
7565 340
7582 332
7598 318
7614 308
7631 300
7647 297
7664 291
7680 281
7696 272
7713 268
7729 261
7746 248
7762 247
7778 244
7795 236
7811 225
7828 231
7844 221
7860 221
7877 210
7893 214
7910 208
7926 200
7942 210
7959 204
7975 206
7991 202
8008 223
8024 200
8041 201
8057 203
8073 203
8090 201
8106 206
8123 202
8139 209
8155 210
8172 211
8188 215
8205 218
8221 223
8237 228
8254 230
8270 232
8287 236
8303 245
8319 246
8336 258
8352 260
8369 264
8385 276
8401 287
8418 286
8434 295
8451 302
8467 311
8483 316
8500 328
8516 338
8532 348
8549 351
8565 361
8582 374
8598 378
8614 388
8631 399
8647 407
8664 421
8680 431
8696 442
8713 455
8729 463
8746 472
8762 483
8778 495
8795 503
8811 518
8828 532
8844 542
8860 556
8877 563
8893 574
8910 585
8926 599
8942 605
8959 627
8975 632
8991 639
9008 655
9024 663
9041 677
9057 687
9073 694
9090 706
9106 718
9123 729
9139 746
9155 747
9172 768
9188 771
9205 781
9221 791
9237 805
9254 811
9270 818
9287 828
9303 838
9319 851
9336 857
9352 862
9369 877
9385 883
9401 889
9418 897
9434 905
9451 900
9467 912
9483 924
9500 932
9516 935
9532 943
9549 947
9565 949
9582 954
9598 960
9614 977
9631 970
9647 975
9664 978
9680 977
9696 978
9713 985
9729 985
9746 982
9762 984
9778 983
9795 987
9811 988
9828 988
9844 995
9860 994
9877 987
9893 989
9910 983
9926 992
9942 983
9959 982
9975 977
9991 973
10008 977
10024 974
10041 965
10057 955
10073 957
10090 948
10106 949
10123 940
10139 912
10155 932
10172 924
10188 915
10205 910
10221 908
10237 898
10254 892
10270 882
10287 874
10303 865
10319 859
10336 852
10352 845
10369 833
10385 823
10401 818
10418 802
10434 797
10451 792
10467 775
10483 768
10500 769
10516 750
10532 738
10549 730
10565 723
10582 716
10598 698
10614 686
10631 682
10647 669
10664 663
10680 648
10696 638
10713 631
10729 617
10746 612
10762 597
10778 583
10795 573
10811 567
10828 554
10844 547
10860 540
10877 523
10893 513
10910 485
10926 495
10942 488
10959 474
10975 474
10991 462
11008 447
11024 440
11041 433
11057 428
11073 419
11090 409
11106 400
11123 389
11139 382
11155 373
11172 372
11188 366
11205 355
11221 349
11237 348
11254 335
11270 328
11287 326
11303 319
11319 316
11336 334
11352 306
11369 303
11385 296
11401 291
11418 291
11434 287
11451 286
11467 284
11483 279
11500 276
11516 275
11532 279
11549 270
11565 274
11582 270
11598 268
11614 267
11631 268
11647 276
11664 276
11680 273
11696 272
11713 277
11729 278
11746 279
11762 281
11778 284
11795 283
11811 288
11828 297
11844 303
11860 301
11877 308
11893 311
11910 316
11926 319
11942 326
11959 332
11975 334
11991 340
12008 349
12024 355
12041 362
12057 366
12073 372
12090 382
12106 387
12123 394
12139 403
12155 414
12172 419
12188 427
12205 439
12221 445
12237 455
12254 459
12270 468
12287 478
12303 492
12319 498
12336 495
12352 517
12369 523
12385 533
12401 542
12418 549
12434 560
12451 572
12467 577
12483 584
12500 599
12516 607
12532 620
12549 625
12565 638
12582 643
12598 652
12614 646
12631 676
12647 690
12664 694
12680 704
12696 708
12713 718
12729 726
12746 742
12762 746
12778 750
12795 783
12811 768
12828 774
12844 797
12860 792
12877 801
12893 806
12910 814
12926 827
12942 828
12959 839
12975 849
12991 849
13008 852
13024 863
13041 865
13057 871
13073 878
13090 878
13106 886
13123 891
13139 894
13155 892
13172 899
13188 906
13205 912
13221 913
13237 916
13254 920
13270 918
13287 921
13303 927
13319 902
13336 930
13352 929
13369 924
13385 925
13401 931
13418 931
13434 927
13451 929
13467 927
13483 925
13500 923
13516 921
13532 918
13549 919
13565 917
13582 910
13598 911
13614 902
13631 901
13647 901
13664 889
13680 889
13696 886
13713 882
13729 876
13746 872
13762 870
13778 858
13795 851
13811 847
13828 845
13844 839
13860 810
13877 826
13893 822
13910 831
13926 807
13942 801
13959 728
13975 779
13991 772
14008 770
14024 763
14041 750
14057 746
14073 741
14090 728
14106 715
14123 710
14139 703
14155 689
14172 688
14188 684
14205 670
14221 659
14237 652
14254 645
14270 645
14287 630
14303 617
14319 605
14336 599
14352 588
14369 580
14385 572
14401 565
14418 559
14434 549
14451 537
14467 533
14483 523
14500 518
14516 507
14532 503
14549 490
14565 486
14582 482
14598 472
14614 464
14631 456
14647 445
14664 444
14680 440
14696 424
14713 421
14729 418
14746 417
14762 404
14778 393
14795 394
14811 384
14828 384
14844 378
14860 374
14877 366
14893 366
14910 361
14926 360
14942 351
14959 352
14975 347
14991 345
15008 399
15024 338
15041 338
15057 334
15073 334
15090 333
15106 331
15123 327
15139 326
15155 320
15172 322
15188 322
15205 328
15221 322
15237 329
15254 322
15270 333
15287 331
15303 331
15319 336
15336 337
15352 340
15369 339
15385 344
15401 343
15418 347
15434 350
15451 355
15467 363
15483 366
15500 368
15516 373
15532 375
15549 381
15565 386
15582 393
15598 395
15614 403
15631 412
15647 415
15664 417
15680 428
15696 436
15713 437
15729 441
15746 453
15762 457
15778 465
15795 475
15811 479
15828 486
15844 489
15860 504
15877 512
15893 515
15910 519
15926 533
15942 535
15959 556
15975 554
15991 564
16008 568
16024 579
16041 588
16057 592
16073 602
16090 613
16106 615
16123 625
16139 632
16155 640
16172 649
16188 656
16205 671
16221 673
16237 679
16254 685
16270 694
16287 724
16303 712
16319 715
16336 728
16352 734
16369 743
16385 746
16401 755
16418 759
16434 766
16451 768
16467 783
16483 784
16500 790
16516 791
16532 796
16549 807
16565 811
16582 813
16598 818
16614 821
16631 830
16647 836
16664 844
16680 840
16696 844
16713 848
16729 854
16746 910
16762 861
16778 857
16795 868
16811 867
16828 870
16844 866
16860 873
16877 875
16893 876
16910 874
16926 868
16942 878
16959 881
16975 879
16991 880
17008 861
17024 874
17041 872
17057 875
17073 870
17090 872
17106 872
17123 868
17139 866
17155 863
17172 859
17188 858
17205 853
17221 855
17237 851
17254 845
17270 843
17287 838
17303 838
17319 832
17336 825
17352 821
17369 819
17385 810
17401 804
17418 802
17434 798
17451 790
17467 786
17483 774
17500 777
17516 765
17532 766
17549 759
17565 750
17582 742
17598 737
17614 732
17631 722
17647 714
17664 712
17680 702
17696 696
17713 688
17729 681
17746 676
17762 666
17778 661
17795 653
17811 646
17828 639
17844 628
17860 622
17877 620
17893 609
17910 594
17926 596
17942 592
17959 579
17975 571
17991 567
18008 555
18024 554
18041 541
18057 538
18073 528
18090 521
18106 519
18123 512
18139 502
18155 495
18172 494
18188 483
18205 481
18221 481
18237 469
18254 459
18270 454
18287 451
18303 443
18319 438
18336 440
18352 433
18369 430
18385 419
18401 420
18418 416
18434 407
18451 411
18467 406
18483 399
18500 396
18516 397
18532 392
18549 390
18565 389
18582 385
18598 384
18614 386
18631 379
18647 377
18664 369
18680 375
18696 374
18713 375
18729 376
18746 373
18762 373
18778 374
18795 376
18811 371
18828 373
18844 369
18860 373
18877 378
18893 381
18910 385
18926 385
18942 388
18959 388
18975 392
18991 395
19008 397
19024 400
19041 405
19057 407
19073 413
19090 407
19106 421
19123 421
19139 427
19155 426
19172 432
19188 439
19205 448
19221 451
19237 473
19254 460
19270 462
19287 470
19303 476
19319 476
19336 489
19352 489
19369 491
19385 502
19401 510
19418 517
19434 519
19451 528
19467 537
19483 543
19500 547
19516 548
19532 562
19549 569
19565 577
19582 584
19598 589
19614 595
19631 595
19647 608
19664 611
19680 617
19696 631
19713 638
19729 646
19746 646
19762 655
19778 658
19795 664
19811 671
19828 681
19844 684
19860 688
19877 696
19893 706
19910 712
19926 714
19942 724
19959 726
19975 734
19991 735
20008 737
20024 750
20041 753
20057 756
20073 764
20090 770
20106 770
20123 776
20139 784
20155 789
20172 786
20188 793
20205 795
20221 800
20237 807
20254 813
20270 813
20287 756
20303 820
20319 816
20336 814
20352 822
20369 825
20385 831
20401 828
20418 826
20434 832
20451 830
20467 834
20483 834
20500 834
20516 833
20532 830
20549 835
20565 837
20582 830
20598 830
20614 831
20631 838
20647 833
20664 828
20680 834
20696 825
20713 823
20729 823
20746 825
20762 816
20778 820
20795 813
20811 808
20828 803
20844 801
20860 799
20877 798
20893 791
20910 790
20926 789
20942 783
20959 778
20975 773
20991 782
21008 768
21024 763
21041 755
21057 751
21073 744
21090 738
21106 737
21123 724
21139 724
21155 716
21172 709
21188 707
21205 696
21221 699
21237 693
21254 681
21270 681
21287 672
21303 663
21319 660
21336 653
21352 651
21369 646
21385 638
21401 632
21418 622
21434 623
21451 611
21467 608
21483 604
21500 591
21516 588
21532 582
21549 576
21565 569
21582 565
21598 565
21614 544
21631 543
21647 545
21664 535
21680 532
21696 524
21713 523
21729 515
21746 506
21762 504
21778 500
21795 496
21811 492
21828 486
21844 482
21860 476
21877 468
21893 472
21910 461
21926 460
21942 463
21959 454
21975 452
21991 447
22008 446
22024 439
22041 436
22057 433
22073 447
22090 430
22106 425
22123 430
22139 424
22155 422
22172 421
22188 419
22205 412
22221 416
22237 419
22254 415
22270 408
22287 419
22303 412
22319 411
22336 415
22352 412
22369 410
22385 415
22401 417
22418 419
22434 416
22451 418
22467 421
22483 420
22500 421
22516 423
22532 423
22549 425
22565 415
22582 435
22598 437
22614 441
22631 437
22647 440
22664 441
22680 451
22696 454
22713 458
22729 461
22746 463
22762 468
22778 470
22795 479
22811 482
22828 486
22844 490
22860 494
22877 495
22893 503
22910 510
22926 516
22942 516
22959 525
22975 530
22991 537
23008 537
23024 545
23041 548
23057 552
23073 557
23090 565
23106 573
23123 582
23139 583
23155 586
23172 591
23188 600
23205 603
23221 606
23237 615
23254 621
23270 631
23287 631
23303 636
23319 642
23336 650
23352 654
23369 657
23385 666
23401 668
23418 671
23434 677
23451 687
23467 688
23483 692
23500 696
23516 703
23532 711
23549 710
23565 713
23582 723
23598 727
23614 706
23631 739
23647 735
23664 737
23680 750
23696 751
23713 757
23729 759
23746 737
23762 762
23778 765
23795 772
23811 774
23828 781
23844 779
23860 781
23877 777
23893 785
23910 785
23926 792
23942 791
23959 794
23975 792
23991 796
24008 794
24024 795
24041 795
24057 800
24073 798
24090 799
24106 796
24123 797
24139 798
24155 799
24172 794
24188 791
24205 795
24221 795
24237 816
24254 793
24270 790
24287 788
24303 788
24319 787
24336 782
24352 783
24369 783
24385 775
24401 773
24418 776
24434 768
24451 766
24467 762
24483 758
24500 760
24516 753
24532 750
24549 749
24565 743
24582 745
24598 732
24614 728
24631 730
24647 718
24664 720
24680 717
24696 702
24713 704
24729 702
24746 693
24762 692
24778 687
24795 683
24811 679
24828 676
24844 667
24860 641
24877 660
24893 653
24910 671
24926 642
24942 638
24959 646
24975 628
24991 620
25008 618
25024 611
25041 609
25057 599
25073 597
25090 594
25106 587
25123 579
25139 581
25155 575
25172 566
25188 560
25205 555
25221 556
25237 553
25254 546
25270 538
25287 532
25303 530
25319 525
25336 519
25352 520
25369 512
25385 512
25401 506
25418 502
25434 500
25451 496
25467 491
25483 488
25500 486
25516 479
25532 481
25549 474
25565 474
25582 468
25598 469
25614 459
25631 470
25647 460
25664 461
25680 457
25696 452
25713 452
25729 450
25746 451
25762 453
25778 448
25795 448
25811 450
25828 443
25844 442
25860 444
25877 444
25893 442
25910 443
25926 446
25942 449
25959 451
25975 449
25991 443
26008 449
26024 450
26041 448
26057 452
26073 453
26090 458
26106 455
26123 455
26139 460
26155 461
26172 464
26188 463
26205 472
26221 472
26237 469
26254 476
26270 479
26287 482
26303 488
26319 499
26336 495
26352 495
26369 497
26385 503
26401 506
26418 509
26434 515
26451 516
26467 523
26483 520
26500 528
26516 533
26532 531
26549 543
26565 546
26582 552
26598 555
26614 560
26631 563
26647 568
26664 575
26680 578
26696 582
26713 589
26729 589
26746 594
26762 600
26778 602
26795 611
26811 616
26828 623
26844 628
26860 624
26877 633
26893 636
26910 635
26926 647
26942 653
26959 650
26975 662
26991 665
27008 665
27024 674
27041 675
27057 682
27073 683
27090 693
27106 692
27123 698
27139 704
27155 703
27172 705
27188 704
27205 713
27221 717
27237 724
27254 722
27270 728
27287 736
27303 733
27319 735
27336 735
27352 741
27369 743
27385 748
27401 748
27418 748
27434 749
27451 752
27467 757
27483 756
27500 757
27516 760
27532 766
27549 760
27565 757
27582 759
27598 767
27614 769
27631 772
27647 770
27664 768
27680 765
27696 767
27713 772
27729 770
27746 770
27762 765
27778 764
27795 761
27811 767
27828 760
27844 766
27860 756
27877 757
27893 775
27910 754
27926 754
27942 753
27959 754
27975 748
27991 748
28008 749
28024 734
28041 737
28057 737
28073 738
28090 735
28106 728
28123 721
28139 718
28155 723
28172 718
28188 714
28205 713
28221 705
28237 705
28254 697
28270 696
28287 691
28303 687
28319 682
28336 680
28352 678
28369 675
28385 670
28401 667
28418 660
28434 660
28451 654
28467 649
28483 637
28500 636
28516 633
28532 630
28549 624
28565 623
28582 615
28598 616
28614 616
28631 605
28647 602
28664 598
28680 591
28696 585
28713 574
28729 583
28746 575
28762 571
28778 567
28795 560
28811 559
28828 557
28844 554
28860 547
28877 544
28893 537
28910 540
28926 535
28942 522
28959 527
28975 526
28991 519
29008 517
29024 510
29041 506
29057 509
29073 506
29090 499
29106 499
29123 498
29139 498
29155 489
29172 491
29188 486
29205 489
29221 486
29237 482
29254 479
29270 485
29287 482
29303 477
29319 474
29336 481
29352 471
29369 471
29385 475
29401 475
29418 465
29434 472
29451 470
29467 469
29483 478
29500 472
29516 479
29532 472
29549 475
29565 472
29582 472
29598 472
29614 481
29631 479
29647 484
29664 479
29680 483
29696 482
29713 489
29729 491
29746 488
29762 488
29778 491
29795 495
29811 497
29828 496
29844 496
29860 505
29877 507
29893 505
29910 512
29926 516
29942 515
29959 516
29975 519
29991 530
30008 531
30024 529
30041 534
30057 539
30073 536
30090 554
30106 552
30123 553
30139 551
30155 553
30172 567
30188 567
30205 566
30221 572
30237 575
30254 580
30270 588
30287 592
30303 597
30319 602
30336 605
30352 606
30369 606
30385 611
30401 614
30418 622
30434 629
30451 629
30467 633
30483 637
30500 641
30516 647
30532 647
30549 651
30565 651
30582 661
30598 661
30614 674
30631 671
30647 677
30664 678
30680 675
30696 686
30713 689
30729 690
30746 692
30762 693
30778 698
30795 703
30811 703
30828 712
30844 709
30860 714
30877 712
30893 715
30910 718
30926 716
30942 721
30959 726
30975 729
30991 729
31008 732
31024 730
31041 732
31057 732
31073 736
31090 737
31106 744
31123 741
31139 745
31155 744
31172 746
31188 742
31205 740
31221 742
31237 739
31254 742
31270 747
31287 743
31303 742
31319 744
31336 744
31352 743
31369 743
31385 746
31401 737
31418 737
31434 742
31451 736
31467 736
31483 751
31500 739
31516 731
31532 727
31549 728
31565 725
31582 722
31598 725
31614 718
31631 717
31647 707
31664 713
31680 710
31696 709
31713 705
31729 703
31746 701
31762 702
31778 694
31795 691
31811 690
31828 679
31844 681
31860 694
31877 677
31893 671
31910 672
31926 670
31942 659
31959 658
31975 656
31991 654
32008 649
32024 649
32041 643
32057 638
32073 636
32090 630
32106 629
32123 625
32139 617
32155 620
32172 612
32188 609
32205 607
32221 601
32237 600
32254 598
32270 589
32287 591
32303 587
32319 577
32336 577
32352 577
32369 575
32385 568
32401 566
32418 563
32434 556
32451 554
32467 555
32483 493
32500 547
32516 545
32532 537
32549 537
32565 534
32582 528
32598 527
32614 527
32631 528
32647 525
32664 522
32680 513
32696 520
32713 513
32729 512
32746 515
32762 515
32778 509
32795 513
32811 502
32828 508
32844 501
32860 500
32877 500
32893 504
32910 497
32926 496
32942 493
32959 497
32975 496
32991 496
33008 488
33024 493
33041 495
33057 497
33073 489
33090 494
33106 497
33123 494
33139 494
33155 497
33172 502
33188 496
33205 497
33221 493
33237 500
33254 502
33270 502
33287 504
33303 508
33319 507
33336 506
33352 511
33369 512
33385 517
33401 514
33418 520
33434 523
33451 526
33467 525
33483 576
33500 529
33516 531
33532 535
33549 536
33565 537
33582 545
33598 548
33614 548
33631 558
33647 549
33664 556
33680 559
33696 559
33713 566
33729 569
33746 573
33762 570
33778 576
33795 580
33811 581
33828 587
33844 589
33860 595
33877 599
33893 600
33910 611
33926 606
33942 610
33959 613
33975 616
33991 618
34008 628
34024 626
34041 632
34057 627
34073 636
34090 643
34106 643
34123 651
34139 650
34155 654
34172 655
34188 661
34205 661
34221 661
34237 665
34254 664
34270 675
34287 671
34303 677
34319 683
34336 682
34352 684
34369 681
34385 689
34401 691
34418 694
34434 700
34451 698
34467 703
34483 697
34500 706
34516 702
34532 712
34549 710
34565 710
34582 709
34598 708
34614 710
34631 718
34647 718
34664 724
34680 718
34696 717
34713 724
34729 723
34746 723
34762 722
34778 722
34795 721
34811 728
34828 724
34844 721
34860 721
34877 726
34893 723
34910 722
34926 704
34942 717
34959 716
34975 724
34991 721
35008 733
35024 715
35041 716
35057 726
35073 714
35090 713
35106 708
35123 707
35139 725
35155 702
35172 709
35188 700
35205 697
35221 698
35237 694
35254 694
35270 689
35287 686
35303 686
35319 682
35336 688
35352 679
35369 680
35385 671
35401 672
35418 677
35434 667
35451 670
35467 661
35483 664
35500 657
35516 653
35532 653
35549 647
35565 642
35582 642
35598 638
35614 637
35631 636
35647 636
35664 627
35680 624
35696 619
35713 622
35729 619
35746 614
35762 609
35778 612
35795 606
35811 601
35828 599
35844 593
35860 587
35877 587
35893 587
35910 580
35926 579
35942 578
35959 581
35975 571
35991 570
36008 569
36024 564
36041 560
36057 559
36073 557
36090 558
36106 555
36123 552
36139 548
36155 547
36172 547
36188 542
36205 539
36221 536
36237 533
36254 533
36270 534
36287 526
36303 528
36319 528
36336 524
36352 529
36369 525
36385 526
36401 523
36418 515
36434 523
36451 522
36467 522
36483 503
36500 515
36516 512
36532 520
36549 516
36565 517
36582 513
36598 513
36614 504
36631 517
36647 517
36664 516
36680 517
36696 516
36713 518
36729 518
36746 513
36762 517
36778 516
36795 524
36811 518
36828 523
36844 520
36860 523
36877 523
36893 527
36910 528
36926 517
36942 530
36959 528
36975 530
36991 537
37008 559
37024 548
37041 543
37057 539
37073 547
37090 548
37106 549
37123 553
37139 542
37155 555
37172 559
37188 559
37205 566
37221 567
37237 571
37254 569
37270 572
37287 569
37303 572
37319 591
37336 583
37352 580
37369 591
37385 588
37401 592
37418 597
37434 600
37451 600
37467 604
37483 615
37500 609
37516 614
37532 609
37549 616
37565 625
37582 618
37598 622
37614 643
37631 631
37647 634
37664 638
37680 641
37696 646
37713 645
37729 645
37746 645
37762 652
37778 650
37795 680
37811 658
37828 662
37844 662
37860 668
37877 668
37893 674
37910 672
37926 674
37942 672
37959 678
37975 680
37991 687
38008 681
38024 683
38041 685
38057 687
38073 694
38090 692
38106 690
38123 690
38139 694
38155 696
38172 697
38188 696
38205 700
38221 693
38237 698
38254 696
38270 679
38287 700
38303 704
38319 717
38336 707
38352 706
38369 701
38385 702
38401 706
38418 709
38434 704
38451 703
38467 702
38483 704
38500 701
38516 702
38532 700
38549 706
38565 701
38582 700
38598 699
38614 695
38631 698
38647 698
38664 700
38680 694
38696 691
38713 690
38729 691
38746 689
38762 687
38778 686
38795 685
38811 626
38828 685
38844 678
38860 680
38877 677
38893 671
38910 667
38926 673
38942 668
38959 664
38975 663
38991 659
39008 665
39024 658
39041 654
39057 656
39073 658
39090 649
39106 646
39123 650
39139 644
39155 638
39172 637
39188 636
39205 633
39221 629
39237 630
39254 620
39270 619
39287 619
39303 618
39319 613
39336 604
39352 608
39369 613
39385 608
39401 607
39418 601
39434 602
39451 595
39467 592
39483 566
39500 590
39516 590
39532 589
39549 581
39565 581
39582 578
39598 573
39614 564
39631 571
39647 567
39664 567
39680 563
39696 567
39713 568
39729 560
39746 557
39762 556
39778 554
39795 553
39811 551
39828 552
39844 547
39860 544
39877 546
39893 546
39910 547
39926 536
39942 541
39959 540
39975 537
39991 538
40008 539
40024 533
40041 539
40057 533
40073 533
40090 532
40106 536
40123 535
40139 533
40155 532
40172 529
40188 535
40205 537
40221 531
40237 527
40254 532
40270 532
40287 534
40303 536
40319 537
40336 531
40352 533
40369 535
40385 541
40401 536
40418 537
40434 541
40451 543
40467 541
40483 549
40500 547
40516 544
40532 546
40549 548
40565 549
40582 547
40598 546
40614 546
40631 553
40647 558
40664 558
40680 554
40696 562
40713 562
40729 569
40746 565
40762 568
40778 572
40795 569
40811 581
40828 577
40844 579
40860 582
40877 579
40893 584
40910 592
40926 592
40942 589
40959 603
40975 594
40991 600
41008 599
41024 604
41041 606
41057 604
41073 607
41090 610
41106 614
41123 611
41139 611
41155 620
41172 622
41188 626
41205 624
41221 626
41237 623
41254 629
41270 636
41287 632
41303 638
41319 639
41336 644
41352 645
41369 643
41385 646
41401 648
41418 650
41434 654
41451 656
41467 660
41483 674
41500 659
41516 663
41532 661
41549 667
41565 668
41582 666
41598 669
41614 675
41631 672
41647 673
41664 681
41680 675
41696 675
41713 677
41729 673
41746 681
41762 682
41778 683
41795 688
41811 686
41828 681
41844 683
41860 685
41877 684
41893 691
41910 688
41926 670
41942 685
41959 687
41975 688
41991 684
42008 685
42024 687
42041 694
42057 689
42073 690
42090 697
42106 686
42123 687
42139 687
42155 690
42172 682
42188 691
42205 690
42221 679
42237 681
42254 683
42270 681
42287 680
42303 678
42319 670
42336 673
42352 676
42369 683
42385 670
42401 674
42418 673
42434 668
42451 666
42467 664
42483 660
42500 659
42516 660
42532 660
42549 657
42565 653
42582 642
42598 649
42614 653
42631 644
42647 646
42664 642
42680 645
42696 635
42713 636
42729 639
42746 631
42762 631
42778 624
42795 626
42811 626
42828 623
42844 620
42860 619
42877 610
42893 614
42910 617
42926 609
42942 610
42959 605
42975 606
42991 604
43008 603
43024 601
43041 594
43057 591
43073 598
43090 591
43106 586
43123 585
43139 586
43155 586
43172 582
43188 582
43205 578
43221 580
43237 575
43254 574
43270 569
43287 563
43303 568
43319 565
43336 576
43352 561
43369 563
43385 565
43401 565
43418 561
43434 559
43451 556
43467 556
43483 555
43500 556
43516 555
43532 554
43549 554
43565 551
43582 547
43598 551
43614 545
43631 550
43647 549
43664 543
43680 549
43696 548
43713 548
43729 545
43746 545
43762 539
43778 548
43795 549
43811 547
43828 546
43844 544
43860 546
43877 550
43893 551
43910 545
43926 549
43942 551
43959 549
43975 549
43991 550
44008 550
44024 553
44041 551
44057 557
44073 557
44090 555
44106 556
44123 556
44139 555
44155 561
44172 560
44188 557
44205 565
44221 563
44237 560
44254 571
44270 569
44287 571
44303 566
44319 571
44336 574
44352 579
44369 578
44385 575
44401 584
44418 583
44434 587
44451 590
44467 588
44483 594
44500 593
44516 591
44532 593
44549 599
44565 600
44582 601
44598 603
44614 599
44631 608
44647 605
44664 595
44680 609
44696 615
44713 612
44729 619
44746 622
44762 621
44778 624
44795 624
44811 628
44828 632
44844 628
44860 636
44877 632
44893 641
44910 638
44926 641
44942 637
44959 642
44975 646
44991 646
45008 646
45024 648
45041 650
45057 650
45073 656
45090 624
45106 653
45123 660
45139 672
45155 662
45172 664
45188 651
45205 665
45221 659
45237 672
45254 667
45270 667
45287 662
45303 670
45319 669
45336 666
45352 674
45369 671
45385 672
45401 674
45418 675
45434 673
45451 673
45467 675
45483 668
45500 675
45516 676
45532 685
45549 682
45565 672
45582 665
45598 676
45614 677
45631 675
45647 679
45664 670
45680 673
45696 673
45713 677
45729 678
45746 673
45762 672
45778 674
45795 673
45811 666
45828 671
45844 660
45860 670
45877 663
45893 663
45910 662
45926 664
45942 663
45959 656
45975 627
45991 658
46008 658
46024 658
46041 661
46057 655
46073 655
46090 650
46106 646
46123 652
46139 646
46155 648
46172 645
46188 638
46205 640
46221 637
46237 643
46254 640
46270 633
46287 638
46303 630
46319 630
46336 625
46352 627
46369 625
46385 624
46401 621
46418 621
46434 617
46451 610
46467 612
46483 613
46500 611
46516 613
46532 604
46549 607
46565 609
46582 597
46598 599
46614 615
46631 597
46647 595
46664 596
46680 590
46696 590
46713 593
46729 594
46746 584
46762 582
46778 581
46795 580
46811 583
46828 577
46844 580
46860 577
46877 571
46893 578
46910 571
46926 572
46942 571
46959 571
46975 564
46991 566
47008 565
47024 565
47041 564
47057 568
47073 565
47090 564
47106 563
47123 559
47139 564
47155 561
47172 561
47188 560
47205 560
47221 560
47237 558
47254 558
47270 557
47287 555
47303 558
47319 557
47336 557
47352 556
47369 553
47385 553
47401 553
47418 562
47434 559
47451 556
47467 558
47483 557
47500 561
47516 560
47532 559
47549 560
47565 559
47582 561
47598 564
47614 561
47631 562
47647 565
47664 564
47680 566
47696 565
47713 568
47729 572
47746 571
47762 572
47778 572
47795 574
47811 572
47828 573
47844 578
47860 580
47877 581
47893 578
47910 582
47926 585
47942 584
47959 587
47975 584
47991 588
48008 589
48024 591
48041 598
48057 596
48073 594
48090 599
48106 599
48123 600
48139 606
48155 605
48172 650
48188 610
48205 612
48221 612
48237 612
48254 618
48270 617
48287 617
48303 619
48319 625
48336 621
48352 622
48369 624
48385 624
48401 630
48418 632
48434 632
48451 631
48467 634
48483 633
48500 639
48516 640
48532 633
48549 639
48565 642
48582 642
48598 644
48614 649
48631 642
48647 647
48664 648
48680 645
48696 649
48713 652
48729 663
48746 656
48762 654
48778 654
48795 659
48811 661
48828 662
48844 659
48860 664
48877 660
48893 660
48910 659
48926 685
48942 662
48959 662
48975 664
48991 662
49008 640
49024 666
49041 667
49057 659
49073 667
49090 667
49106 664
49123 663
49139 669
49155 667
49172 667
49188 665
49205 660
49221 664
49237 665
49254 664
49270 661
49287 663
49303 660
49319 658
49336 664
49352 663
49369 659
49385 659
49401 659
49418 667
49434 658
49451 658
49467 654
49483 655
49500 655
49516 655
49532 654
49549 650
49565 650
49582 646
49598 642
49614 641
49631 647
49647 643
49664 642
49680 645
49696 641
49713 640
49729 638
49746 637
49762 637
49778 635
49795 631
49811 625
49828 630
49844 629
49860 627
49877 624
49893 626
49910 607
49926 619
49942 620
49959 635
49975 619
49991 614
50008 613
50024 615
50041 610
50057 618
50073 613
50090 611
50106 603
50123 608
50139 601
50155 603
50172 606
50188 603
50205 597
50221 598
50237 597
50254 596
50270 596
50287 594
50303 589
50319 585
50336 582
50352 585
50369 564
50385 582
50401 586
50418 581
50434 582
50451 580
50467 581
50483 578
50500 582
50516 574
50532 573
50549 573
50565 576
50582 571
50598 577
50614 569
50631 573
50647 571
50664 569
50680 571
50696 571
50713 568
50729 572
50746 568
50762 567
50778 569
50795 566
50811 569
50828 567
50844 572
50860 563
50877 573
50893 569
50910 570
50926 559
50942 572
50959 567
50975 569
50991 564
51008 561
51024 569
51041 566
51057 567
51073 577
51090 571
51106 571
51123 573
51139 579
51155 569
51172 575
51188 576
51205 571
51221 572
51237 576
51254 578
51270 575
51287 580
51303 582
51319 583
51336 574
51352 579
51369 583
51385 585
51401 581
51418 585
51434 589
51451 589
51467 588
51483 591
51500 587
51516 596
51532 593
51549 593
51565 597
51582 597
51598 602
51614 595
51631 594
51647 598
51664 604
51680 599
51696 601
51713 605
51729 608
51746 612
51762 611
51778 609
51795 615
51811 613
51828 618
51844 619
51860 621
51877 618
51893 619
51910 635
51926 628
51942 624
51959 644
51975 628
51991 625
52008 600
52024 629
52041 628
52057 635
52073 631
52090 636
52106 635
52123 635
52139 637
52155 638
52172 638
52188 640
52205 644
52221 645
52237 641
52254 644
52270 645
52287 646
52303 646
52319 644
52336 646
52352 649
52369 644
52385 651
52401 650
52418 651
52434 648
52451 650
52467 657
52483 651
52500 658
52516 657
52532 649
52549 653
52565 654
52582 656
52598 653
52614 658
52631 659
52647 653
52664 657
52680 657
52696 660
52713 656
52729 654
52746 648
52762 658
52778 656
52795 658
52811 655
52828 653
52844 656
52860 654
52877 646
52893 649
52910 652
52926 628
52942 656
52959 652
52975 653
52991 653
53008 649
53024 647
53041 648
53057 645
53073 646
53090 648
53106 644
53123 646
53139 644
53155 639
53172 643
53188 644
53205 641
53221 639
53237 639
53254 636
53270 635
53287 634
53303 635
53319 633
53336 627
53352 629
53369 629
53385 626
53401 628
53418 626
53434 628
53451 626
53467 622
53483 623
53500 622
53516 616
53532 618
53549 613
53565 610
53582 616
53598 615
53614 615
53631 608
53647 607
53664 611
53680 604
53696 604
53713 600
53729 607
53746 601
53762 603
53778 603
53795 598
53811 600
53828 594
53844 604
53860 599
53877 595
53893 597
53910 591
53926 590
53942 592
53959 592
53975 593
53991 588
54008 586
54024 591
54041 589
54057 582
54073 579
54090 584
54106 579
54123 580
54139 582
54155 582
54172 578
54188 583
54205 581
54221 579
54237 576
54254 577
54270 583
54287 578
54303 579
54319 578
54336 579
54352 577
54369 578
54385 571
54401 572
54418 576
54434 575
54451 579
54467 572
54483 574
54500 577
54516 578
54532 576
54549 574
54565 578
54582 572
54598 573
54614 575
54631 574
54647 578
54664 581
54680 574
54696 575
54713 580
54729 581
54746 577
54762 579
54778 583
54795 583
54811 581
54828 582
54844 584
54860 585
54877 585
54893 584
54910 586
54926 592
54942 582
54959 584
54975 590
54991 591
55008 592
55024 586
55041 593
55057 596
55073 580
55090 593
55106 602
55123 599
55139 603
55155 601
55172 601
55188 601
55205 603
55221 603
55237 607
55254 602
55270 602
55287 601
55303 608
55319 609
55336 616
55352 610
55369 611
55385 611
55401 613
55418 616
55434 617
55451 621
55467 620
55483 620
55500 621
55516 622
55532 619
55549 621
55565 624
55582 628
55598 624
55614 618
55631 628
55647 632
55664 631
55680 627
55696 635
55713 635
55729 632
55746 631
55762 636
55778 642
55795 675
55811 638
55828 637
55844 637
55860 637
55877 643
55893 649
55910 641
55926 644
55942 645
55959 641
55975 642
55991 646
56008 648
56024 647
56041 647
56057 649
56073 649
56090 647
56106 653
56123 647
56139 650
56155 649
56172 654
56188 651
56205 649
56221 650
56237 653
56254 651
56270 652
56287 648
56303 653
56319 652
56336 649
56352 650
56369 651
56385 646
56401 648
56418 657
56434 656
56451 644
56467 648
56483 660
56500 650
56516 650
56532 647
56549 649
56565 649
56582 644
56598 648
56614 644
56631 641
56647 643
56664 641
56680 640
56696 636
56713 639
56729 640
56746 635
56762 634
56778 634
56795 637
56811 634
56828 636
56844 633
56860 636
56877 630
56893 631
56910 631
56926 630
56942 628
56959 620
56975 627
56991 626
57008 623
57024 623
57041 623
57057 620
57073 618
57090 617
57106 620
57123 618
57139 617
57155 617
57172 616
57188 613
57205 609
57221 615
57237 610
57254 608
57270 607
57287 608
57303 604
57319 604
57336 604
57352 599
57369 601
57385 602
57401 602
57418 599
57434 599
57451 598
57467 596
57483 598
57500 598
57516 598
57532 593
57549 592
57565 593
57582 594
57598 591
57614 597
57631 589
57647 590
57664 588
57680 590
57696 587
57713 584
57729 582
57746 589
57762 582
57778 580
57795 588
57811 586
57828 583
57844 588
57860 585
57877 578
57893 583
57910 583
57926 584
57942 581
57959 581
57975 576
57991 580
58008 575
58024 579
58041 580
58057 575
58073 581
58090 579
58106 577
58123 580
58139 582
58155 579
58172 583
58188 584
58205 580
58221 580
58237 584
58254 577
58270 582
58287 585
58303 584
58319 580
58336 587
58352 589
58369 636
58385 584
58401 587
58418 590
58434 589
58451 590
58467 588
58483 582
58500 592
58516 589
58532 592
58549 591
58565 593
58582 593
58598 590
58614 589
58631 589
58647 596
58664 601
58680 605
58696 598
58713 597
58729 604
58746 601
58762 603
58778 600
58795 602
58811 606
58828 609
58844 608
58860 609
58877 612
58893 614
58910 591
58926 614
58942 617
58959 607
58975 619
58991 618
59008 698
59024 618
59041 615
59057 620
59073 624
59090 625
59106 621
59123 623
59139 625
59155 622
59172 624
59188 630
59205 625
59221 629
59237 627
59254 630
59270 629
59287 631
59303 632
59319 631
59336 635
59352 631
59369 636
59385 634
59401 631
59418 635
59434 638
59451 636
59467 640
59483 626
59500 643
59516 636
59532 636
59549 641
59565 641
59582 643
59598 647
59614 646
59631 644
59647 646
59664 641
59680 648
59696 646
59713 643
59729 647
59746 643
59762 645
59778 643
59795 649
59811 646
59828 645
59844 646
59860 651
59877 646
59893 645
59910 643
59926 661
59942 645
59959 644
59975 644
59991 646
60008 642
60024 647
60041 642
60057 641
60073 639
60090 642
60106 636
60123 640
60139 641
60155 642
60172 642
60188 638
60205 639
60221 639
60237 640
60254 636
60270 638
60287 636
60303 635
60319 621
60336 631
60352 635
60369 633
60385 632
60401 628
60418 631
60434 630
60451 626
60467 628
60483 639
60500 630
60516 627
60532 632
60549 620
60565 622
60582 625
60598 619
60614 623
60631 619
60647 618
60664 620
60680 615
60696 613
60713 619
60729 614
60746 614
60762 601
60778 610
60795 609
60811 613
60828 613
60844 610
60860 608
60877 607
60893 604
60910 601
60926 604
60942 608
60959 601
60975 597
60991 599
61008 599
61024 598
61041 601
61057 593
61073 596
61090 597
61106 596
61123 596
61139 593
61155 596
61172 594
61188 593
61205 591
61221 587
61237 609
61254 590
61270 590
61287 588
61303 588
61319 587
61336 539
61352 587
61369 584
61385 583
61401 584
61418 585
61434 584
61451 584
61467 583
61483 599
61500 588
61516 581
61532 581
61549 583
61565 584
61582 587
61598 583
61614 584
61631 583
61647 589
61664 567
61680 585
61696 582
61713 578
61729 582
61746 584
61762 588
61778 581
61795 588
61811 586
61828 588
61844 587
61860 591
61877 586
61893 587
61910 592
61926 588
61942 588
61959 590
61975 593
61991 589
62008 591
62024 590
62041 591
62057 593
62073 594
62090 592
62106 600
62123 590
62139 596
62155 605
62172 597
62188 600
62205 600
62221 600
62237 602
62254 600
62270 600
62287 605
62303 607
62319 604
62336 602
62352 608
62369 606
62385 612
62401 607
62418 612
62434 611
62451 607
62467 613
62483 637
62500 610
62516 614
62532 617
62549 614
62565 615
62582 612
62598 617
62614 617
62631 617
62647 624
62664 627
62680 621
62696 625
62713 628
62729 623
62746 624
62762 625
62778 628
62795 599
62811 633
62828 631
62844 623
62860 631
62877 630
62893 625
62910 635
62926 637
62942 628
62959 634
62975 638
62991 636
63008 636
63024 637
63041 638
63057 636
63073 628
63090 635
63106 634
63123 619
63139 637
63155 638
63172 647
63188 639
63205 641
63221 637
63237 634
63254 643
63270 640
63287 645
63303 639
63319 641
63336 641
63352 639
63369 643
63385 639
63401 639
63418 637
63434 640
63451 634
63467 640
63483 655
63500 643
63516 639
63532 638
63549 641
63565 638
63582 647
63598 640
63614 636
63631 642
63647 638
63664 641
63680 632
63696 635
63713 640
63729 633
63746 633
63762 633
63778 633
63795 633
63811 632
63828 635
63844 638
63860 636
63877 631
63893 629
63910 622
63926 631
63942 629
63959 631
63975 631
63991 629
64008 616
64024 624
64041 626
64057 621
64073 624
64090 619
64106 624
64123 624
64139 617
64155 625
64172 619
64188 622
64205 619
64221 612
64237 617
64254 614
64270 615
64287 612
64303 615
64319 615
64336 614
64352 610
64369 632
64385 610
64401 606
64418 609
64434 610
64451 602
64467 606
64483 595
64500 607
64516 604
64532 603
64549 603
64565 599
64582 600
64598 598
64614 604
64631 603
64647 601
64664 600
64680 600
64696 598
64713 596
64729 596
64746 591
64762 592
64778 594
64795 591
64811 595
64828 597
64844 598
64860 597
64877 594
64893 595
64910 589
64926 592
64942 591
64959 592
64975 587
64991 589
65008 585
65024 591
65041 591
65057 591
65073 585
65090 592
65106 592
65123 589
65139 586
65155 592
65172 592
65188 577
65205 587
65221 591
65237 567
65254 589
65270 590
65287 619
65303 590
65319 590
65336 591
65352 591
65369 588
65385 592
65401 588
65418 584
65434 592
65451 595
65467 593
65483 589
65500 593
65516 600
65532 595
65549 594
65565 591
65582 602
65598 595
65614 595
65631 595
65647 597
65664 593
65680 603
65696 601
65713 597
65729 602
65746 603
65762 595
65778 602
65795 598
65811 611
65828 604
65844 603
65860 605
65877 610
65893 605
65910 606
65926 607
65942 614
65959 609
65975 610
65991 609
66008 602
66024 607
66041 611
66057 614
66073 609
66090 617
66106 613
66123 616
66139 616
66155 613
66172 618
66188 617
66205 621
66221 619
66237 621
66254 617
66270 620
66287 621
66303 626
66319 619
66336 624
66352 623
66369 627
66385 625
66401 622
66418 624
66434 630
66451 625
66467 628
66483 606
66500 627
66516 627
66532 630
66549 625
66565 635
66582 630
66598 633
66614 641
66631 633
66647 633
66664 636
66680 630
66696 634
66713 633
66729 633
66746 633
66762 635
66778 634
66795 628
66811 634
66828 631
66844 633
66860 636
66877 639
66893 641
66910 631
66926 653
66942 634
66959 633
66975 639
66991 639
67008 648
67024 634
67041 636
67057 633
67073 632
67090 632
67106 637
67123 631
67139 636
67155 634
67172 634
