1.87 0.33 593.37 57.82
30.50 8.92 600.18 16.51
56.75 8.86 572.62 14.46
83.43 8.93 542.00 13.72
109.75 8.86 515.43 12.91
138.00 9.47 484.68 11.02
164.87 9.40 458.18 15.19
191.06 9.33 431.12 12.53
217.68 9.32 401.50 10.50
243.93 9.37 375.31 11.90
270.50 9.41 349.62 10.77
296.87 9.40 325.18 10.03
323.06 9.33 299.68 10.12
349.56 9.38 275.31 9.22
375.93 9.37 254.06 9.56
402.37 9.47 231.56 8.82
428.81 9.43 210.93 8.59
455.06 9.33 191.00 8.09
481.56 9.38 171.18 9.21
507.87 9.40 152.18 6.26
534.31 9.46 139.18 9.30
560.75 9.37 120.31 15.08
587.00 9.35 104.50 6.73
613.68 9.33 92.62 7.77
641.93 12.23 77.56 5.93
669.06 12.08 65.18 4.83
695.43 11.91 56.25 5.18
721.75 12.18 46.31 5.15
748.37 11.94 40.75 6.05
774.75 12.18 33.50 4.21
800.87 12.12 27.62 4.21
827.37 11.94 23.18 3.71
853.75 12.18 22.75 5.92
880.37 11.94 19.68 2.62
906.75 12.18 22.62 12.06
932.87 12.12 21.06 2.75
959.37 11.94 24.18 3.89
985.75 12.18 25.62 4.59
1012.25 12.01 31.18 3.87
1038.68 12.15 37.75 4.94
1064.81 12.15 46.56 8.48
1091.37 11.94 55.25 4.51
1118.68 12.44 64.37 7.61
1145.18 12.25 76.25 5.92
1171.75 12.37 88.75 5.09
1197.87 12.36 103.87 7.23
1224.56 12.24 116.31 7.60
1250.81 12.39 131.81 8.67
1277.25 12.25 146.68 8.64
1303.68 12.41 166.06 8.31
1329.87 12.36 183.56 9.03
1356.50 12.22 202.18 9.53
1382.81 12.39 223.87 9.92
1409.06 12.35 244.87 10.86
1435.62 12.21 265.31 11.20
1461.87 12.36 283.56 18.23
1488.50 12.22 311.31 12.65
1514.81 12.39 333.12 11.71
1541.00 12.32 358.81 10.25
1567.56 12.24 383.06 12.94
1593.87 12.36 406.50 11.51
1621.12 12.69 431.93 15.58
1647.75 12.82 459.37 10.91
1674.12 12.74 486.31 12.02
1700.68 12.80 512.18 13.86
1726.87 12.75 536.06 14.48
1753.31 12.63 563.75 13.80
1779.75 12.82 588.93 14.35
1806.12 12.74 620.81 15.84
1832.68 12.80 644.43 11.91
1858.87 12.75 671.31 12.04
1885.31 12.63 695.12 10.53
1911.75 12.82 721.37 12.18
1938.06 12.75 748.31 11.26
1964.68 12.80 771.18 12.77
1990.81 12.79 797.06 12.25
2017.31 12.63 822.37 12.72
2043.75 12.82 844.31 12.07
2070.00 12.79 867.43 12.88
2096.56 12.59 890.12 11.56
2123.12 12.67 908.25 21.92
2149.87 12.46 934.50 9.52
2176.18 12.62 955.81 10.17
2202.56 12.64 974.56 9.59
2228.93 12.48 991.43 10.39
2255.31 12.59 1011.93 9.77
2281.75 12.53 1029.37 9.05
2308.18 12.62 1044.75 8.13
2334.43 12.61 1061.00 10.34
2360.93 12.48 1073.25 6.54
2387.31 12.59 1087.93 8.20
2413.68 12.57 1096.87 18.88
2440.12 12.61 1110.56 6.04
2466.37 12.55 1122.00 6.29
2492.93 12.48 1128.37 4.24
2519.25 12.60 1135.93 4.59
2545.68 12.57 1142.43 4.15
2572.12 12.61 1148.87 3.42
2598.37 12.55 1152.25 3.71
2625.31 12.74 1158.87 9.30
2651.75 12.70 1158.50 2.26
2678.18 12.57 1157.87 2.23
2704.62 12.67 1158.56 2.83
2730.87 12.65 1157.00 4.82
2757.37 12.47 1155.18 3.03
2783.68 12.73 1148.68 4.57
2810.12 12.61 1144.93 2.84
2836.62 12.67 1138.37 6.71
2862.87 12.65 1129.87 6.03
2889.31 12.50 1122.50 4.60
2915.68 12.73 1111.25 9.54
2942.12 12.61 1102.75 5.02
2968.56 12.71 1090.31 5.83
2994.87 12.65 1076.68 7.34
3021.18 12.57 1065.43 8.10
3047.68 12.73 1050.43 6.49
3074.06 12.55 1035.25 7.23
3100.50 12.69 1018.37 8.35
3127.25 12.59 1000.43 8.18
3153.93 12.41 982.37 8.78
3180.31 12.52 965.06 9.92
3206.68 12.50 947.62 10.94
3233.12 12.54 923.62 10.86
3259.43 12.54 906.18 12.88
3285.93 12.41 883.06 10.98
3312.25 12.55 857.25 21.50
3338.68 12.50 838.18 12.70
3365.12 12.54 817.56 11.48
3391.43 12.54 794.43 11.45
3417.87 12.39 770.75 11.03
3444.25 12.55 748.18 13.42
3470.50 12.61 721.93 11.88
3497.06 12.34 701.18 13.50
3523.37 12.58 673.00 14.33
3549.87 12.39 650.06 11.89
3576.25 12.55 628.25 12.27
3602.50 12.61 603.12 12.13
3629.56 12.63 577.06 11.97
3656.06 12.58 555.06 10.55
3682.37 12.50 530.06 11.86
3708.87 12.58 504.06 12.91
3735.18 12.60 483.18 11.29
3761.68 12.61 461.81 11.74
3788.06 12.58 438.75 12.08
3814.37 12.50 417.25 11.82
3840.87 12.58 392.18 13.75
3867.12 12.54 373.93 11.19
3893.68 12.61 352.87 10.73
3920.06 12.58 333.43 9.45
3946.37 12.50 314.50 10.21
3972.81 12.59 297.37 9.72
3999.12 12.54 279.62 10.86
4025.68 12.61 263.50 10.89
4052.00 12.61 245.87 8.60
4078.37 12.50 230.25 6.63
4104.87 12.65 217.00 8.95
4131.50 12.57 202.18 7.68
4158.37 12.27 188.12 9.53
4184.68 12.52 177.12 5.21
4211.18 12.32 169.87 6.63
4237.50 12.48 158.12 5.41
4263.81 12.54 149.06 5.59
4290.25 12.34 141.37 4.23
4316.68 12.52 139.31 17.95
4343.00 12.43 130.25 3.51
4369.50 12.48 125.12 4.51
4395.81 12.54 121.31 4.92
4422.25 12.34 120.00 3.06
4448.62 12.46 118.56 3.67
4474.93 12.47 117.50 3.87
4501.43 12.47 118.00 3.57
4527.75 12.48 121.12 5.86
4554.25 12.34 124.93 3.80
4580.56 12.45 127.06 4.13
4607.00 12.53 132.18 3.30
4633.87 12.55 138.25 4.55
4660.31 12.54 146.68 4.25
4686.87 12.61 155.75 6.69
4713.12 12.61 162.68 5.29
4739.56 12.50 174.93 8.74
4766.00 12.58 186.56 8.54
4792.25 12.58 196.31 7.13
4818.75 12.39 209.37 7.15
4845.06 12.65 222.62 8.21
4871.50 12.54 237.18 6.32
4898.00 12.58 251.87 8.74
4924.25 12.58 270.06 8.18
4950.68 12.42 284.75 10.55
4977.06 12.65 302.00 9.39
5003.43 12.57 320.68 10.19
5029.93 12.63 339.62 10.22
5056.25 12.58 355.68 11.57
5082.56 12.50 378.12 10.43
5109.06 12.64 394.43 12.92
5135.75 12.53 418.00 10.31
5162.43 12.47 438.18 11.07
5188.75 12.48 458.75 10.80
5215.18 12.32 481.06 11.75
5241.50 12.48 504.37 13.30
5267.93 12.47 527.06 11.75
5294.43 12.47 545.68 13.07
5320.75 12.48 570.00 11.67
5347.18 12.32 590.43 11.34
5373.50 12.48 613.12 11.62
5399.93 12.47 635.12 11.28
5426.43 12.47 656.50 11.64
5452.75 12.48 678.37 13.53
5479.18 12.32 699.81 10.74
5505.50 12.48 721.50 10.56
5531.81 12.54 742.43 11.63
5558.37 12.27 761.93 10.24
5584.68 12.52 783.75 10.84
5611.25 12.39 802.68 10.11
5637.93 12.43 823.12 12.50
5664.31 12.35 841.12 10.15
5690.75 12.20 859.62 9.98
5717.12 12.36 878.43 8.26
5743.50 12.30 895.50 9.34
5769.87 12.36 911.68 8.74
5796.25 12.39 925.06 12.16
5822.75 12.20 943.25 6.79
5849.06 12.40 957.56 6.89
5875.43 12.29 969.75 10.48
5901.87 12.36 984.50 6.05
5928.18 12.32 996.31 7.32
5954.68 12.19 1007.43 7.16
5981.00 12.39 1017.31 4.91
6007.43 12.29 1026.81 6.63
6033.87 12.36 1034.37 8.20
6060.18 12.32 1043.31 4.21
6086.68 12.19 1049.68 3.93
6113.06 12.45 1055.31 5.23
6139.81 12.21 1061.50 5.83
6166.37 12.27 1062.62 5.57
6192.68 12.33 1065.56 2.37
6219.31 12.06 1069.75 9.46
6245.50 12.34 1068.43 3.48
6271.93 12.19 1068.93 2.97
6298.31 12.06 1069.56 10.49
6324.68 12.33 1066.18 2.67
6351.18 12.14 1064.06 5.25
6377.50 12.34 1058.50 3.83
6403.87 12.22 1052.75 5.20
6430.31 12.06 1047.81 5.24
6456.68 12.33 1039.62 3.62
6483.12 12.12 1032.18 5.68
6509.43 12.28 1024.00 5.68
6535.81 12.26 1013.56 4.96
6562.31 12.06 1004.75 7.10
6588.62 12.27 994.00 7.30
6615.12 12.65 981.00 6.27
6641.81 12.45 969.06 7.49
6668.43 12.53 954.75 7.84
6694.81 12.40 936.56 28.32
6721.12 12.61 925.06 7.96
6747.50 12.54 909.75 8.12
6773.87 12.47 895.43 8.57
6800.37 12.56 878.00 9.84
6826.81 12.40 859.31 9.22
6853.12 12.61 840.50 9.23
6879.50 12.54 825.12 11.47
6905.87 12.47 809.87 12.96
6932.37 12.56 790.06 11.04
6958.81 12.40 769.18 9.21
6985.06 12.64 749.31 9.87
7011.50 12.54 730.25 9.80
7037.87 12.47 709.25 9.39
7064.31 12.59 688.93 9.02
7090.75 12.45 669.18 9.84
7117.25 12.56 649.81 10.22
7143.93 12.44 628.68 9.72
7170.37 12.32 609.18 13.41
7196.75 12.55 587.25 10.46
7223.31 12.31 568.68 9.35
7249.50 12.35 549.68 10.51
7276.00 12.44 530.00 10.01
7302.31 12.31 506.37 14.05
7328.75 12.55 490.37 9.46
7355.31 12.31 472.18 9.13
7381.50 12.35 451.87 9.62
7407.93 12.43 436.18 8.14
7434.31 12.31 418.06 8.21
7460.68 12.58 400.56 8.64
7487.25 12.35 384.43 8.65
7513.50 12.35 367.62 8.34
7539.93 12.43 353.75 8.01
7566.31 12.31 339.25 12.14
7592.68 12.58 323.93 7.51
7619.43 12.58 309.37 8.61
7646.00 12.68 296.37 6.82
7672.50 12.54 284.50 5.49
7698.87 12.47 270.37 7.04
7725.25 12.63 262.50 5.24
7751.62 12.53 252.50 6.39
7777.93 12.48 242.87 4.06
7804.50 12.54 234.87 6.11
7830.81 12.40 227.18 4.69
7857.18 12.67 219.93 4.25
7883.56 12.51 213.62 6.77
7909.93 12.48 211.50 5.03
7936.50 12.54 207.06 3.40
7962.81 12.40 206.81 8.08
7989.12 12.61 197.56 15.84
8015.56 12.51 200.31 3.33
8041.87 12.47 200.00 3.57
8068.43 12.53 201.00 4.65
8094.81 12.40 198.75 6.40
8121.50 12.64 203.87 7.43
8148.12 12.38 207.00 4.14
8174.50 12.35 211.12 4.90
8200.93 12.43 216.68 3.62
8227.31 12.31 221.50 4.33
8253.62 12.62 229.31 4.82
8280.18 12.38 235.00 4.09
8306.43 12.38 244.93 5.56
8332.87 12.46 252.12 6.30
8359.31 12.31 264.37 7.10
8385.62 12.62 273.25 6.46
8412.06 12.46 284.00 6.33
8438.43 12.38 297.31 6.93
8464.81 12.51 309.50 7.59
8491.31 12.31 322.81 7.54
8517.56 12.42 335.93 8.91
8544.00 12.44 351.75 11.95
8570.37 12.32 364.43 7.23
8596.75 12.55 380.68 9.20
8623.62 12.46 397.62 9.10
8650.12 12.61 411.56 8.68
8676.56 12.51 424.68 21.66
8702.87 12.47 445.18 8.93
8729.37 12.56 464.56 10.72
8755.75 12.45 479.75 11.86
8782.12 12.61 499.81 10.23
8808.50 12.54 517.25 8.26
8834.87 12.47 536.56 9.12
8861.31 12.59 555.00 10.49
8887.75 12.45 572.43 11.75
8914.06 12.64 591.37 10.57
8940.50 12.54 609.87 9.09
8966.87 12.47 628.37 8.99
8993.31 12.59 647.37 9.09
9019.75 12.45 663.62 9.65
9046.00 12.68 682.06 9.86
9072.50 12.54 701.43 9.44
9098.87 12.47 717.62 9.52
9125.62 12.57 734.81 9.28
9152.31 12.31 753.37 8.59
9178.56 12.42 770.93 8.57
9205.00 12.44 785.56 8.55
9231.37 12.32 800.00 11.43
9257.75 12.55 817.06 6.37
9284.31 12.31 832.62 7.15
9310.56 12.42 847.43 7.68
9337.00 12.44 860.31 6.70
9363.31 12.31 875.31 8.52
9389.75 12.55 883.93 6.32
9416.25 12.35 899.50 5.90
9442.50 12.35 911.43 5.99
9468.87 12.46 922.06 5.91
9495.31 12.31 931.87 4.03
9521.68 12.58 940.93 4.41
9548.18 12.38 949.81 4.96
9574.50 12.35 958.43 3.33
9600.87 12.46 965.06 3.59
9627.87 12.44 969.81 10.67
9654.43 12.54 978.31 6.09
9680.87 12.40 981.43 3.39
9707.12 12.63 986.87 5.52
9733.56 12.52 988.87 4.97
9759.93 12.36 991.43 2.67
9786.31 12.62 993.81 4.30
9812.75 12.48 989.75 18.70
9839.06 12.43 994.75 5.38
9865.56 12.52 994.31 3.79
9891.93 12.36 991.37 4.62
9918.31 12.62 989.31 4.73
9944.68 12.47 986.12 6.26
9971.06 12.43 981.75 4.45
9997.56 12.52 976.00 7.95
10023.93 12.36 971.87 7.57
10050.31 12.62 965.50 4.90
10076.68 12.47 959.06 4.82
10103.06 12.48 950.18 6.38
10129.87 12.43 938.93 13.45
10156.43 12.26 932.56 7.87
10182.81 12.52 923.06 7.27
10209.31 12.33 913.31 9.10
10235.62 12.30 904.00 7.24
10262.00 12.40 889.87 6.97
10288.43 12.26 877.18 6.79
10314.75 12.56 866.75 6.08
10341.25 12.36 852.06 8.07
10367.56 12.33 839.06 10.13
10394.00 12.40 823.43 7.66
10420.43 12.26 810.62 10.44
10446.75 12.56 793.50 7.49
10473.12 12.43 779.25 8.91
10499.50 12.27 763.68 7.30
10525.87 12.49 747.31 8.33
10552.43 12.26 731.75 7.92
10578.68 12.36 714.56 7.49
10605.12 12.48 697.87 8.41
10632.00 12.41 680.43 8.08
10658.56 12.52 663.81 8.46
10684.93 12.36 647.81 8.79
10711.31 12.62 629.81 8.17
10737.68 12.47 614.06 8.10
10764.00 12.42 595.93 9.41
10790.50 12.50 580.68 7.41
10816.87 12.40 564.18 9.00
10843.25 12.56 546.00 8.30
10869.62 12.50 531.06 9.88
10896.00 12.42 513.75 8.36
10922.43 12.54 501.25 9.25
10948.87 12.40 483.87 8.34
10975.18 12.59 468.25 7.47
11001.56 12.52 452.00 8.84
11028.00 12.42 440.12 8.96
11054.43 12.54 425.75 8.28
11080.87 12.40 410.56 7.31
11107.25 12.75 398.31 7.15
11134.00 12.46 386.06 5.30
11160.50 12.27 373.37 7.71
11186.87 12.49 362.31 5.12
11213.43 12.26 351.50 6.55
11239.68 12.36 338.37 10.16
11266.06 12.42 329.93 5.27
11292.50 12.27 323.93 7.49
11318.87 12.49 314.56 3.91
11345.43 12.26 306.62 4.14
11371.68 12.36 299.62 3.71
11398.06 12.42 292.37 4.61
11424.43 12.26 287.50 2.85
11450.87 12.49 281.18 4.94
11477.37 12.30 277.12 5.81
11503.62 12.30 275.18 4.29
11530.00 12.40 270.75 3.17
11556.43 12.26 271.56 5.22
11582.81 12.52 269.18 2.56
11609.37 12.39 268.00 3.52
11636.06 12.38 264.12 14.49
11662.56 12.52 269.87 4.03
11689.00 12.42 269.37 3.72
11715.43 12.54 274.81 3.40
11741.87 12.40 278.75 2.86
11768.06 12.43 281.00 3.39
11794.56 12.52 285.00 4.24
11820.93 12.36 291.06 3.60
11847.31 12.62 297.93 5.70
11873.75 12.48 304.06 3.83
11900.06 12.43 311.50 4.80
11926.56 12.52 319.12 7.20
11952.93 12.36 327.75 3.78
11979.31 12.62 336.43 8.46
12005.68 12.47 346.62 5.69
12032.06 12.43 356.43 8.73
12058.56 12.52 369.25 5.46
12084.93 12.36 374.00 21.84
12111.31 12.48 391.87 6.40
12138.18 12.31 405.18 6.68
12164.56 12.28 416.62 7.23
12190.93 12.39 428.06 9.47
12217.37 12.24 441.18 8.97
12243.68 12.30 459.12 7.51
12270.25 12.32 468.93 11.14
12296.56 12.28 486.37 7.28
12322.93 12.39 503.18 15.00
12349.37 12.24 516.81 6.96
12375.62 12.35 530.37 5.87
12402.18 12.34 545.68 6.52
12428.56 12.28 561.31 7.22
12454.93 12.39 576.87 6.87
12481.37 12.24 591.93 8.04
12507.62 12.35 607.43 8.66
12534.00 12.40 622.06 6.81
12560.43 12.25 636.12 6.76
12586.81 12.47 651.56 8.31
12613.43 12.30 669.12 9.65
12640.12 12.39 683.18 5.78
12666.62 12.46 697.18 7.71
12693.00 12.41 714.50 7.73
12719.50 12.51 724.81 9.19
12745.87 12.34 741.43 6.72
12772.18 12.40 756.50 8.30
12798.62 12.46 765.62 9.69
12824.93 12.41 781.25 6.54
12851.43 12.54 793.06 6.10
12877.81 12.38 806.06 5.70
12904.12 12.34 819.37 6.10
12930.62 12.46 828.87 4.50
12956.93 12.41 839.06 9.34
12983.37 12.53 850.93 4.57
13009.81 12.38 862.18 8.92
13036.06 12.38 869.43 5.01
13062.50 12.51 877.87 3.85
13088.93 12.41 882.62 16.61
13115.56 12.57 894.75 4.68
13142.12 12.35 899.50 5.53
13168.56 12.44 900.93 19.63
13194.93 12.50 911.00 4.60
13221.31 12.33 918.06 3.09
13247.62 12.40 922.06 2.84
13274.25 12.32 924.18 3.03
13300.56 12.44 927.12 3.69
13326.93 12.50 930.43 3.20
13353.31 12.33 932.50 2.83
13379.62 12.40 932.75 3.94
13406.25 12.32 932.50 4.34
13432.56 12.44 932.25 3.42
13458.93 12.50 931.43 1.58
13485.25 12.32 929.50 6.01
13511.62 12.40 926.06 2.79
13538.06 12.45 921.87 6.53
13564.50 12.38 918.50 3.52
13590.93 12.50 914.93 4.74
13617.50 12.62 907.93 8.56
13644.25 12.66 901.31 5.22
13670.50 12.60 896.12 3.39
13696.93 12.52 890.68 5.74
13723.37 12.65 882.62 4.15
13749.75 12.53 873.18 5.54
13776.18 12.71 866.25 5.13
13802.50 12.60 861.06 15.46
13828.93 12.52 846.37 9.25
13855.37 12.65 834.18 7.16
13881.68 12.47 824.18 5.69
13908.06 12.54 814.43 4.60
13934.50 12.60 804.43 6.85
13960.81 12.54 793.68 9.30
13987.31 12.68 779.12 6.40
14013.68 12.47 764.56 10.85
14040.00 12.58 754.81 8.20
14066.50 12.60 739.56 7.61
14092.81 12.54 726.68 7.81
14119.75 12.56 714.62 6.45
14146.18 12.34 700.56 7.83
14172.62 12.38 686.93 7.16
14199.18 12.39 672.56 6.97
14225.43 12.40 658.62 6.74
14252.00 12.47 645.43 7.29
14278.25 12.35 631.56 10.20
14304.62 12.38 617.75 6.75
14331.12 12.42 602.25 6.52
14357.43 12.40 588.75 8.36
14383.87 12.45 575.93 7.51
14410.25 12.35 560.31 6.62
14436.62 12.38 548.75 8.99
14463.06 12.45 534.00 5.83
14489.43 12.40 518.50 9.02
14515.81 12.50 507.56 7.25
14542.18 12.39 496.37 8.08
14568.62 12.38 481.87 5.21
14595.06 12.45 469.87 8.25
14621.68 12.52 458.18 6.80
14648.43 12.57 446.18 6.61
14674.75 12.46 434.50 6.35
14701.18 12.43 426.06 8.08
14727.62 12.52 414.37 4.94
14753.87 12.47 403.93 7.07
14780.43 12.57 398.75 11.45
14806.75 12.46 386.68 7.15
14833.18 12.43 382.75 12.38
14859.56 12.54 370.62 5.98
14885.87 12.47 364.31 8.49
14912.43 12.57 359.00 4.19
14938.75 12.46 351.43 6.87
14965.00 12.45 346.56 4.69
14991.56 12.54 340.62 4.17
15017.87 12.47 337.68 3.48
15044.37 12.55 334.87 3.02
15070.75 12.46 330.43 3.78
15097.00 12.45 328.68 2.95
15123.81 12.38 326.50 3.84
15150.43 12.35 326.81 3.56
15176.81 12.39 325.81 2.79
15203.25 12.24 326.43 3.10
15229.62 12.27 326.62 2.74
15256.06 12.34 326.12 3.04
15282.31 12.31 330.00 4.74
15308.68 12.23 332.93 3.73
15335.25 12.24 334.81 3.43
15361.62 12.27 343.00 12.34
15388.06 12.34 341.93 8.50
15414.31 12.31 345.87 7.70
15440.68 12.23 352.43 3.59
15467.12 12.31 359.68 7.69
15493.62 12.27 365.75 3.70
15520.00 12.37 373.37 4.41
15546.31 12.31 383.43 7.18
15572.68 12.23 386.93 5.13
15599.12 12.31 399.93 13.48
15625.93 12.39 406.06 14.98
15652.62 12.44 417.37 4.69
15678.87 12.32 427.12 6.32
15705.37 12.39 436.56 4.55
15731.75 12.37 447.75 4.79
15758.06 12.36 458.31 5.03
15784.56 12.47 468.37 6.25
15810.87 12.32 480.12 5.84
15837.31 12.43 492.56 5.28
15863.75 12.37 505.50 6.25
15890.06 12.36 516.50 6.81
15916.50 12.46 528.56 6.28
15942.87 12.32 540.68 6.21
15969.18 12.27 553.37 8.26
15995.75 12.37 566.93 7.61
16021.93 12.38 579.75 6.12
16048.50 12.46 593.75 6.60
16074.87 12.32 608.00 8.20
16101.18 12.27 618.06 7.91
16128.06 12.32 633.50 6.56
16154.68 12.17 644.56 5.86
16181.00 12.31 656.43 7.02
16207.31 12.25 668.18 6.86
16233.75 12.13 681.93 5.60
16260.18 12.31 695.75 5.84
16286.56 12.26 703.18 8.25
16313.00 12.31 717.93 5.94
16339.25 12.26 730.18 5.84
16365.75 12.13 741.68 5.84
16392.18 12.31 750.50 5.42
16418.56 12.26 763.56 5.54
16444.93 12.29 770.12 7.70
16471.25 12.26 782.62 8.87
16497.75 12.13 792.93 5.01
16524.12 12.34 801.06 5.37
16550.56 12.26 809.06 5.90
16576.81 12.33 817.00 7.14
16603.25 12.26 827.18 5.86
16630.06 12.30 832.50 4.82
16656.75 12.37 838.81 5.53
16682.93 12.38 845.18 4.02
16709.43 12.40 852.18 4.88
16735.81 12.36 857.37 5.16
16762.18 12.27 862.31 4.52
16788.68 12.41 866.62 10.03
16814.93 12.38 869.25 3.70
16841.43 12.40 872.50 4.56
16867.81 12.36 876.68 9.44
16894.18 12.27 879.06 4.07
16920.62 12.44 879.37 6.15
16946.87 12.32 878.68 6.41
16973.43 12.40 880.12 2.85
16999.75 12.37 879.93 10.78
17026.06 12.36 879.18 2.77
17052.62 12.44 876.75 3.83
17078.87 12.32 875.06 3.46
17105.43 12.45 871.75 3.40
17132.12 12.28 871.00 3.81
17158.75 12.13 865.50 4.57
17185.12 12.34 860.93 3.70
17211.56 12.26 855.81 5.53
17237.81 12.33 851.56 4.65
17264.25 12.26 844.56 6.77
17290.68 12.17 837.43 11.68
17317.12 12.34 832.25 8.04
17343.43 12.27 825.18 6.98
17369.75 12.13 816.43 9.51
17396.25 12.26 811.12 6.16
17422.68 12.17 801.56 4.57
17449.06 12.28 791.93 6.47
17475.37 12.31 782.00 6.63
17501.75 12.13 774.25 5.91
17528.18 12.31 765.87 5.52
17554.68 12.17 755.37 6.70
17581.00 12.31 745.87 6.08
17607.37 12.31 733.68 5.41
17634.31 12.38 721.43 5.55
17660.75 12.37 713.43 8.03
17687.06 12.36 701.06 7.20
17713.62 12.44 688.81 7.68
17739.87 12.32 679.00 8.54
17766.37 12.39 667.75 6.71
17792.75 12.37 654.25 6.86
17819.06 12.36 643.87 7.98
17845.56 12.47 629.62 5.44
17871.87 12.32 619.18 7.14
17898.31 12.43 607.00 6.05
17924.75 12.37 594.37 7.01
17951.06 12.36 585.00 6.41
17977.50 12.46 570.87 9.86
18003.87 12.32 560.75 8.20
18030.18 12.27 552.62 12.39
18056.75 12.37 540.12 7.43
18082.93 12.38 527.06 6.07
18109.50 12.46 516.56 4.94
18136.25 12.33 505.68 6.84
18162.75 12.13 496.31 5.64
18189.18 12.31 480.75 18.63
18215.68 12.17 474.06 7.01
18242.00 12.31 466.81 8.66
18268.31 12.25 457.43 5.24
18294.75 12.13 449.56 5.00
18321.18 12.31 440.56 4.72
18347.56 12.26 432.37 4.12
18374.00 12.31 425.50 4.96
18400.25 12.26 418.00 7.37
18426.75 12.13 411.68 4.50
18453.18 12.31 410.62 12.58
18479.56 12.26 400.31 4.76
18505.93 12.29 396.18 4.46
18532.25 12.26 390.31 5.30
18558.75 12.13 388.06 3.88
18585.12 12.34 384.43 3.02
18611.56 12.30 379.87 4.55
18638.31 12.23 378.93 3.29
18664.75 12.11 376.50 4.02
18691.12 12.07 373.87 7.10
18717.62 12.15 373.31 3.18
18743.81 12.17 373.75 2.77
18770.31 12.18 372.75 2.54
18796.68 12.14 373.43 2.98
18823.12 12.07 373.62 3.76
18849.50 12.22 377.81 11.01
18875.81 12.17 376.87 3.39
18902.31 12.18 383.25 6.57
18928.68 12.14 382.12 6.73
18955.12 12.07 385.75 3.05
18981.50 12.22 391.75 5.77
19007.75 12.11 394.62 4.04
19034.25 11.98 399.31 5.17
19060.62 12.15 405.31 3.02
19087.00 12.16 411.00 4.55
19113.68 12.22 418.68 5.10
19140.31 12.02 426.56 8.88
19166.87 11.86 433.43 5.87
19193.18 12.02 437.43 6.81
19219.68 11.89 447.37 5.50
19246.00 12.12 454.93 7.03
19272.43 12.00 463.62 5.55
19298.75 11.90 473.31 4.71
19325.18 12.02 479.12 7.97
19351.62 11.94 490.68 5.48
19378.00 12.12 498.62 5.37
19404.43 12.00 510.75 4.48
19430.75 11.90 520.31 5.72
19457.18 12.02 529.62 6.39
19483.62 11.94 539.81 6.01
19509.93 12.06 550.68 5.69
19536.37 12.04 561.81 5.92
19562.75 11.90 572.00 5.65
19589.12 12.07 584.31 8.91
19615.81 12.42 591.31 11.85
19642.50 12.20 605.06 9.02
19669.00 12.22 615.81 7.00
19695.37 12.17 626.75 5.50
19721.68 12.14 636.25 6.64
19748.06 12.28 647.50 6.18
19774.56 12.21 658.31 6.36
19801.00 12.22 668.37 6.71
19827.37 12.17 677.50 6.12
19853.68 12.14 688.43 6.21
19880.06 12.28 697.56 5.28
19906.56 12.21 708.50 6.93
19932.93 12.25 717.75 4.32
19959.37 12.17 729.25 9.22
19985.62 12.17 735.25 5.90
20012.06 12.28 744.50 5.11
20038.50 12.21 751.87 4.55
20064.93 12.25 761.81 6.27
20091.31 12.21 767.62 5.71
20117.93 12.21 776.87 4.83
20144.87 12.10 782.31 6.22
20171.31 11.95 791.25 6.30
20197.68 12.19 795.87 4.87
20224.18 11.97 800.93 3.58
20250.37 12.01 807.62 5.17
20276.93 12.10 813.75 5.68
20303.31 11.95 817.12 3.18
20329.56 12.15 820.43 3.90
20356.18 11.97 822.93 2.54
20382.37 12.01 827.81 4.27
20408.87 12.09 829.81 3.04
20435.25 11.98 838.12 16.15
20461.50 11.95 836.06 6.36
20488.12 11.97 833.18 6.47
20514.37 12.01 835.62 2.95
20540.81 12.10 835.00 2.62
20567.25 11.98 837.00 3.66
20593.50 11.95 833.93 3.78
20620.43 12.18 833.62 3.14
20647.06 12.04 832.62 2.60
20673.50 12.13 833.87 12.24
20699.93 12.05 827.43 3.35
20726.31 12.14 823.56 7.25
20752.68 12.14 822.68 3.80
20779.06 12.04 818.62 4.62
20805.50 12.13 816.31 12.35
20831.87 11.99 808.50 4.90
20858.18 12.20 803.06 4.31
20884.68 12.14 796.56 4.02
20911.06 12.04 793.62 4.66
20937.50 12.13 786.62 4.47
20963.87 11.99 778.50 3.94
20990.18 12.20 773.18 3.45
21016.68 12.14 764.56 5.20
21043.00 12.06 756.87 6.97
21069.43 12.08 748.87 3.94
21095.87 11.99 743.68 6.95
21122.43 11.96 734.18 8.06
21149.18 11.94 724.00 5.78
21175.50 11.96 716.87 7.37
21202.00 12.03 705.31 6.14
21228.43 11.90 696.56 5.36
21254.62 11.93 686.93 5.52
21281.25 11.94 679.81 9.17
21307.50 11.96 668.68 5.11
21334.00 12.03 660.12 5.81
21360.43 11.90 649.18 6.70
21386.62 11.93 638.43 9.15
21413.12 12.03 631.06 8.07
21439.50 11.96 619.37 7.37
21465.87 12.10 610.81 6.26
21492.37 11.90 601.18 5.49
21518.56 11.95 587.87 10.53
21545.12 12.03 582.43 8.31
21571.43 11.90 569.25 5.89
21597.81 12.14 562.12 6.21
21624.87 12.01 552.93 6.27
21651.31 12.18 543.37 5.24
21677.81 12.12 534.31 5.07
21704.12 12.03 526.06 5.51
21730.50 12.07 518.06 7.39
21756.93 12.02 509.00 6.65
21783.25 11.98 500.00 4.05
21809.68 12.10 493.12 4.49
21836.12 12.03 487.37 12.82
21862.50 12.07 478.06 4.15
21888.93 12.02 470.56 5.00
21915.18 12.02 464.93 4.09
21941.62 12.12 459.56 3.87
21968.12 12.03 452.87 3.76
21994.50 12.07 446.68 3.82
22020.93 12.02 442.81 5.09
22047.18 12.02 437.37 2.60
22073.62 12.12 434.37 3.02
22100.12 12.03 428.25 3.46
22126.87 12.09 424.50 3.87
22153.50 11.87 422.00 3.89
22179.68 11.92 419.37 4.75
22206.25 12.01 419.00 6.96
22232.56 11.88 414.75 2.88
22258.87 12.05 414.00 2.89
22285.50 11.87 412.12 1.73
22311.68 11.92 413.31 3.93
22338.18 12.02 411.75 2.75
22364.56 11.88 413.87 6.90
22390.87 12.05 411.87 5.50
22417.43 11.92 414.25 3.90
22443.62 11.94 415.68 8.54
22470.12 12.00 418.00 5.14
22496.56 11.88 421.00 2.40
22522.81 11.85 423.18 4.80
22549.37 11.91 427.25 4.38
22575.62 11.94 428.93 5.80
22602.06 12.02 433.68 5.07
22629.00 12.07 439.68 3.46
22655.50 12.07 447.00 11.06
22681.93 12.02 449.25 4.93
22708.18 12.02 455.12 4.71
22734.62 12.12 463.37 13.99
22761.06 11.98 466.50 4.65
22787.37 12.16 473.93 5.00
22813.81 12.12 482.12 4.87
22840.18 12.02 486.75 5.23
22866.62 12.12 493.93 7.19
22893.00 11.97 501.62 5.16
22919.31 12.18 509.25 6.58
22945.81 12.12 518.00 6.57
22972.18 12.02 525.93 5.44
22998.50 12.07 533.56 6.53
23025.00 11.97 544.06 6.81
23051.31 12.18 551.56 6.28
23077.81 12.12 560.50 4.69
23104.18 12.09 570.25 6.61
23131.00 12.02 577.50 5.70
23157.56 11.88 587.50 5.45
23183.81 11.85 596.31 5.82
23210.37 11.91 604.25 4.79
23236.62 11.94 613.56 4.49
23263.06 12.02 623.06 12.45
23289.56 11.88 630.81 5.59
23315.75 11.90 640.43 5.36
23342.37 11.91 651.37 5.28
23368.62 11.94 656.68 9.88
23395.06 12.02 671.43 12.34
23421.56 11.88 674.87 5.23
23447.75 11.90 683.06 7.75
23474.25 12.01 692.31 6.03
23500.56 11.88 699.68 3.99
23526.93 12.11 705.06 6.23
23553.50 11.87 714.87 5.34
23579.68 11.92 723.37 6.65
23606.31 12.06 728.93 3.54
23633.12 12.01 736.18 3.37
23659.50 12.07 742.81 3.84
23686.00 11.97 752.18 7.73
23712.31 12.18 753.87 5.27
23738.81 12.12 761.62 5.07
23765.12 12.03 765.31 3.85
23791.50 12.07 771.87 4.75
23817.93 12.02 776.62 4.36
23844.25 11.98 781.00 3.98
23870.68 12.10 780.18 8.62
23897.12 12.03 786.56 3.22
23923.50 12.07 791.37 7.73
23949.93 12.02 791.87 6.98
23976.18 12.02 795.37 3.04
24002.62 12.12 795.62 3.93
24029.12 12.03 797.56 5.44
24055.50 12.07 798.75 2.38
24081.93 12.02 800.56 3.00
24108.25 12.08 800.43 3.72
24135.12 12.02 798.75 3.25
24161.56 11.88 798.56 3.55
24187.93 12.11 799.31 2.87
24214.50 11.87 795.93 11.72
24240.68 11.92 796.93 4.28
24267.25 12.01 793.62 3.20
24293.56 11.88 791.43 2.45
24319.87 12.05 789.12 4.55
24346.50 11.87 785.68 3.51
24372.68 11.92 781.06 3.72
24399.18 12.02 776.06 3.21
24425.56 11.88 773.56 3.14
24451.87 12.05 769.87 3.39
24478.43 11.92 765.12 3.97
24504.62 11.94 760.00 4.54
24531.12 12.00 752.87 4.06
24557.56 11.88 748.50 5.41
24583.81 11.85 740.62 5.64
24610.43 11.97 735.37 4.00
24637.12 12.01 729.12 3.71
24663.62 12.12 723.06 4.85
24690.12 12.03 715.00 5.09
24716.50 12.07 708.06 5.43
24742.93 12.02 700.00 8.63
24769.18 12.02 695.56 8.49
24795.62 12.12 686.62 4.82
24822.06 11.98 677.06 4.24
24848.31 12.18 670.93 6.39
24874.81 12.12 660.37 8.70
24901.18 12.02 652.62 9.67
24927.62 12.12 644.56 4.56
24954.00 11.97 638.93 8.86
24980.31 12.18 628.62 7.66
25006.81 12.12 621.68 5.86
25033.18 12.02 609.37 10.24
25059.50 12.07 605.62 4.66
25086.00 11.97 598.37 5.86
25112.37 12.02 588.87 4.01
25139.25 11.93 580.62 6.29
25165.56 11.92 573.37 4.70
25192.06 12.00 564.75 4.64
25218.50 11.87 556.68 3.69
25244.68 11.86 548.43 5.35
25271.31 11.90 541.43 6.58
25297.56 11.92 534.12 4.26
25324.00 12.01 528.12 3.20
25350.50 11.87 518.00 10.12
25376.62 11.91 513.06 5.72
25403.31 11.90 507.37 4.09
25429.56 11.92 501.43 3.76
25456.00 12.01 495.43 3.34
25482.50 11.87 490.18 5.63
25508.62 11.91 484.93 4.74
25535.12 11.99 480.68 4.33
25561.50 11.87 475.18 3.43
25587.87 12.11 470.87 3.84
25614.56 11.90 467.50 4.12
25641.12 11.96 463.62 3.10
25667.68 12.11 460.62 3.33
25694.12 12.01 456.25 3.01
25720.43 12.06 456.81 12.07
25746.93 11.96 451.37 2.47
25773.18 11.97 447.56 6.77
25799.62 12.10 448.37 3.44
25826.06 12.03 445.00 8.24
25852.43 12.06 446.93 3.98
25878.87 12.01 444.93 3.07
25905.18 11.97 444.75 3.25
25931.62 12.10 444.87 3.86
25958.06 12.03 446.93 3.21
25984.37 12.08 447.12 2.73
26010.87 12.01 447.37 4.04
26037.12 12.01 451.81 6.26
26063.56 12.11 446.75 14.17
26090.06 12.03 454.62 4.98
26116.68 12.20 457.68 3.44
26143.37 11.93 460.31 2.95
26169.68 11.99 460.62 7.95
26196.18 12.07 465.25 4.51
26222.50 11.94 472.87 6.30
26248.81 12.00 477.75 12.48
26275.43 11.93 479.31 4.13
26301.68 11.99 484.31 4.06
26328.12 12.08 489.56 3.33
26354.50 11.94 494.12 4.10
26380.75 11.94 500.25 3.85
26407.43 11.93 507.37 4.70
26433.68 11.99 511.75 4.02
26460.12 12.08 518.43 3.64
26486.50 11.94 526.87 8.04
26512.75 11.94 530.43 6.10
26539.18 12.07 539.06 5.25
26565.62 12.00 547.18 4.61
26592.12 12.08 552.68 4.74
26618.75 12.24 560.43 5.23
26645.37 12.20 568.18 4.49
26671.68 12.23 574.12 4.97
26698.12 12.14 580.56 6.45
26724.50 12.25 586.12 11.81
26751.00 12.14 598.37 4.25
26777.31 12.25 605.06 5.78
26803.68 12.23 617.93 22.81
26830.12 12.14 619.43 5.89
26856.43 12.26 630.75 9.93
26882.93 12.08 638.87 13.47
26909.18 12.09 640.56 5.10
26935.68 12.23 651.06 4.80
26962.06 12.13 656.62 6.29
26988.43 12.26 664.62 4.47
27014.87 12.08 669.93 5.00
27041.12 12.14 677.43 4.25
27067.68 12.23 682.12 12.55
27094.06 12.13 691.87 6.72
27120.93 12.10 697.56 4.69
27147.25 12.03 703.12 4.52
27173.62 11.99 710.93 6.70
27200.18 12.07 715.50 6.17
27226.43 12.10 720.25 4.51
27253.06 12.08 725.06 4.42
27279.31 12.03 730.75 3.78
27305.62 11.99 735.12 6.13
27332.18 12.07 738.68 2.14
27358.43 12.10 743.62 3.92
27385.00 12.09 747.93 2.97
27411.31 12.03 751.50 2.87
27437.62 11.99 753.75 3.25
27464.12 12.08 758.68 3.03
27490.43 12.10 761.62 2.52
27516.87 12.15 763.93 2.61
27543.25 12.08 763.87 2.73
27569.62 11.99 766.50 7.27
27596.12 12.08 767.56 2.65
27623.00 12.16 769.62 2.15
27649.56 12.20 770.81 2.40
27675.93 12.14 768.37 7.34
27702.31 12.03 768.00 7.10
27728.75 12.18 769.75 4.01
27755.12 12.13 767.93 2.54
27781.50 12.14 768.75 3.70
27807.93 12.14 765.12 6.81
27834.31 12.03 765.12 2.47
27860.68 12.17 764.18 3.71
27887.06 12.14 761.75 2.44
27913.50 12.14 757.62 10.24
27939.93 12.14 755.93 4.35
27966.18 12.13 751.93 5.75
27992.68 12.17 751.12 11.15
28019.06 12.14 746.68 11.64
28045.50 12.14 741.37 6.51
28071.93 12.14 735.87 4.50
28098.18 12.13 733.93 6.62
28125.06 11.97 730.00 7.87
28151.56 12.04 723.18 5.78
28178.00 12.04 716.31 4.58
28204.43 11.91 711.37 3.32
28230.81 11.93 705.62 3.50
28257.18 11.96 703.93 12.43
28283.50 11.97 694.25 3.25
28309.87 11.88 688.12 3.74
28336.37 11.91 682.81 6.54
28362.81 11.93 675.75 4.07
28389.18 11.96 672.56 7.98
28415.50 11.97 661.75 4.70
28441.87 11.88 656.25 5.09
28468.31 11.97 648.62 4.28
28494.81 11.93 641.75 2.88
28521.18 11.96 634.75 3.82
28547.50 11.97 628.12 3.92
28573.87 11.88 620.81 3.86
28600.25 11.96 614.31 3.85
28627.00 12.11 607.12 3.90
28653.62 12.11 600.62 6.26
28679.93 12.03 594.62 9.67
28706.43 12.08 587.43 2.76
28732.87 12.07 581.50 3.71
28759.12 12.08 574.81 4.56
28785.56 12.12 567.75 3.91
28811.93 12.03 562.87 5.04
28838.37 12.13 555.87 3.20
28864.87 12.07 550.50 3.45
28891.12 12.08 542.50 4.91
28917.50 12.13 537.12 3.35
28943.93 12.03 532.00 3.08
28970.25 11.98 525.62 3.62
28996.75 12.07 519.68 6.09
29023.06 12.07 516.62 3.14
29049.50 12.13 512.12 4.42
29075.93 12.03 506.56 6.50
29102.25 11.98 502.50 2.78
29129.06 12.02 498.06 5.04
29155.75 11.87 495.00 3.10
29182.06 11.95 492.93 2.38
29208.37 11.96 489.50 2.76
29234.81 11.82 486.18 3.09
29261.18 12.00 487.68 17.43
29287.56 11.98 481.68 3.18
29314.06 11.95 481.18 5.28
29340.37 11.96 477.93 4.26
29366.81 11.82 475.43 3.10
29393.18 12.00 475.62 2.09
29419.56 11.98 474.18 3.09
29446.00 11.96 472.87 8.72
29472.37 11.96 473.18 3.34
29498.81 11.82 474.37 2.80
29525.18 12.00 473.31 3.93
29551.56 11.98 474.56 3.22
29577.87 12.02 475.68 2.57
29604.37 11.96 476.68 2.05
29631.12 12.01 478.31 2.44
29657.75 12.07 480.12 2.78
29684.06 12.07 481.87 3.69
29710.43 12.08 485.56 2.78
29736.87 12.07 487.87 2.60
29763.25 11.98 491.87 3.00
29789.68 12.12 494.43 2.37
29816.06 12.07 497.50 3.57
29842.43 12.08 501.62 2.89
29868.87 12.07 504.68 2.73
29895.25 11.98 510.93 5.97
29921.62 12.11 514.31 4.74
29947.93 12.03 519.93 4.17
29974.43 12.08 522.37 3.55
30000.87 12.07 528.43 3.41
30027.12 12.08 533.37 2.67
30053.62 12.11 538.93 4.10
30079.93 12.03 545.25 3.40
30106.50 12.13 550.25 3.25
30133.18 11.98 553.31 10.03
30159.81 11.82 562.37 4.38
30186.12 12.02 567.75 4.60
30212.56 11.98 575.37 3.02
30238.87 12.02 578.75 8.26
30265.31 11.98 590.00 12.35
30291.75 11.87 593.62 4.59
30318.06 12.02 599.50 3.61
30344.43 11.99 605.43 3.02
30370.81 11.82 610.87 7.11
30397.25 11.98 619.31 3.96
30423.75 11.87 626.43 6.63
30450.00 11.96 631.37 4.03
30476.37 12.03 638.50 3.53
30502.81 11.82 641.87 4.81
30529.18 12.03 648.00 7.38
30555.75 11.87 654.50 6.14
30582.00 11.96 662.62 6.25
30608.37 12.03 666.81 5.11
30635.31 12.09 671.12 3.82
30661.81 12.09 679.25 4.94
30688.06 12.09 682.50 4.26
30714.56 12.12 688.06 4.83
30740.87 12.04 694.12 3.65
30767.37 12.09 697.25 4.16
30793.81 12.09 702.68 2.86
30820.06 12.09 706.87 4.00
30846.43 12.15 712.18 5.23
30872.87 12.04 714.18 3.96
30899.31 12.14 718.93 6.30
30925.81 12.09 721.06 6.21
30952.06 12.09 726.06 3.25
30978.43 12.15 728.12 5.15
31004.87 12.04 731.87 2.89
31031.18 11.99 734.62 2.71
31057.68 12.09 737.93 4.39
31083.93 12.10 737.50 2.34
31110.43 12.15 740.31 2.80
31137.25 12.04 741.37 4.38
31163.75 11.84 741.68 3.70
31190.18 12.03 745.00 5.73
31216.68 11.89 744.00 3.12
31242.87 11.99 746.31 6.29
31269.31 11.98 746.81 9.31
31295.75 11.84 746.25 6.72
31322.12 12.02 743.87 3.37
31348.56 11.98 744.25 2.86
31374.87 11.99 742.87 2.34
31401.31 11.98 741.37 3.39
31427.75 11.84 740.37 3.14
31454.12 12.02 737.43 3.04
31480.56 11.98 735.75 2.22
31506.87 11.99 733.31 3.12
31533.31 11.98 730.25 3.75
31559.75 11.84 727.81 2.48
31586.06 12.04 724.75 2.75
31612.56 12.03 720.37 4.33
31639.31 11.94 715.81 6.49
31665.75 11.83 714.50 4.73
31692.12 11.79 706.75 6.38
31718.56 11.87 706.06 3.53
31744.87 11.87 701.43 5.72
31771.31 11.89 701.87 19.51
31797.68 11.88 692.56 5.86
31824.12 11.79 689.37 5.12
31850.50 11.92 679.68 6.74
31876.81 11.89 680.18 6.68
31903.31 11.89 673.00 4.49
31929.68 11.88 667.37 3.94
31956.12 11.79 662.00 11.59
31982.43 11.93 657.25 3.60
32008.75 11.83 650.68 3.89
32035.25 11.68 643.68 3.95
32061.68 11.88 639.56 5.58
32088.00 11.89 630.68 11.43
32114.56 11.97 627.93 3.13
32141.43 11.76 622.93 4.04
32167.87 11.57 615.75 3.93
32194.31 11.77 604.37 20.75
32220.75 11.63 605.18 5.09
32247.12 11.81 600.56 6.82
32273.50 11.76 593.62 2.80
32299.81 11.63 587.56 3.02
32326.25 11.76 583.18 3.83
32352.68 11.68 578.00 5.61
32379.00 11.83 571.93 4.42
32405.50 11.76 566.43 4.65
32431.81 11.63 560.93 4.24
32458.25 11.76 555.93 4.27
32484.68 11.68 550.25 4.56
32510.93 11.78 547.50 3.00
32537.37 11.82 542.87 5.16
32563.81 11.63 536.31 7.49
32590.18 11.82 528.06 15.42
32616.81 12.21 529.75 3.36
32643.43 11.96 525.56 4.62
32669.93 12.03 522.00 3.02
32696.37 11.92 519.37 2.52
32722.68 11.92 519.56 10.87
32749.06 12.06 513.18 4.50
32775.50 11.97 510.75 3.38
32801.93 12.03 507.25 2.80
32828.37 11.92 506.37 6.01
32854.62 11.92 503.18 3.38
32881.06 12.06 504.00 9.86
32907.50 11.97 499.68 8.72
32933.93 12.03 499.81 3.49
32960.37 11.92 497.62 3.92
32986.62 11.92 496.50 1.22
33013.06 12.06 496.75 4.49
33039.43 11.98 496.50 4.14
33065.93 12.03 496.81 5.22
33092.31 11.98 495.43 8.41
33118.68 12.02 498.31 3.69
33145.56 11.97 497.81 3.32
33171.87 11.83 498.12 3.31
33198.37 12.08 499.31 3.60
33224.87 11.83 501.56 6.56
33251.12 11.87 502.00 2.69
33277.62 11.97 506.87 3.81
33303.87 11.83 509.31 2.97
33330.31 12.02 510.68 4.25
33356.87 11.83 513.31 3.48
33383.12 11.87 515.50 3.06
33409.56 11.96 520.93 5.40
33435.87 11.83 523.12 4.00
33462.18 11.82 525.12 5.13
33488.81 11.83 531.43 4.65
33515.06 11.87 534.00 3.00
33541.56 11.96 537.37 4.62
33567.87 11.83 543.25 4.20
33594.18 11.82 546.68 4.04
33621.12 12.14 550.43 4.14
33647.68 11.98 556.25 6.01
33674.18 12.08 562.37 8.01
33700.56 12.00 562.50 5.03
33726.93 12.09 568.87 6.93
33753.31 12.10 573.68 3.75
33779.62 11.98 580.62 4.86
33806.18 12.08 583.12 5.85
33832.50 11.94 590.25 3.09
33858.87 12.13 594.68 8.36
33885.31 12.10 600.87 4.96
33911.62 11.98 606.50 5.55
33938.12 12.10 611.43 2.74
33964.50 11.94 615.18 4.27
33990.87 12.13 618.25 7.56
34017.31 12.10 627.12 4.57
34043.62 11.98 631.37 3.42
34070.06 12.05 636.50 5.07
34096.50 11.94 638.00 17.63
34123.12 11.88 646.25 3.78
34149.81 11.89 654.06 5.01
34176.18 11.88 656.43 3.44
34202.68 11.98 661.25 4.75
34229.00 11.84 668.37 5.04
34255.25 11.88 670.43 6.70
34281.87 11.89 674.68 3.20
34308.12 11.88 679.31 3.10
34334.62 11.97 684.75 3.21
34361.00 11.84 687.56 3.39
34387.25 11.88 688.50 10.18
34413.75 11.99 694.68 5.76
34440.06 11.90 696.12 3.64
34466.56 12.02 703.87 6.78
34493.00 11.84 702.62 2.45
34519.25 11.88 711.62 12.15
34545.75 11.99 709.18 3.86
34572.00 11.84 710.00 4.57
34598.43 12.09 713.87 2.95
34625.37 11.98 714.68 7.97
34651.87 12.13 716.68 4.66
34678.31 12.10 719.62 3.48
34704.62 11.98 720.18 2.50
34731.06 12.05 721.18 3.28
34757.43 11.99 721.50 2.67
34783.81 11.93 724.62 7.10
34810.18 12.08 722.37 2.98
34836.62 11.98 721.50 2.98
34863.06 12.05 723.31 3.22
34889.43 11.99 722.87 3.12
34915.68 11.98 723.87 4.36
34942.18 12.08 715.93 20.28
34968.62 11.98 721.43 6.56
34995.00 12.04 721.00 4.47
35021.43 11.99 718.06 3.17
35047.62 11.98 715.43 8.01
35074.18 12.08 714.06 3.01
35100.56 12.00 710.56 3.39
35127.43 12.02 710.06 4.62
35154.00 11.84 707.18 4.13
35180.25 11.88 699.81 16.11
35206.75 11.99 701.25 4.42
35233.00 11.84 699.31 5.61
35259.37 12.03 692.50 12.69
35286.00 11.84 690.75 3.19
35312.25 11.88 690.68 8.77
35338.75 11.99 684.18 4.10
35365.00 11.84 680.18 4.00
35391.37 12.03 677.56 4.53
35417.93 11.89 669.81 7.77
35444.25 11.88 669.18 3.70
35470.68 11.98 664.25 4.16
35497.00 11.84 658.06 4.34
35523.31 11.83 655.12 3.89
35549.87 11.89 651.37 4.33
35576.18 11.88 643.93 3.47
35602.68 11.98 641.56 4.72
35629.50 12.02 635.87 4.27
35656.00 12.04 630.68 6.44
35682.43 11.99 625.93 3.65
35708.62 11.98 621.37 3.18
35735.18 12.08 616.43 3.91
35761.50 11.94 612.50 3.59
35787.87 12.13 610.25 9.74
35814.31 12.10 599.56 7.23
35840.62 11.98 597.81 3.89
35867.18 12.08 594.37 6.33
35893.50 11.94 586.00 11.80
35919.87 12.13 584.43 3.30
35946.31 12.10 580.68 4.77
35972.62 11.98 573.87 4.11
35999.06 12.05 570.87 3.04
36025.50 11.94 564.43 7.63
36051.87 12.13 562.93 4.56
36078.31 12.10 557.62 4.07
36104.68 12.04 555.87 3.35
36131.56 11.98 552.18 3.76
36158.00 11.84 546.50 2.69
36184.31 11.83 544.06 2.77
36210.87 11.89 541.75 4.35
36237.18 11.88 537.56 2.94
36263.68 11.98 536.31 5.05
36290.00 11.84 533.62 5.19
36316.25 11.88 530.87 2.09
36342.87 11.89 528.12 2.67
36369.12 11.88 526.12 3.46
36395.62 11.97 522.37 3.64
36422.00 11.84 522.50 2.62
36448.25 11.88 520.37 3.41
36474.75 11.99 519.62 3.71
36501.00 11.84 519.12 2.96
36527.50 12.07 517.31 3.08
36554.00 11.84 518.43 2.45
36580.25 11.88 518.12 5.25
36606.81 12.04 516.81 2.88
36633.56 11.98 516.87 2.64
36660.06 12.05 516.37 3.62
36686.50 11.94 516.75 3.72
36712.87 12.13 517.31 5.28
36739.31 12.10 517.56 5.53
36765.62 11.98 519.00 2.60
36792.06 12.05 519.87 2.78
36818.43 11.99 522.56 3.50
36844.75 11.93 524.00 2.60
36871.18 12.08 526.12 2.87
36897.62 11.98 528.75 2.41
36924.06 12.05 530.18 4.20
36950.43 11.99 531.87 4.01
36976.68 11.98 535.00 3.39
37003.18 12.08 537.81 4.17
37029.62 11.98 540.31 3.60
37056.00 12.04 543.68 3.82
37082.43 11.99 545.93 3.25
37108.68 12.04 549.50 3.41
37135.62 11.99 555.68 5.03
37162.00 11.84 556.37 3.43
37188.50 12.07 558.81 7.11
37215.00 11.84 565.81 8.37
37241.18 11.88 568.18 2.79
37267.75 11.99 572.43 4.82
37294.00 11.84 577.50 6.10
37320.43 12.01 581.25 3.29
37347.00 11.84 586.50 6.24
37373.18 11.88 589.56 2.78
37399.75 11.99 593.18 3.38
37426.00 11.84 598.43 3.92
37452.37 12.03 601.87 4.70
37478.93 11.89 607.31 6.16
37505.18 11.88 612.06 11.07
37531.68 11.98 615.93 2.86
37558.00 11.84 619.18 3.92
37584.31 11.83 622.18 9.12
37610.93 11.94 629.18 3.79
37637.62 11.98 634.12 5.10
37664.18 12.08 638.56 5.01
37690.62 11.98 641.87 3.29
37717.00 12.04 644.18 4.25
37743.43 11.99 652.25 17.76
37769.62 11.98 650.12 8.67
37796.18 12.08 656.62 4.72
37822.56 11.92 661.56 4.05
37848.87 12.13 664.12 3.12
37875.31 12.10 667.62 3.31
37901.62 11.98 670.00 2.55
37928.18 12.08 674.62 3.08
37954.50 11.94 677.87 3.55
37980.81 12.13 679.56 3.64
38007.31 12.10 684.12 2.52
38033.62 11.98 685.81 2.85
38060.12 12.03 690.12 3.74
38086.50 11.94 691.18 3.71
38112.87 11.97 690.75 6.63
38139.93 11.90 696.62 4.39
38166.25 11.88 695.18 6.88
38192.75 11.98 699.81 2.53
38219.06 11.84 698.37 3.69
38245.31 11.83 702.18 4.23
38271.93 11.89 701.62 3.26
38298.25 11.88 702.06 1.82
38324.68 11.98 703.87 2.76
38351.06 11.84 705.56 3.30
38377.25 11.88 706.06 2.84
38403.93 11.89 706.06 2.79
38430.18 11.88 705.00 2.55
38456.68 11.98 705.12 3.14
38483.06 11.84 704.62 2.85
38509.25 11.88 703.18 3.64
38535.75 11.98 701.50 3.43
38562.12 11.83 704.25 5.14
38588.56 12.08 697.56 6.24
38615.18 11.88 697.56 3.87
38641.75 11.93 698.68 4.71
38668.31 12.10 694.87 3.04
38694.68 11.98 696.18 15.34
38721.12 12.02 694.43 11.77
38747.56 11.94 690.37 3.06
38773.81 11.93 686.56 2.83
38800.25 12.09 685.87 3.79
38826.68 11.98 682.25 2.05
38853.00 12.03 678.18 3.25
38879.50 11.99 676.93 2.56
38905.81 11.93 673.31 2.97
38932.25 12.09 670.00 3.16
38958.68 11.98 668.25 3.75
38985.00 12.03 663.43 4.43
39011.50 11.99 659.56 3.43
39037.75 11.98 655.56 3.79
39064.25 12.09 652.87 4.85
39090.68 11.98 647.62 3.64
39117.37 12.12 645.62 3.43
39143.87 11.94 640.25 3.36
39170.18 11.99 638.18 6.06
39196.68 12.10 634.56 4.17
39223.00 11.93 629.37 3.46
39249.43 11.99 625.87 10.50
39275.93 11.94 620.62 2.74
39302.18 11.99 617.50 2.76
39328.68 12.10 613.50 3.91
39354.93 11.94 608.43 3.54
39381.37 11.94 605.81 3.23
39407.93 11.94 601.43 3.76
39434.18 11.99 596.68 2.97
39460.62 12.09 593.81 3.36
39486.93 11.94 588.31 2.39
39513.25 11.94 586.93 4.13
39539.68 12.10 584.75 9.14
39566.18 11.99 577.62 2.03
39592.62 12.09 575.18 3.36
39619.43 12.27 569.87 4.50
39646.00 12.23 567.87 2.93
39672.31 12.30 565.68 3.26
39698.75 12.18 562.93 3.72
39725.18 12.27 557.68 3.35
39751.62 12.17 554.75 3.58
39777.93 12.28 552.56 3.74
39804.31 12.30 551.06 2.80
39830.68 12.18 549.18 2.83
39857.18 12.27 546.12 4.95
39883.56 12.12 543.25 2.93
39909.81 12.12 539.37 10.19
39936.31 12.30 540.37 3.67
39962.62 12.17 538.81 3.43
39989.18 12.27 538.87 3.44
40015.50 12.13 534.93 4.72
40041.75 12.18 536.18 2.24
40068.31 12.30 532.62 9.87
40094.62 12.17 533.56 3.89
40121.62 12.10 531.12 4.31
40147.87 12.08 536.93 11.93
40174.25 12.02 531.37 4.86
40200.81 12.13 532.62 2.37
40227.12 12.12 531.12 7.27
40253.68 12.11 527.25 18.93
40279.93 12.08 533.56 4.26
40306.25 12.02 534.31 6.37
40332.75 12.11 535.93 2.92
40359.12 12.12 536.43 11.54
40385.68 12.11 538.43 4.26
40411.93 12.08 537.43 2.71
40438.25 12.02 535.00 12.51
40464.75 12.11 542.00 2.69
40491.12 12.12 541.18 7.56
40517.62 12.17 543.62 4.08
40543.87 12.13 546.56 3.37
40570.25 12.02 552.06 13.94
40596.75 12.11 554.06 6.10
40623.50 12.22 552.81 1.94
40650.18 12.22 553.12 8.96
40676.43 12.19 559.25 3.05
40702.81 12.07 564.06 4.88
40729.31 12.24 566.37 3.02
40755.62 12.17 568.18 3.68
40782.12 12.16 570.31 2.42
40808.43 12.19 575.00 3.32
40834.81 12.07 577.68 3.91
40861.25 12.24 584.00 6.26
40887.62 12.17 585.37 3.76
40914.00 12.18 588.18 5.39
40940.43 12.19 592.87 3.22
40966.68 12.18 596.31 3.29
40993.18 12.22 599.00 3.24
41019.62 12.17 603.12 2.50
41046.00 12.18 610.25 12.29
41072.43 12.19 608.93 3.05
41098.68 12.18 613.50 4.23
41125.56 12.00 615.75 6.87
41152.12 12.07 622.93 6.90
41178.62 12.06 624.18 2.90
41204.93 11.97 628.43 3.35
41231.31 11.97 632.68 4.33
41257.68 12.00 635.43 4.00
41284.06 12.01 638.68 2.05
41310.50 11.91 642.75 4.38
41336.93 11.97 644.12 4.43
41363.31 11.97 647.93 4.05
41389.68 12.00 651.06 9.85
41416.00 12.03 656.12 4.68
41442.50 11.91 663.81 17.39
41468.87 12.02 660.43 2.76
41495.31 11.97 665.31 4.55
41521.68 12.00 667.31 4.31
41548.00 12.03 668.87 3.51
41574.37 11.91 670.62 4.36
41600.81 12.02 673.75 3.17
41627.50 12.16 675.50 4.96
41654.12 12.15 678.31 2.31
41680.50 12.07 675.68 11.11
41706.93 12.11 681.75 3.44
41733.37 12.13 682.12 6.96
41759.62 12.12 686.00 4.02
41786.12 12.15 685.87 2.55
41812.50 12.07 685.56 7.15
41838.87 12.16 689.25 3.49
41865.37 12.13 688.68 2.78
41891.62 12.12 688.62 3.18
41918.12 12.15 690.18 5.50
41944.50 12.07 688.50 7.84
41970.75 12.02 690.00 2.32
41997.31 12.13 690.68 2.95
42023.56 12.12 689.00 3.22
42050.12 12.15 690.06 2.59
42076.43 12.08 689.87 6.37
42102.75 12.02 687.56 3.20
42129.62 12.07 686.37 3.62
42156.25 11.91 688.18 5.47
42182.56 12.00 683.87 6.98
42208.87 12.02 685.12 2.47
42235.31 11.86 682.68 2.66
42261.75 12.07 682.56 3.47
42288.12 12.01 679.00 2.42
42314.56 12.00 677.93 2.95
42340.87 12.02 675.43 3.39
42367.31 11.86 672.93 2.99
42393.68 12.05 672.93 5.22
42420.12 12.01 668.18 3.13
42446.56 12.00 666.81 4.03
42472.87 12.02 662.87 7.49
42499.31 11.86 662.68 2.97
42525.68 12.05 658.62 12.27
42552.12 12.01 657.00 4.61
42578.50 12.06 654.06 5.37
42604.87 12.02 649.50 8.65
42631.62 12.06 647.75 3.60
42658.31 12.13 642.75 3.23
42684.56 12.12 639.93 3.03
42711.06 12.10 637.93 3.32
42737.37 12.13 634.56 4.47
42763.75 12.02 632.18 5.04
42790.25 12.18 628.31 3.12
42816.56 12.12 624.56 3.45
42843.00 12.09 621.31 3.14
42869.37 12.13 617.87 2.83
42895.75 12.02 614.31 3.18
42922.18 12.18 609.00 2.67
42948.50 12.07 607.12 3.53
42974.93 12.11 603.62 5.84
43001.37 12.13 602.25 6.43
43027.62 12.12 597.75 3.63
43054.12 12.15 594.43 3.81
43080.50 12.07 591.81 3.58
43107.00 12.17 586.81 4.99
43133.68 12.03 584.75 3.17
43160.31 11.86 582.56 3.12
43186.62 12.07 582.62 17.37
43213.06 12.03 576.62 3.39
43239.37 12.06 573.68 5.56
43265.81 12.04 570.75 3.42
43292.25 11.91 569.75 2.51
43318.56 12.07 565.62 2.21
43345.00 12.03 564.18 3.54
43371.31 11.86 561.75 2.97
43397.81 12.04 561.81 4.55
43424.25 11.91 557.43 3.10
43450.50 12.01 556.37 3.79
43476.87 12.09 553.81 6.40
43503.31 11.86 552.25 4.91
43529.75 12.09 551.62 3.86
43556.25 11.91 552.31 5.16
43582.50 12.01 549.87 3.52
43608.87 12.09 548.62 3.52
43635.81 12.12 549.56 2.62
43662.31 12.15 547.18 2.19
43688.50 12.16 545.43 3.82
43715.00 12.19 547.56 4.40
43741.37 12.10 546.43 3.74
43767.87 12.13 545.93 5.09
43794.31 12.15 545.81 2.72
43820.50 12.16 546.75 4.92
43847.00 12.19 547.43 4.89
43873.37 12.10 546.75 2.99
43899.81 12.18 548.50 2.64
43926.31 12.15 547.75 3.54
43952.50 12.16 550.93 5.99
43978.93 12.18 550.56 2.67
44005.37 12.10 551.75 3.75
44031.68 12.03 552.12 3.42
44058.25 12.15 554.31 3.16
44084.43 12.15 555.93 2.82
44110.93 12.18 558.00 2.72
44137.93 12.13 560.31 6.95
44164.37 11.91 561.06 5.91
44190.81 12.14 562.43 9.10
44217.25 11.98 566.12 3.10
44243.50 12.05 566.68 6.06
44269.93 12.07 571.87 3.31
44296.37 11.91 574.81 4.65
44322.68 12.12 576.00 1.97
44349.12 12.08 578.68 1.61
44375.50 12.05 583.68 5.74
44401.93 12.07 582.68 2.20
44428.37 11.91 585.50 3.97
44454.68 12.12 588.87 2.91
44481.12 12.08 592.56 2.60
44507.50 12.05 595.68 4.69
44533.93 12.07 597.81 3.96
44560.37 11.91 601.12 2.45
44586.68 12.12 602.12 9.58
44613.12 12.13 606.50 3.62
44639.93 12.00 609.62 4.03
44666.37 11.93 613.56 2.15
44692.75 11.86 617.06 3.25
44719.12 11.97 619.00 5.64
44745.43 11.98 621.12 6.15
44771.93 11.95 625.68 6.83
44798.31 11.97 627.37 4.12
44824.75 11.86 629.68 5.65
44851.00 12.00 635.50 3.86
44877.43 11.98 636.25 1.78
44903.93 11.95 637.56 12.63
44930.31 11.97 642.56 3.44
44956.68 11.88 644.56 2.26
44983.00 12.00 647.43 4.79
45009.37 11.93 649.87 3.16
45035.87 11.75 652.31 3.95
45062.31 11.97 655.50 5.67
45088.56 11.99 657.43 5.30
45115.12 12.04 659.93 6.43
45141.87 11.88 661.75 6.51
45168.37 11.65 664.18 5.12
45194.81 11.87 664.25 5.33
45221.25 11.71 667.06 3.07
45247.62 11.92 669.56 2.91
45273.93 11.88 671.06 3.21
45300.31 11.71 672.62 2.76
45326.81 11.87 673.31 3.62
45353.18 11.76 673.81 3.99
45379.56 11.93 674.37 2.31
45405.93 11.88 676.56 3.59
45432.31 11.71 675.56 3.82
45458.68 11.87 678.68 5.26
45485.18 11.76 678.25 2.14
45511.43 11.85 677.50 4.76
45537.87 11.92 678.31 4.01
45564.31 11.71 677.25 2.46
45590.62 11.92 678.37 2.80
45617.43 12.39 677.68 3.02
45644.00 12.11 677.00 4.46
45670.56 12.18 677.68 2.17
45697.00 12.06 674.81 4.14
45723.31 12.05 673.56 2.83
45749.62 12.23 674.50 3.22
45776.06 12.11 673.62 2.55
45802.56 12.18 672.12 2.83
45829.00 12.06 670.00 2.50
45855.31 12.05 668.25 3.82
45881.62 12.23 667.31 3.42
45908.06 12.11 664.68 5.37
45934.56 12.18 665.25 2.88
45961.00 12.06 662.31 3.48
45987.31 12.05 657.18 9.75
46013.62 12.23 658.62 4.85
46040.06 12.11 655.43 3.43
46066.56 12.18 653.87 4.14
46092.93 12.11 650.00 7.47
46119.31 12.17 650.25 3.01
46146.18 12.11 647.12 2.32
46172.50 11.96 645.31 4.09
46199.00 12.23 641.93 3.19
46225.50 11.96 640.37 5.25
46251.68 12.03 637.12 3.86
46278.18 12.13 634.93 3.44
46304.50 11.96 630.25 2.59
46330.87 12.15 629.25 3.13
46357.50 11.96 625.50 3.22
46383.68 12.03 623.43 3.79
46410.12 12.12 622.43 3.26
46436.50 11.96 617.12 3.98
46462.81 11.95 613.93 5.48
46489.43 11.96 612.18 7.38
46515.68 12.03 608.37 7.76
46542.12 12.12 605.87 3.66
46568.50 11.96 604.43 5.30
46594.81 11.95 600.18 3.71
46621.62 12.27 596.62 5.82
46648.25 12.11 594.56 4.11
46674.62 12.23 592.25 5.09
46701.06 12.11 592.62 6.86
46727.50 12.24 588.56 3.18
46753.81 12.22 585.87 4.12
46780.12 12.13 584.87 5.71
46806.62 12.23 584.37 12.97
46833.00 12.06 579.62 4.27
46859.43 12.28 578.50 4.50
46885.81 12.22 575.93 6.92
46912.06 12.11 571.18 4.47
46938.62 12.23 570.81 3.70
46965.00 12.06 570.25 3.23
46991.37 12.25 570.56 5.35
47017.75 12.24 565.00 2.32
47044.06 12.11 564.75 2.68
47070.56 12.18 564.18 5.80
47097.00 12.06 562.25 3.42
47123.62 11.99 562.31 3.98
47150.31 12.01 561.25 4.75
47176.68 12.03 560.68 2.80
47203.12 12.12 557.50 2.98
47229.50 11.96 557.31 4.85
47255.75 12.01 558.56 3.94
47282.37 12.01 558.87 6.99
47308.62 12.03 557.68 2.78
47335.12 12.12 558.12 3.22
47361.50 11.96 557.43 4.12
47387.75 12.01 559.06 2.73
47414.25 12.11 559.75 11.73
47440.62 12.03 557.68 4.31
47467.06 12.18 559.31 2.47
47493.50 11.96 557.18 9.42
47519.68 12.03 559.62 5.73
47546.25 12.11 559.56 6.62
47572.50 11.96 562.25 2.13
47599.00 12.23 564.18 5.29
47625.87 12.10 562.93 4.71
47652.37 12.25 567.06 4.34
47678.75 12.24 567.75 2.51
47705.06 12.11 567.81 2.51
47731.56 12.18 570.81 2.21
47757.93 12.11 573.43 2.45
47784.31 12.05 574.37 3.24
47810.62 12.23 576.68 2.64
47837.06 12.11 576.18 7.50
47863.56 12.18 580.31 2.89
47889.93 12.11 582.56 2.74
47916.25 12.11 583.62 3.55
47942.62 12.23 586.62 3.02
47969.06 12.11 588.50 2.89
47995.56 12.18 593.68 6.03
48021.93 12.11 597.00 11.13
48048.18 12.11 597.12 4.75
48074.62 12.23 598.81 4.61
48101.06 12.11 601.43 3.00
48127.93 12.17 602.50 3.37
48154.50 11.96 605.56 3.55
48180.68 12.03 607.56 9.72
48207.25 12.11 612.37 2.26
48233.50 11.96 611.93 5.20
48259.93 12.18 617.31 3.74
48286.50 11.96 619.00 3.52
48312.68 12.03 621.68 3.05
48339.18 12.13 622.75 5.53
48365.50 11.96 626.56 4.28
48391.87 12.15 628.50 3.89
48418.43 12.01 631.43 3.02
48444.68 12.03 633.62 3.82
48471.12 12.12 635.93 4.16
48497.50 11.96 638.00 4.03
48523.81 11.95 639.68 4.87
48550.37 12.01 641.81 3.26
48576.68 12.03 644.18 3.69
48603.12 12.12 646.06 2.90
48629.93 12.16 649.50 3.89
48656.56 12.18 649.87 2.37
48682.93 12.11 652.06 4.23
48709.18 12.11 655.68 5.20
48735.62 12.23 655.31 2.41
48762.00 12.06 657.75 4.90
48788.43 12.28 659.25 3.19
48814.81 12.22 660.50 4.49
48841.06 12.11 660.87 2.95
48867.62 12.23 661.93 2.95
48894.00 12.06 662.50 3.72
48920.43 12.28 665.50 5.88
48946.81 12.22 665.31 2.20
48973.06 12.11 666.62 2.95
48999.56 12.18 666.12 5.03
49026.00 12.06 666.68 3.12
49052.37 12.25 666.31 3.96
49078.75 12.24 669.31 5.71
49105.12 12.16 666.75 7.07
49132.00 12.11 666.31 2.82
49158.50 11.96 667.06 1.95
49184.81 11.95 666.68 3.89
49211.37 12.01 667.00 3.00
49237.62 12.01 666.18 2.51
49264.12 12.12 666.18 2.16
49290.50 11.96 664.75 2.82
49316.75 12.01 666.68 2.91
49343.37 12.01 663.43 3.12
49369.56 12.01 662.18 3.05
49396.12 12.12 662.00 1.91
49422.50 11.96 658.87 6.06
49448.75 12.01 660.00 6.89
49475.25 12.11 656.12 8.02
49501.50 11.96 659.43 5.30
49528.00 12.23 654.62 2.55
49554.50 11.96 652.75 12.88
49580.68 12.03 652.00 3.18
49607.31 12.16 650.68 2.42
49634.00 12.11 647.93 4.32
49660.56 12.18 647.18 2.72
49687.00 12.06 644.75 2.66
49713.37 12.25 642.56 2.83
49739.75 12.24 641.12 4.12
49766.06 12.11 637.37 3.06
49792.56 12.18 637.75 3.09
49818.93 12.11 633.00 3.86
49845.31 12.05 632.50 4.54
49871.62 12.23 630.06 3.05
49898.06 12.11 627.43 4.18
49924.56 12.18 623.18 6.50
49950.93 12.11 622.18 3.13
49977.18 12.09 618.68 4.07
50003.62 12.23 617.75 1.89
50030.06 12.11 615.43 3.69
50056.56 12.18 613.43 3.72
50082.93 12.11 611.18 2.98
50109.18 12.14 607.93 3.03
50136.31 12.16 606.31 4.16
50162.62 12.00 605.93 3.61
50189.12 12.28 602.37 2.45
50215.62 12.00 599.31 2.84
50241.75 12.05 596.75 5.62
50268.31 12.18 596.18 2.81
50294.62 12.00 593.50 3.61
50321.00 12.20 593.06 3.45
50347.62 12.00 588.93 3.11
50373.75 12.05 587.81 3.01
50400.31 12.18 586.31 2.39
50426.62 12.00 582.12 5.70
50453.00 12.20 582.68 4.03
50479.56 12.06 580.12 2.98
50505.75 12.05 579.12 2.06
50532.25 12.17 577.75 3.49
50558.62 12.00 575.25 2.58
50584.93 12.01 573.68 3.50
50611.56 12.11 574.87 5.01
50638.25 12.13 569.37 13.38
50664.75 12.27 571.62 3.69
50691.18 12.15 572.12 5.00
50717.62 12.19 569.93 3.65
50744.06 12.15 568.56 5.29
50770.18 12.15 570.43 10.07
50796.75 12.27 568.31 5.00
50823.12 12.10 567.81 3.66
50849.43 12.27 566.31 3.55
50875.93 12.26 567.43 5.45
50902.18 12.15 568.37 5.89
50928.75 12.27 567.87 4.26
50955.12 12.10 564.00 6.51
50981.43 12.27 567.62 7.75
51007.87 12.28 566.75 7.56
51034.18 12.15 569.06 3.46
51060.68 12.22 570.31 4.03
51087.12 12.10 570.00 2.83
51113.50 12.11 569.68 3.51
51140.43 12.06 570.37 2.89
51166.68 12.05 571.25 3.93
51193.18 12.17 573.62 2.64
51219.56 12.00 573.93 2.28
51245.87 12.00 573.62 3.97
51272.43 12.05 577.81 4.28
51298.68 12.05 578.37 3.22
51325.18 12.17 578.56 2.92
51351.56 12.00 582.43 4.20
51377.81 12.06 582.43 3.55
51404.43 12.05 584.68 9.66
51430.62 12.05 581.68 11.18
51457.12 12.14 588.12 3.27
51483.56 12.00 587.68 6.63
51509.68 12.05 591.81 3.99
51536.25 12.15 591.81 3.03
51562.56 12.00 594.56 4.86
51589.00 12.25 597.06 3.49
51615.87 12.13 601.50 9.28
51642.37 12.14 600.43 4.68
51668.87 12.35 602.81 3.79
51695.25 12.22 605.06 2.49
51721.68 12.26 605.75 6.27
51748.18 12.16 610.87 3.14
51774.43 12.14 611.50 3.20
51800.81 12.35 615.06 6.33
51827.25 12.22 616.12 3.71
51853.68 12.26 618.37 3.52
51880.12 12.22 620.31 3.14
51906.43 12.14 621.93 2.82
51932.81 12.35 625.25 3.15
51959.25 12.22 624.87 4.50
51985.68 12.26 628.12 2.32
52012.12 12.22 630.25 2.97
52038.37 12.19 632.75 3.91
52064.81 12.35 632.25 4.07
52091.25 12.22 638.25 5.91
52118.00 12.34 636.62 3.35
52144.50 12.17 640.68 2.66
52170.75 12.22 643.25 3.49
52197.31 12.33 643.25 2.68
52223.56 12.17 643.18 4.28
52250.00 12.23 646.87 6.53
52276.56 12.17 645.93 4.15
52302.75 12.22 649.25 5.10
52329.18 12.31 650.12 1.83
52355.56 12.17 651.87 2.98
52381.93 12.18 652.43 2.76
52408.56 12.17 658.31 12.62
52434.75 12.22 655.43 6.00
52461.18 12.31 656.75 3.42
52487.56 12.17 656.25 3.19
52513.93 12.18 657.87 4.21
52540.31 12.33 659.18 4.32
52566.75 12.22 658.12 4.25
52593.18 12.31 658.18 3.73
52619.87 12.48 655.87 12.54
52646.56 12.42 659.87 2.47
52672.81 12.49 658.56 2.93
52699.25 12.36 659.31 3.75
52725.68 12.51 659.50 4.92
52752.06 12.38 659.75 4.10
52778.50 12.48 659.37 3.18
52804.81 12.49 659.18 2.98
52831.12 12.38 657.18 3.19
52857.68 12.51 657.18 3.30
52884.00 12.33 656.81 11.25
52910.31 12.31 655.75 3.65
52936.81 12.49 655.18 3.97
52963.06 12.38 654.12 3.39
52989.62 12.47 653.50 1.97
53016.00 12.33 654.43 4.96
53042.25 12.36 650.43 3.48
53068.75 12.52 649.18 4.32
53095.06 12.38 648.00 7.42
53122.06 12.29 646.93 4.97
53148.37 12.28 644.87 3.71
53174.81 12.24 643.12 12.07
53201.31 12.33 643.18 4.03
53227.56 12.33 640.81 3.93
53254.12 12.32 644.43 12.61
53280.43 12.28 638.00 4.29
53306.81 12.24 635.81 6.37
53333.31 12.33 636.18 3.13
53359.56 12.33 633.06 2.54
53386.12 12.32 629.12 3.97
53412.43 12.28 628.50 2.89
53438.81 12.24 626.18 5.91
53465.31 12.33 628.00 7.39
53491.56 12.33 624.25 3.91
53518.06 12.38 621.56 3.35
53544.37 12.33 618.87 3.35
53570.68 12.23 618.06 3.98
53597.31 12.33 613.93 4.05
53623.93 12.43 614.43 2.81
53650.62 12.42 612.62 4.64
53676.93 12.39 609.37 2.03
53703.31 12.25 608.75 5.18
53729.75 12.47 604.87 6.99
53756.06 12.38 606.12 4.58
53782.56 12.37 602.68 3.08
53808.93 12.39 602.00 4.47
53835.31 12.25 599.00 3.32
53861.68 12.46 597.25 2.86
53888.06 12.38 595.68 3.16
53914.56 12.37 593.87 3.50
53940.93 12.39 592.62 5.15
53967.18 12.36 591.56 3.67
53993.68 12.46 590.12 2.83
54020.06 12.38 588.25 3.29
54046.56 12.37 584.68 4.34
54072.93 12.39 584.93 3.75
54099.18 12.36 583.68 4.09
