2.00 0.25 571.81 70.99
20.56 8.90 561.56 27.59
36.87 8.82 521.25 23.47
53.75 8.75 483.50 24.06
70.25 8.87 444.50 20.66
86.56 8.77 406.75 19.74
103.12 8.91 370.75 19.47
119.31 8.85 335.00 19.47
135.81 8.73 300.00 18.83
152.25 8.87 269.06 17.19
168.56 8.77 238.56 15.60
185.12 8.91 207.31 15.31
201.31 8.85 181.37 14.11
217.81 8.73 153.81 11.80
234.31 8.85 129.37 12.20
250.62 8.75 108.12 10.25
267.12 8.91 89.18 9.91
283.43 8.82 71.56 11.94
299.87 8.72 54.25 6.74
316.37 8.84 42.37 6.27
332.68 8.74 33.00 5.42
349.12 8.91 24.00 5.56
365.37 8.84 17.00 7.40
381.81 8.69 15.87 2.71
398.37 8.84 15.25 3.13
414.75 8.72 17.56 4.27
431.12 8.90 22.43 4.55
447.50 8.79 28.50 8.60
464.06 8.63 37.87 7.31
480.56 8.79 48.68 8.58
496.93 8.67 62.43 8.99
513.18 8.63 80.68 10.03
529.62 8.77 98.87 11.94
546.06 8.63 120.12 13.37
562.56 8.79 141.00 13.80
578.81 8.71 165.00 14.03
595.18 8.63 192.00 14.55
611.75 8.73 219.12 15.55
628.25 8.83 252.68 17.42
644.75 9.00 279.68 17.83
661.37 8.91 314.31 17.97
677.75 9.07 347.31 18.33
694.25 8.95 381.31 18.78
710.62 8.82 417.37 20.50
727.06 9.02 452.56 19.73
743.37 8.91 491.12 20.81
759.75 9.07 525.87 20.27
776.25 8.95 563.31 19.99
792.62 8.82 601.56 20.83
809.12 8.99 639.81 19.87
825.43 8.89 674.50 20.47
841.81 9.01 713.62 19.83
858.37 8.90 749.31 18.50
874.75 8.77 782.25 22.28
891.12 8.98 819.25 17.08
907.43 8.88 853.87 17.74
923.81 8.75 889.25 25.53
940.37 8.90 918.62 15.42
956.68 8.79 952.00 14.40
973.00 9.02 978.56 13.44
989.37 8.90 1005.37 14.44
1005.75 8.77 1032.31 13.43
1022.37 8.90 1055.12 11.84
1038.75 8.86 1074.56 13.77
1055.06 9.04 1097.37 8.19
1071.56 8.94 1114.25 9.40
1087.93 8.80 1129.50 8.09
1104.56 8.94 1146.50 5.87
1120.75 8.87 1156.75 4.53
1137.12 9.00 1166.00 4.29
1153.56 8.94 1173.25 5.53
1169.93 8.80 1177.75 3.67
1186.37 9.00 1180.37 4.27
1202.75 8.87 1179.50 7.40
1219.18 8.98 1180.31 7.07
1235.62 8.91 1172.75 5.18
1252.00 8.78 1166.12 8.84
1268.50 8.92 1157.00 7.77
1284.93 8.81 1145.31 11.52
1301.18 8.97 1129.75 9.27
1317.68 8.90 1115.62 11.21
1334.06 8.76 1097.31 11.67
1350.50 8.92 1076.06 14.80
1366.81 8.85 1055.25 13.50
1383.12 8.74 1032.75 14.98
1399.68 8.90 1005.68 16.46
1416.12 8.74 979.25 15.80
1432.43 8.94 954.25 15.89
1448.87 8.82 923.87 17.62
1465.25 8.71 892.87 17.14
1481.87 8.84 861.12 19.01
1498.18 8.73 828.56 19.92
1514.62 8.90 793.75 19.97
1530.93 8.81 761.43 18.45
1547.25 8.71 727.18 18.96
1563.87 8.84 695.25 23.29
1580.18 8.73 656.68 18.88
1596.50 8.90 621.25 19.11
1613.00 8.82 585.68 19.92
1629.43 9.17 550.62 20.06
1645.87 9.11 515.87 18.47
1662.37 8.97 481.50 19.49
1678.81 9.12 448.31 18.47
1695.12 9.07 415.68 18.80
1711.50 9.18 383.31 16.74
1727.87 9.11 351.43 17.25
1744.37 8.97 325.25 19.96
1760.68 9.17 293.25 15.91
1777.06 9.08 266.75 14.62
1793.37 8.97 243.37 15.07
1809.93 9.08 218.75 11.96
1826.31 8.99 195.75 12.68
1842.75 9.13 172.93 11.28
1859.18 9.03 156.75 8.81
1875.50 8.93 142.25 11.90
1892.06 9.04 126.00 6.85
1908.37 8.97 112.81 6.42
1924.68 9.11 101.75 6.50
1941.18 9.03 93.81 6.52
1957.50 8.93 88.62 3.14
1974.06 9.04 85.12 4.11
1990.37 8.97 82.75 4.31
2006.62 9.14 82.37 4.09
2023.18 9.03 85.43 5.32
2039.56 8.96 89.75 6.22
2056.06 9.13 97.68 7.51
2072.37 9.03 108.00 7.23
2088.75 9.15 116.31 8.56
2105.25 9.06 132.00 10.53
2121.62 8.94 141.06 23.09
2138.00 9.10 164.56 11.28
2154.37 9.03 183.18 12.93
2170.75 9.15 203.12 14.77
2187.25 9.06 224.43 14.02
2203.56 8.96 248.81 14.11
2219.93 9.13 274.06 17.14
2236.37 9.03 301.75 16.37
2252.62 8.94 329.62 16.03
2269.37 9.03 358.43 18.14
2285.56 8.96 389.06 17.18
2302.00 9.12 419.93 20.18
2318.37 9.03 447.25 27.27
2334.68 8.93 483.00 19.79
2351.31 9.05 515.31 18.82
2367.56 8.96 548.81 19.00
2383.87 9.11 582.18 19.59
2400.37 9.03 613.75 19.80
2416.75 8.91 649.06 18.70
2433.31 9.07 683.75 19.14
2449.68 8.93 714.68 17.36
2466.00 9.11 747.81 18.54
2482.50 9.01 777.50 18.47
2498.87 8.88 805.68 24.55
2515.31 9.08 837.00 18.96
2531.75 8.92 867.50 15.42
2548.00 9.11 894.81 14.43
2564.50 9.01 920.81 14.99
2580.81 8.90 946.93 13.94
2597.25 9.05 969.31 12.57
2613.68 8.96 993.43 12.22
2630.12 9.33 1015.25 11.25
2646.68 9.24 1032.68 12.32
2662.93 9.16 1050.43 9.89
2679.43 9.29 1064.25 9.34
2695.81 9.21 1077.62 8.29
2712.12 9.35 1090.43 6.26
2728.68 9.24 1099.00 6.36
2744.93 9.16 1106.18 10.38
2761.37 9.33 1112.75 3.72
2777.75 9.24 1115.25 4.53
2794.12 9.35 1116.56 3.34
2810.68 9.24 1115.18 3.83
2827.12 9.12 1113.25 5.80
2843.56 9.28 1108.31 4.91
2860.00 9.17 1100.31 7.33
2876.37 9.30 1092.25 7.49
2892.75 9.26 1081.12 8.82
2909.12 9.12 1068.06 9.43
2925.56 9.28 1054.00 10.56
2942.00 9.17 1036.43 10.74
2958.31 9.30 1017.68 11.83
2974.75 9.26 998.68 12.25
2991.12 9.12 978.62 13.81
3007.56 9.28 955.18 14.68
3024.00 9.17 925.56 23.98
3040.31 9.36 904.50 15.88
3056.81 9.29 879.56 17.64
3073.06 9.20 851.93 15.71
3089.56 9.29 823.00 18.69
3106.00 9.21 792.75 17.61
3122.25 9.13 764.62 15.62
3138.81 9.29 732.75 18.68
3155.06 9.20 699.68 19.71
3171.50 9.29 670.62 18.73
3187.93 9.23 639.43 19.23
3204.18 9.14 607.75 18.30
3220.75 9.32 577.06 19.33
3237.06 9.20 546.18 18.62
3253.43 9.33 514.37 19.02
3269.93 9.23 484.12 18.05
3286.25 9.13 456.25 17.51
3302.75 9.32 427.12 16.46
3319.12 9.19 402.68 22.42
3335.50 9.31 372.68 15.52
3351.87 9.25 346.43 15.23
3368.25 9.13 322.18 15.09
3384.75 9.32 298.62 17.38
3401.06 9.20 277.25 14.71
3417.43 9.32 256.75 14.36
3433.87 9.27 237.25 11.22
3450.25 9.13 217.18 12.70
3466.81 9.27 201.06 11.77
3483.18 9.18 186.06 14.22
3499.56 9.31 176.68 8.85
3515.93 9.27 164.37 10.60
3532.31 9.13 157.18 6.22
3548.68 9.27 149.75 4.38
3565.12 9.19 145.00 6.84
3581.37 9.11 143.25 4.18
3597.93 9.27 143.81 5.14
3614.37 9.12 148.75 18.30
3630.81 9.49 147.93 5.16
3647.31 9.44 152.06 6.01
3663.56 9.60 159.18 7.12
3680.12 9.51 167.00 7.20
3696.43 9.41 177.06 7.24
3712.87 9.57 190.37 9.38
3729.31 9.44 203.37 9.84
3745.56 9.60 221.50 14.84
3762.12 9.51 237.81 12.14
3778.43 9.41 258.68 14.31
3794.87 9.57 277.12 13.31
3811.37 9.44 299.00 15.08
3827.68 9.58 320.25 15.93
3844.25 9.49 346.25 16.42
3860.50 9.41 371.12 15.49
3877.00 9.55 397.87 16.76
3893.37 9.47 426.81 16.85
3909.68 9.58 451.75 17.57
3926.18 9.46 478.43 18.61
3942.50 9.41 510.37 17.70
3958.93 9.53 538.93 17.53
3975.31 9.48 567.87 19.22
3991.62 9.35 597.37 18.36
4008.06 9.51 627.87 18.15
4024.50 9.41 656.93 17.99
4040.87 9.59 685.37 17.91
4057.31 9.52 714.81 19.71
4073.68 9.38 743.43 17.67
4090.18 9.58 770.06 16.42
4106.56 9.44 798.31 17.37
4122.87 9.59 823.12 16.53
4139.31 9.52 847.62 16.08
4155.62 9.42 870.62 15.84
4172.18 9.58 895.81 15.28
4188.56 9.44 916.68 14.57
4204.87 9.59 937.93 12.82
4221.31 9.52 957.50 13.93
4237.68 9.38 976.06 11.14
4254.12 9.62 990.87 10.94
4270.56 9.44 1006.81 9.96
4286.81 9.59 1021.12 9.85
4303.31 9.52 1031.06 9.94
4319.68 9.38 1039.75 6.76
4336.06 9.58 1049.43 7.38
4352.56 9.44 1053.75 5.87
4368.81 9.59 1058.81 7.45
4385.31 9.52 1059.81 6.16
4401.62 9.40 1059.62 5.82
4418.00 9.56 1056.81 5.82
4434.43 9.48 1058.18 10.07
4450.68 9.38 1051.06 6.38
4467.31 9.56 1043.50 7.26
4483.62 9.44 1034.93 7.44
4500.06 9.56 1024.06 8.61
4516.43 9.50 1012.81 9.40
4532.75 9.38 1000.37 11.75
4549.31 9.56 985.93 13.74
4565.62 9.44 967.81 12.17
4582.06 9.56 948.81 13.21
4598.37 9.52 930.00 13.57
4614.81 9.38 907.93 13.35
4631.43 9.78 890.25 19.12
4647.81 9.69 861.81 16.19
4664.31 9.83 840.37 16.01
4680.62 9.77 816.56 18.33
4697.00 9.86 788.18 17.45
4713.43 9.85 762.75 18.63
4729.81 9.69 735.62 17.82
4746.25 9.84 710.37 17.34
4762.62 9.77 684.87 19.59
4779.00 9.86 655.12 17.22
4795.31 9.83 626.37 19.07
4811.87 9.68 598.56 18.45
4828.31 9.83 571.75 20.58
4844.75 9.75 542.37 17.44
4861.00 9.64 516.75 18.56
4877.43 9.82 490.43 16.70
4893.87 9.72 464.75 19.28
4910.18 9.85 439.00 16.42
4926.68 9.76 414.18 16.49
4942.93 9.68 384.43 23.42
4959.43 9.82 371.06 17.33
4975.87 9.72 346.43 13.41
4992.18 9.85 327.12 12.23
5008.62 9.80 310.75 18.77
5024.93 9.68 288.43 13.35
5041.56 9.89 272.81 11.66
5057.87 9.78 255.87 11.78
5074.25 9.88 243.31 9.47
5090.68 9.83 233.12 11.47
5107.00 9.71 222.06 7.64
5123.56 9.89 213.75 7.75
5139.87 9.78 206.68 6.21
5156.18 9.88 200.56 7.29
5172.68 9.83 197.25 5.31
5189.00 9.71 195.93 8.39
5205.50 9.85 195.87 4.81
5221.87 9.78 198.18 7.46
5238.18 9.88 200.81 5.60
5254.62 9.85 203.93 10.19
5271.00 9.71 213.56 10.75
5287.37 9.86 221.75 7.45
5303.81 9.79 230.12 9.09
5320.12 9.65 242.06 7.72
5336.56 9.89 255.62 10.02
5353.00 9.71 269.75 10.32
5369.31 9.86 285.68 10.74
5385.75 9.79 303.68 12.29
5402.06 9.70 321.18 13.11
5418.56 9.89 342.37 14.19
5434.93 9.76 361.81 14.69
5451.25 9.88 383.25 15.86
5467.75 9.84 405.87 15.17
5484.12 9.70 430.00 16.33
5500.62 9.90 457.37 19.94
5517.00 9.76 479.87 15.67
5533.37 9.89 504.18 18.24
5549.75 9.84 531.81 20.06
5566.12 9.70 556.87 16.95
5582.62 9.90 582.37 17.48
5598.93 9.79 607.81 16.27
5615.37 9.89 635.12 17.79
5631.93 10.06 662.18 18.26
5648.31 10.20 686.68 17.24
5664.75 10.11 711.56 17.37
5681.12 10.04 737.43 18.45
5697.50 10.14 758.87 21.09
5713.93 10.09 785.62 16.19
5730.31 10.20 808.31 15.51
5746.75 10.11 829.62 14.63
5763.12 10.04 854.93 19.04
5779.43 10.13 870.56 12.86
5795.81 10.15 891.75 13.57
5812.31 9.97 907.43 11.85
5828.81 10.14 925.18 13.48
5845.25 10.04 938.12 14.92
5861.56 10.18 953.12 11.95
5878.00 10.10 966.62 9.91
5894.31 10.01 977.37 10.61
5910.75 10.17 986.43 8.45
5927.25 10.04 993.56 7.61
5943.56 10.18 1007.75 17.19
5960.00 10.10 1006.12 6.34
5976.31 10.01 1009.25 6.27
5992.75 10.17 1010.31 7.62
6009.25 10.04 1009.12 7.22
6025.50 10.17 1012.06 15.32
6042.06 10.14 1003.93 7.77
6058.31 10.08 998.81 6.29
6074.81 10.20 994.18 8.25
6091.25 10.12 983.00 8.67
6107.50 10.23 974.68 10.08
6124.00 10.19 964.31 11.43
6140.31 10.08 950.62 12.07
6156.75 10.18 935.62 11.46
6173.18 10.12 922.62 14.39
6189.50 10.23 903.18 10.68
6206.00 10.19 887.43 14.01
6222.31 10.08 870.50 14.60
6238.68 10.17 849.75 15.96
6255.06 10.14 828.31 15.19
6271.43 10.00 808.87 16.57
6287.93 10.22 785.18 15.14
6304.31 10.08 765.00 18.74
6320.68 10.17 738.37 17.44
6337.06 10.14 711.87 20.29
6353.43 10.00 691.00 18.61
6369.93 10.22 665.56 17.79
6386.31 10.08 644.06 17.95
6402.68 10.17 615.68 15.73
6419.06 10.14 592.50 16.80
6435.37 10.05 573.18 25.57
6451.93 10.22 544.25 18.00
6468.37 10.08 517.18 18.04
6484.75 10.18 495.37 17.22
6501.12 10.15 473.31 17.91
6517.43 10.05 450.25 17.03
6533.87 10.21 429.62 16.10
6550.31 10.13 409.37 15.41
6566.75 10.18 389.12 15.12
6583.06 10.19 370.37 14.63
6599.43 10.05 351.12 13.52
6615.87 10.19 335.37 13.30
6632.43 10.09 322.50 12.98
6648.68 10.27 305.50 11.23
6665.18 10.23 293.37 11.41
6681.50 10.12 281.06 11.90
6698.00 10.25 273.18 9.68
6714.43 10.13 262.50 9.18
6730.68 10.27 256.75 9.44
6747.18 10.23 250.62 7.99
6763.50 10.12 246.56 7.72
6780.00 10.25 244.25 8.00
6796.43 10.13 242.93 7.02
6812.75 10.27 243.31 6.92
6829.31 10.23 244.56 6.96
6845.62 10.13 248.31 5.30
6862.12 10.26 252.56 9.54
6878.50 10.20 259.93 9.48
6894.75 10.32 266.25 11.84
6911.25 10.27 276.56 8.99
6927.62 10.13 286.68 9.65
6944.12 10.26 300.87 10.78
6960.50 10.20 313.50 11.16
6976.68 10.10 329.25 13.24
6993.12 10.26 343.06 13.43
7009.62 10.13 361.06 12.56
7026.06 10.22 378.00 13.90
7042.43 10.28 397.31 14.76
7058.75 10.14 416.31 15.27
7075.31 10.31 437.50 15.50
7091.68 10.17 457.81 16.26
7107.93 10.32 481.25 14.12
7124.37 10.27 503.12 17.01
7140.68 10.17 524.18 16.48
7157.31 10.31 545.62 17.63
7173.68 10.17 570.56 16.57
7189.93 10.32 595.37 17.02
7206.37 10.27 616.81 17.53
7222.75 10.14 637.68 18.79
7239.31 10.31 663.68 16.34
7255.68 10.17 686.81 15.69
7271.93 10.32 709.50 18.10
7288.37 10.27 731.25 15.71
7304.75 10.14 753.25 14.98
7321.25 10.34 774.18 16.14
7337.56 10.24 793.25 15.39
7353.87 10.31 810.18 18.31
7370.31 10.31 830.81 13.13
7386.75 10.14 848.25 14.02
7403.18 10.30 864.81 11.05
7419.62 10.22 877.62 16.83
7435.75 10.14 894.25 11.75
7452.37 10.27 908.68 11.90
7468.75 10.18 919.68 11.86
7485.18 10.28 930.62 11.23
7501.56 10.26 938.81 9.58
7517.81 10.15 946.37 9.21
7534.43 10.29 955.81 10.40
7550.75 10.18 959.25 7.98
7567.18 10.28 962.25 8.00
7583.50 10.26 963.93 8.30
7599.81 10.15 966.68 9.36
7616.50 10.29 964.62 7.42
7632.81 10.19 962.25 8.45
7649.31 10.40 959.62 6.95
7665.62 10.34 953.68 9.09
7682.00 10.41 946.93 10.54
7698.50 10.37 938.56 12.08
7714.87 10.23 931.50 9.49
7731.25 10.42 920.00 12.37
7747.56 10.33 908.62 10.29
7763.93 10.19 896.37 13.01
7780.43 10.40 882.68 12.04
7796.81 10.27 868.37 14.46
7813.18 10.41 853.06 9.27
7829.75 10.35 835.56 15.74
7846.06 10.21 817.87 13.33
7862.50 10.37 796.81 15.75
7878.93 10.29 778.50 14.72
7895.18 10.43 758.12 16.21
7911.75 10.35 740.12 15.50
7928.00 10.24 717.31 16.17
7944.50 10.37 696.93 16.44
7960.93 10.29 673.68 16.49
7977.18 10.43 653.06 16.75
7993.68 10.34 631.18 17.86
8010.00 10.24 611.06 16.93
8026.50 10.37 585.87 17.22
8043.00 10.33 564.75 16.53
8059.25 10.48 541.68 15.41
8075.75 10.39 526.00 19.10
8092.06 10.28 500.68 15.50
8108.56 10.51 483.43 15.99
8124.93 10.36 463.18 15.20
8141.25 10.48 444.12 14.66
8157.68 10.43 426.37 14.40
8174.06 10.28 407.93 13.01
8190.50 10.53 390.62 13.08
8206.87 10.35 377.68 13.34
8223.12 10.25 359.93 13.88
8239.62 10.46 351.93 12.95
8256.00 10.33 337.06 12.11
8272.43 10.44 325.87 9.23
8288.81 10.39 314.43 10.57
8305.12 10.25 306.93 8.99
8321.62 10.46 301.37 8.66
8338.00 10.33 292.68 8.62
8354.37 10.41 293.12 13.49
8370.81 10.39 287.87 8.61
8387.06 10.28 283.06 7.60
8403.62 10.46 283.56 11.03
8420.00 10.33 284.43 9.63
8436.31 10.46 287.81 7.53
8452.75 10.39 290.56 8.28
8469.12 10.30 296.43 8.86
8485.68 10.47 303.00 9.61
8502.06 10.35 310.68 10.62
8518.37 10.51 318.56 9.24
8534.81 10.40 329.00 11.21
8551.12 10.30 340.06 11.50
8567.68 10.47 351.75 11.86
8584.00 10.37 362.81 12.58
8600.31 10.49 379.93 12.31
8616.81 10.45 395.43 13.20
8633.18 10.31 410.00 13.18
8649.75 10.57 427.87 13.58
8666.06 10.41 446.06 13.09
8682.43 10.57 464.00 14.49
8698.81 10.52 483.87 15.16
8715.25 10.35 500.68 15.34
8731.68 10.53 523.18 14.61
8748.00 10.46 540.62 17.28
8764.31 10.32 562.25 16.48
8780.81 10.52 582.87 15.67
8797.25 10.35 604.12 16.52
8813.75 10.53 623.43 17.72
8830.12 10.48 645.43 15.02
8846.43 10.39 664.12 15.99
8862.93 10.54 686.50 14.56
8879.37 10.37 704.37 15.39
8895.75 10.60 723.43 14.77
8912.12 10.48 741.81 16.19
8928.43 10.39 758.56 19.93
8944.93 10.54 777.75 14.77
8961.31 10.36 795.37 13.10
8977.68 10.62 812.12 12.40
8994.12 10.48 826.31 11.52
9010.43 10.39 841.18 12.45
9026.93 10.54 855.43 10.36
9043.25 10.48 867.25 10.65
9059.75 10.70 879.68 10.72
9076.12 10.57 887.43 9.94
9092.43 10.42 898.18 9.71
9108.93 10.64 904.00 10.91
9125.25 10.48 909.68 15.19
9141.68 10.65 918.87 9.23
9158.12 10.57 921.50 8.04
9174.43 10.42 925.37 7.86
9190.93 10.64 924.62 8.92
9207.25 10.48 925.93 9.15
9223.56 10.40 923.75 7.31
9240.12 10.57 921.68 7.28
9256.43 10.42 918.68 7.33
9272.93 10.64 914.12 8.25
9289.18 10.53 906.87 9.31
9305.56 10.40 900.68 9.72
9322.06 10.56 891.18 9.53
9338.43 10.42 882.56 9.97
9354.93 10.64 872.31 10.80
9371.18 10.53 857.87 11.98
9387.56 10.40 847.56 12.85
9404.06 10.56 835.56 15.04
9420.37 10.41 820.62 12.78
9436.81 10.72 804.50 12.21
9453.18 10.53 787.50 13.83
9469.56 10.40 771.87 15.38
9486.00 10.59 754.00 14.33
9502.31 10.46 736.18 16.00
9518.81 10.72 714.18 15.42
9535.18 10.53 700.50 15.74
9551.50 10.39 681.06 14.95
9568.00 10.59 660.87 16.00
9584.31 10.46 641.12 16.39
9600.75 10.67 623.12 16.60
9617.18 10.53 603.06 14.36
9633.43 10.42 583.25 14.52
9650.00 10.69 562.31 15.05
9666.43 10.51 544.37 15.75
9682.81 10.71 525.18 15.73
9699.25 10.57 508.93 16.01
9715.50 10.46 490.93 14.51
9732.00 10.69 473.68 14.56
9748.31 10.54 456.25 17.08
9764.81 10.71 441.50 14.29
9781.18 10.57 426.18 12.73
9797.50 10.46 412.50 11.86
9814.06 10.70 397.62 13.16
9830.37 10.61 384.43 13.22
9846.87 10.73 374.31 11.27
9863.31 10.64 363.93 11.76
9879.68 10.52 355.37 13.12
9896.00 10.79 348.37 11.88
9912.37 10.61 338.37 9.39
9928.87 10.73 333.56 8.59
9945.25 10.68 328.87 7.67
9961.62 10.49 324.25 7.81
9978.00 10.79 323.18 8.59
9994.37 10.61 322.75 10.87
10010.81 10.52 323.06 9.06
10027.25 10.68 321.93 8.38
10043.62 10.59 325.43 9.92
10060.06 10.85 326.50 11.46
10076.43 10.66 332.12 12.69
10092.75 10.57 338.25 9.72
10109.18 10.77 346.75 11.72
10125.62 10.59 354.87 9.51
10142.06 10.85 364.06 9.65
10158.43 10.66 374.12 10.40
10174.75 10.57 385.75 11.39
10191.18 10.77 397.50 12.14
10207.56 10.58 411.31 12.16
10224.06 10.85 422.37 12.69
10240.43 10.66 438.93 13.25
10256.75 10.57 453.56 12.71
10273.18 10.77 468.81 13.20
10289.43 10.66 486.00 13.60
10305.93 10.78 502.56 15.71
10322.37 10.70 519.62 15.61
10338.75 10.57 537.87 15.28
10355.18 10.77 555.68 14.37
10371.43 10.66 574.68 15.15
10387.93 10.78 592.31 14.93
10404.37 10.70 611.18 14.69
10420.68 10.55 628.68 14.58
10437.12 10.82 645.43 16.25
10453.43 10.66 664.56 15.46
10469.87 10.58 683.43 14.55
10486.31 10.73 700.50 14.58
10502.62 10.59 716.87 15.75
10519.12 10.82 734.56 13.63
10535.43 10.66 751.00 14.20
10551.81 10.53 765.31 13.17
10568.25 10.72 779.43 13.15
10584.62 10.59 794.06 12.57
10601.12 10.82 807.37 13.36
10617.43 10.66 818.18 16.59
10633.75 10.57 830.93 12.28
10650.25 10.82 840.68 11.05
10666.68 10.64 852.56 12.72
10683.12 10.90 859.18 10.75
10699.50 10.71 868.43 8.91
10715.87 10.66 873.12 8.93
10732.25 10.82 880.18 9.47
10748.56 10.68 885.12 8.87
10765.06 10.84 889.75 14.50
10781.50 10.71 887.50 10.81
10797.87 10.66 891.06 7.59
10814.31 10.83 891.00 12.14
10830.62 10.75 888.37 8.79
10847.12 10.87 887.50 7.41
10863.50 10.77 881.87 9.96
10880.00 10.71 878.00 8.85
10896.31 10.91 872.68 9.19
10912.62 10.75 868.81 15.41
10929.12 10.87 858.75 10.10
10945.43 10.80 849.12 8.77
10961.93 10.66 838.68 11.28
10978.31 10.91 829.25 11.32
10994.62 10.75 817.62 12.22
11011.06 10.67 804.87 11.75
11027.43 10.80 793.12 12.75
11043.93 10.76 777.31 13.14
11060.37 10.96 761.68 13.52
11076.68 10.80 748.81 16.23
11093.12 10.82 731.87 13.58
11109.43 10.91 718.06 14.20
11125.93 10.76 700.37 14.50
11142.31 10.99 685.43 15.43
11158.68 10.80 665.81 15.04
11175.06 10.76 650.18 15.24
11191.43 10.91 630.37 14.18
11207.87 10.75 614.50 15.06
11224.31 10.99 597.81 14.50
11240.68 10.80 584.06 19.55
11257.06 10.76 563.56 14.50
11273.43 10.91 547.18 14.66
11289.68 10.80 530.93 14.30
11306.25 10.98 515.37 15.47
11322.56 10.83 500.12 15.76
11339.06 10.76 485.37 13.13
11355.43 10.91 470.18 15.18
11371.68 10.80 457.93 9.97
11388.25 10.98 442.43 12.85
11404.56 10.83 431.56 11.15
11421.00 10.71 417.68 14.05
11437.37 10.96 408.31 10.52
11453.68 10.80 399.18 11.21
11470.18 10.78 389.93 9.80
11486.50 10.86 381.56 10.55
11502.93 10.76 374.31 8.41
11519.37 10.96 368.31 8.99
11535.68 10.80 362.75 7.39
11552.18 10.78 359.50 8.94
11568.50 10.86 355.06 12.70
11584.93 10.76 355.50 8.06
11601.37 10.96 354.37 8.31
11617.68 10.80 354.68 8.01
11634.06 10.76 356.50 7.17
11650.50 10.96 358.25 9.43
11667.06 10.86 362.37 7.42
11683.37 11.04 366.25 9.39
11699.75 10.85 373.06 9.06
11716.12 10.82 379.37 9.96
11732.50 10.96 387.12 9.73
11748.93 10.89 394.50 10.38
11765.37 11.04 404.50 10.90
11781.68 10.84 412.93 14.10
11798.12 10.82 425.81 11.70
11814.50 10.96 437.50 12.48
11830.93 10.92 449.93 12.38
11847.43 11.07 462.12 12.81
11863.75 10.92 477.12 13.81
11880.18 10.85 485.18 28.06
11896.50 11.04 503.62 11.78
11912.93 10.92 520.81 13.98
11929.37 11.06 536.87 13.90
11945.62 10.94 552.56 16.84
11962.18 10.85 563.37 19.38
11978.50 11.04 583.18 13.49
11994.81 10.88 600.81 14.97
12011.37 11.06 619.06 16.16
12027.62 10.94 632.87 13.70
12044.12 10.90 650.31 14.73
12060.50 11.04 663.56 16.84
12076.81 10.88 680.62 13.68
12093.25 10.90 695.56 12.66
12109.56 10.99 710.68 15.49
12126.12 10.90 725.25 15.03
12142.43 11.07 739.31 12.49
12158.81 10.88 752.31 11.12
12175.18 10.85 767.56 12.77
12191.56 10.99 776.37 13.27
12208.12 10.90 789.81 11.71
12224.43 11.07 800.06 11.33
12240.81 10.88 810.56 10.95
12257.18 10.85 819.62 9.69
12273.56 10.99 825.12 15.72
12289.93 10.92 834.56 9.82
12306.43 11.07 842.43 9.76
12322.75 10.92 846.62 9.26
12339.18 10.85 849.37 15.26
12355.56 10.99 855.06 8.55
12371.93 10.92 857.87 9.00
12388.37 11.06 855.87 11.31
12404.68 10.91 861.00 8.37
12421.18 10.85 858.93 9.23
12437.50 11.04 856.43 8.52
12453.81 10.88 854.43 8.29
12470.43 11.07 850.25 9.09
12486.62 10.94 851.25 16.74
12503.12 10.90 842.43 8.57
12519.50 11.04 834.68 9.55
12535.81 10.88 828.37 9.82
12552.37 10.88 819.31 11.27
12568.62 10.94 809.75 11.13
12585.12 10.90 797.93 16.99
12601.50 11.04 790.18 12.23
12617.81 10.88 779.50 11.07
12634.31 11.05 767.68 13.76
12650.62 11.05 755.25 12.87
12667.18 10.95 742.31 12.34
12683.50 11.13 726.75 15.93
12699.87 10.94 714.12 14.79
12716.31 11.10 700.25 16.18
12732.62 11.05 685.93 15.30
12749.12 11.00 667.81 18.84
12765.50 11.13 654.62 14.46
12781.87 10.94 641.12 13.94
12798.31 11.10 627.62 11.38
12814.62 11.05 608.87 15.90
12831.06 11.04 594.62 14.58
12847.56 11.16 579.37 13.88
12863.87 11.01 564.18 13.94
12880.31 10.94 549.50 13.97
12896.62 11.13 534.93 13.97
12913.06 11.04 518.06 15.55
12929.56 11.16 508.18 12.97
12945.81 11.05 496.62 13.68
12962.25 10.90 482.25 11.88
12978.62 11.13 467.43 15.82
12995.00 11.03 459.62 11.78
13011.56 11.16 447.18 12.38
13027.81 11.05 437.81 11.28
13044.18 10.95 427.87 11.95
13060.62 11.13 420.56 10.16
13076.93 10.97 411.56 10.50
13093.50 11.20 405.43 8.56
13109.75 11.10 401.37 9.69
13126.18 10.95 396.43 8.91
13142.56 11.16 391.00 9.75
13158.93 10.97 387.68 7.79
13175.43 11.19 384.62 7.67
13191.68 11.08 383.75 8.35
13208.18 10.95 382.62 8.18
13224.56 11.16 385.93 7.82
13240.93 10.97 384.31 8.94
13257.43 11.19 387.00 13.24
13273.68 11.08 392.75 8.30
13290.06 11.04 395.81 9.51
13306.56 11.16 400.62 9.72
13322.87 11.01 408.06 9.70
13339.37 11.00 414.31 10.66
13355.68 11.08 420.00 12.32
13372.06 11.04 430.18 8.70
13388.56 11.16 440.00 14.55
13404.87 11.01 449.06 11.25
13421.25 10.90 462.50 15.38
13437.62 11.13 473.62 13.60
13454.00 11.03 483.62 13.22
13470.56 11.16 495.06 12.97
13486.81 11.05 509.93 13.68
13503.18 10.95 523.31 13.52
13519.62 11.13 536.50 14.81
13535.93 10.97 551.06 18.22
13552.56 11.16 563.75 14.46
13568.81 11.05 577.68 13.73
13585.18 10.95 593.81 15.44
13601.62 11.13 606.75 14.21
13617.93 10.97 623.93 19.34
13634.43 11.19 638.12 16.42
13650.68 11.08 648.62 15.30
13667.18 10.95 665.81 14.40
13683.56 11.16 677.37 13.60
13700.00 11.03 691.81 13.11
13716.43 11.19 704.31 14.72
13732.68 11.08 716.06 11.97
13749.12 11.00 731.37 13.98
13765.56 11.16 741.00 12.27
13781.93 10.97 752.25 11.16
13798.37 11.00 764.75 12.12
13814.68 11.08 772.37 11.71
13831.06 11.04 782.37 9.94
13847.56 11.16 791.25 10.21
13863.87 11.01 799.56 11.12
13880.31 10.94 805.62 9.75
13896.62 11.13 809.93 11.51
13913.06 11.04 817.68 9.14
13929.56 11.16 822.43 9.40
13945.81 11.05 825.31 11.72
13962.31 10.94 828.56 9.11
13978.62 11.13 829.50 8.87
13995.06 11.04 830.56 9.57
14011.56 11.16 832.00 7.24
14027.81 11.05 832.37 9.23
14044.25 10.99 829.50 7.96
14060.62 11.13 827.93 10.87
14077.00 11.03 822.93 9.10
14093.43 11.19 818.31 11.20
14109.75 11.10 813.93 8.88
14126.25 10.99 808.18 8.74
14142.56 11.16 801.81 11.47
14159.00 11.03 794.00 10.39
14175.43 11.19 786.00 10.29
14191.68 11.08 777.18 11.73
14208.18 10.95 767.68 13.58
14224.56 11.16 757.56 13.40
14240.93 10.97 746.37 13.51
14257.37 11.00 736.87 13.19
14273.68 11.08 723.68 14.05
14290.06 11.04 711.00 14.01
14306.56 11.16 698.25 12.92
14322.87 11.01 686.81 15.29
14339.37 11.00 671.43 15.25
14355.68 11.08 660.68 14.43
14372.06 11.04 648.18 14.45
14388.56 11.16 634.31 17.86
14404.87 11.01 620.75 13.88
14421.31 10.94 604.68 14.00
14437.62 11.13 592.81 14.36
14454.06 11.04 579.50 13.00
14470.56 11.16 568.43 14.67
14486.81 11.05 555.18 13.94
14503.25 10.99 539.75 13.47
14519.62 11.13 528.18 13.33
14536.00 11.03 515.81 13.64
14552.56 11.16 504.12 14.01
14568.81 11.05 493.75 13.19
14585.25 10.99 480.93 17.27
14601.62 11.13 475.25 12.80
14618.06 11.04 463.87 11.23
14634.50 11.20 448.37 25.45
14650.68 11.08 446.43 10.42
14667.18 10.95 440.56 9.96
14683.56 11.16 433.50 9.33
14700.06 11.04 428.43 10.54
14716.50 11.20 422.68 9.66
14732.68 11.08 416.31 11.29
14749.12 11.00 415.43 8.71
14765.56 11.16 412.00 8.89
14782.00 10.98 410.18 8.81
14798.50 11.20 408.87 6.98
14814.68 11.08 408.68 9.20
14831.06 11.04 411.18 9.28
14847.56 11.16 412.50 12.44
14863.87 11.01 414.31 8.67
14880.37 11.13 418.31 10.33
14896.62 11.13 423.00 10.67
14913.06 11.04 426.31 11.92
14929.56 11.16 433.43 10.39
14945.81 11.05 441.00 13.74
14962.37 11.13 445.87 12.70
14978.62 11.13 454.50 10.90
14995.06 11.04 463.37 12.20
15011.56 11.16 470.87 12.20
15027.81 11.05 481.93 13.05
15044.25 10.99 491.50 12.77
15060.62 11.13 502.75 12.82
15077.06 11.04 510.31 17.62
15093.50 11.20 523.87 13.72
15109.75 11.10 537.06 14.11
15126.25 10.99 550.00 13.96
15142.56 11.16 561.12 13.25
15159.06 11.04 574.18 13.84
15175.50 11.20 586.93 14.44
15191.75 11.10 598.87 14.93
15208.18 10.95 613.31 12.43
15224.56 11.16 625.56 13.39
15241.00 10.98 637.06 14.52
15257.50 11.20 648.93 15.22
15273.68 11.08 659.37 17.74
15290.06 11.04 674.43 13.35
15306.56 11.16 686.50 14.07
15322.87 11.01 698.18 12.76
15339.43 11.19 709.93 12.62
15355.68 11.08 720.68 14.24
15372.06 11.04 729.75 11.27
15388.56 11.16 741.87 12.34
15404.87 11.01 753.00 16.14
15421.43 11.19 757.87 10.79
15437.62 11.13 766.68 10.66
15454.06 11.04 776.18 11.07
15470.56 11.16 782.75 12.45
15486.81 11.05 787.31 9.92
15503.25 10.99 792.68 10.30
15519.62 11.13 797.56 12.32
15536.06 11.04 796.75 10.76
15552.56 11.16 804.31 9.85
15568.81 11.05 804.43 9.33
15585.25 10.99 805.87 8.83
15601.62 11.13 807.25 9.20
15618.06 11.04 807.00 9.80
15634.50 11.20 808.62 14.97
15650.75 11.10 804.68 8.76
15667.18 10.95 802.87 9.43
15683.56 11.16 798.81 9.66
15700.06 11.04 795.37 9.50
15716.50 11.20 790.81 10.96
15732.68 11.08 784.93 9.35
15749.12 11.00 778.87 11.39
15765.56 11.16 772.75 11.17
15782.00 11.03 763.06 15.62
15798.50 11.20 756.06 10.95
15814.75 11.10 753.43 23.78
15831.06 11.04 740.31 13.74
15847.56 11.16 728.43 12.93
15863.93 11.07 716.62 13.23
15880.43 11.19 708.37 12.68
15896.68 11.15 698.93 13.25
15913.06 11.04 687.43 14.23
15929.56 11.16 674.81 13.91
15945.87 11.11 664.37 15.61
15962.37 11.13 653.00 12.59
15978.68 11.15 637.81 13.14
15995.06 11.04 627.68 13.75
16011.56 11.16 615.75 13.96
16027.81 11.05 602.81 13.17
16044.31 11.05 591.31 14.01
16060.62 11.13 579.37 14.42
16077.06 11.04 568.62 13.89
16093.50 11.20 558.18 12.74
16109.75 11.10 544.62 14.37
16126.31 11.05 534.81 12.85
16142.56 11.16 524.00 13.27
16159.06 11.04 514.62 13.09
16175.50 11.20 504.68 11.73
16191.75 11.10 495.31 12.26
16208.31 11.05 486.50 14.02
16224.56 11.16 477.68 11.24
16241.00 11.03 470.25 11.30
16257.50 11.20 463.62 10.60
16273.75 11.10 457.93 9.94
16290.06 11.04 451.81 10.74
16306.56 11.16 447.62 9.74
16322.93 11.07 441.68 9.18
16339.43 11.19 438.18 9.54
16355.75 11.10 436.25 8.91
16372.06 11.04 434.37 8.64
16388.56 11.16 433.93 9.11
16404.93 11.07 432.68 9.64
16421.43 11.19 432.43 9.05
16437.68 11.15 432.62 9.97
16454.06 11.04 436.12 9.16
16470.56 11.16 436.31 10.73
16486.81 11.05 440.56 9.70
16503.31 11.05 446.25 9.72
16519.62 11.13 451.06 10.74
16536.06 11.04 455.68 9.33
16552.56 11.16 461.50 11.16
16568.81 11.05 466.50 11.49
16585.31 11.05 475.06 12.55
16601.62 11.13 482.87 14.61
16618.06 11.04 491.50 14.04
16634.50 11.20 498.81 12.52
16650.75 11.10 507.31 12.15
16667.31 11.05 517.50 13.77
16683.56 11.16 526.81 13.70
16700.06 11.04 537.06 13.72
16716.50 11.20 548.81 13.08
16732.75 11.10 559.37 11.35
16749.12 11.00 569.06 13.10
16765.56 11.16 580.68 13.34
16782.06 11.04 593.25 14.43
16798.50 11.20 604.75 13.01
16814.75 11.10 614.75 12.48
16831.12 11.07 627.75 13.59
16847.56 11.16 638.37 13.33
16864.00 11.08 649.00 12.49
16880.43 11.19 661.75 12.78
16896.68 11.15 670.93 13.49
16913.12 11.07 682.50 13.33
16929.56 11.16 690.68 12.84
16945.93 11.11 702.62 11.04
16962.43 11.19 709.00 18.07
16978.62 11.13 719.81 11.23
16995.12 11.07 727.25 11.30
17011.56 11.16 736.37 11.42
17027.81 11.05 745.25 12.27
17044.31 11.05 751.00 10.00
17060.62 11.13 757.25 11.28
17077.06 11.04 761.87 11.18
17093.50 11.20 768.68 10.48
17109.75 11.10 772.75 9.69
17126.31 11.05 778.43 10.72
17142.56 11.16 780.00 8.87
17159.06 11.04 782.31 10.65
17175.50 11.20 784.50 10.84
17191.75 11.10 785.37 8.93
17208.25 10.99 786.43 9.24
17224.56 11.16 787.31 9.71
17241.06 11.04 783.93 9.30
17257.50 11.20 782.43 9.32
17273.75 11.10 778.81 14.66
17290.12 11.07 777.93 8.63
17306.56 11.16 772.81 11.08
17323.00 11.08 771.93 13.59
17339.43 11.19 765.50 9.77
17355.75 11.10 757.87 10.75
17372.12 11.07 752.00 11.00
17388.56 11.16 746.12 12.15
17405.00 11.08 738.12 12.80
17421.43 11.19 731.00 11.21
17437.62 11.13 722.18 10.96
17454.12 11.07 712.75 13.07
17470.56 11.16 705.18 12.40
17486.81 11.05 695.56 11.81
17503.31 11.05 686.56 13.72
17519.62 11.13 675.43 13.07
17536.06 11.04 665.00 14.58
17552.56 11.16 655.25 12.99
17568.81 11.05 643.25 12.89
17585.31 11.05 634.68 13.58
17601.62 11.13 622.68 13.34
17618.06 11.04 612.43 14.23
17634.50 11.20 602.25 12.76
17650.75 11.10 585.56 18.66
17667.25 10.99 581.50 15.24
17683.56 11.16 571.56 11.24
17700.06 11.04 560.43 12.87
17716.50 11.20 551.62 11.71
17732.75 11.10 540.81 11.58
17749.18 11.04 531.87 12.90
17765.56 11.16 523.43 12.75
17782.06 11.04 513.68 12.76
17798.50 11.20 506.12 9.56
17814.75 11.10 498.06 10.75
17831.12 11.07 491.87 10.80
17847.56 11.16 485.31 9.76
17864.00 11.08 478.00 10.83
17880.43 11.19 474.43 9.76
17896.68 11.15 465.87 11.79
17913.12 11.07 463.56 9.30
17929.56 11.16 460.81 10.56
17945.93 11.11 459.00 8.69
17962.43 11.19 456.43 9.59
17978.68 11.15 453.25 8.61
17995.06 11.04 450.31 10.33
18011.56 11.16 452.06 10.81
18027.87 11.11 452.81 9.17
18044.31 11.05 454.62 11.07
18060.68 11.15 455.50 9.38
18077.06 11.04 456.06 15.59
18093.50 11.20 458.75 17.33
18109.75 11.10 464.50 9.17
18126.31 11.05 469.75 9.50
18142.62 11.18 475.62 10.36
18159.06 11.04 479.68 11.38
18175.50 11.20 486.25 10.14
18191.75 11.10 492.06 10.51
18208.31 11.05 499.25 11.51
18224.56 11.16 506.50 11.16
18241.06 11.04 511.56 17.75
18257.50 11.20 522.37 11.15
18273.75 11.10 530.93 12.82
18290.18 11.13 541.43 12.06
18306.56 11.16 549.12 11.92
18323.00 11.08 558.75 12.75
18339.43 11.19 569.37 13.21
18355.75 11.10 576.37 14.92
18372.18 11.13 590.00 14.70
18388.56 11.16 598.06 12.47
18405.00 11.08 609.68 13.95
18421.43 11.19 617.81 12.65
18437.68 11.15 629.81 14.82
18454.06 11.04 634.18 21.00
18470.56 11.16 648.43 12.89
18486.87 11.11 657.50 11.32
18503.31 11.05 667.68 14.12
18519.68 11.15 675.62 14.15
18536.06 11.04 685.18 11.36
18552.56 11.16 694.31 10.66
18568.81 11.05 702.43 11.04
18585.31 11.05 708.81 12.86
18601.68 11.15 717.50 10.35
18618.06 11.04 724.75 9.74
18634.50 11.20 727.25 11.62
18650.81 11.16 737.68 9.25
18667.31 11.05 743.18 9.27
18683.56 11.16 749.50 9.00
18700.06 11.04 753.18 10.19
18716.50 11.20 756.12 9.15
18732.81 11.16 760.37 9.03
18749.25 11.10 764.62 11.10
18765.56 11.16 765.62 9.93
18782.06 11.04 766.06 9.68
18798.50 11.20 767.00 9.10
18814.81 11.16 767.31 8.67
18831.18 11.13 767.31 8.98
18847.56 11.16 765.62 8.80
18864.00 11.08 762.87 9.38
18880.43 11.19 760.81 8.32
18896.68 11.15 758.87 10.63
18913.12 11.07 754.68 10.12
18929.56 11.16 750.37 9.51
18945.93 11.11 747.62 11.07
18962.43 11.19 740.93 11.47
18978.68 11.15 736.87 10.19
18995.12 11.07 728.81 10.37
19011.56 11.16 721.18 12.49
19027.87 11.11 715.68 10.75
19044.31 11.05 708.43 11.50
19060.68 11.15 701.37 12.85
19077.12 11.07 691.93 11.09
19093.50 11.20 683.37 11.24
19109.81 11.16 675.06 13.92
19126.31 11.05 666.18 11.63
19142.62 11.18 658.68 11.68
19159.12 11.07 648.18 10.45
19175.50 11.20 639.06 11.76
19191.81 11.16 628.43 13.06
19208.31 11.05 619.37 10.75
19224.56 11.16 608.43 11.11
19241.06 11.04 600.56 12.05
19257.50 11.20 591.12 12.20
19273.81 11.16 581.18 15.00
19290.18 11.13 572.93 11.05
19306.56 11.16 566.37 11.89
19323.00 11.08 555.87 11.00
19339.43 11.19 546.06 11.97
19355.75 11.10 537.37 9.98
19372.18 11.13 531.43 10.68
19388.56 11.16 523.37 10.46
19405.00 11.08 519.62 10.90
19421.43 11.19 509.75 9.56
19437.68 11.15 501.62 12.81
19454.12 11.07 498.68 10.01
19470.56 11.16 493.25 9.79
19486.87 11.11 488.50 9.39
19503.31 11.05 483.31 10.37
19519.68 11.15 481.68 10.01
19536.12 11.07 478.12 10.08
19552.56 11.16 475.43 9.49
19568.87 11.11 473.87 9.60
19585.31 11.05 472.06 9.84
19601.68 11.15 472.87 9.10
19618.12 11.07 473.87 9.62
19634.50 11.20 472.93 8.33
19650.81 11.16 472.06 9.26
19667.31 11.05 476.62 8.96
19683.56 11.16 477.37 9.70
19700.06 11.04 479.12 9.16
19716.50 11.20 483.37 10.65
19732.81 11.16 486.87 9.49
19749.25 11.10 490.87 10.15
19765.56 11.16 496.56 11.20
19782.06 11.04 499.62 11.42
19798.50 11.20 508.75 10.48
19814.75 11.10 513.68 10.57
19831.18 11.13 523.00 11.99
19847.56 11.16 528.43 10.56
19864.00 11.08 535.87 12.57
19880.43 11.19 543.75 12.39
19896.68 11.15 549.37 11.37
19913.12 11.07 559.68 11.23
19929.56 11.16 568.56 11.56
19945.93 11.11 576.50 12.03
19962.43 11.19 585.25 12.48
19978.68 11.15 593.56 11.49
19995.12 11.07 602.18 11.45
20011.56 11.16 612.00 11.77
20027.87 11.11 621.43 12.08
20044.31 11.05 630.81 10.82
20060.68 11.15 638.93 11.36
20077.12 11.07 648.06 11.11
20093.50 11.20 654.62 11.71
20109.81 11.16 666.06 10.67
20126.31 11.05 673.50 11.01
20142.62 11.18 680.31 10.83
20159.12 11.07 688.56 10.84
20175.50 11.20 695.12 10.03
20191.81 11.16 702.43 10.96
20208.31 11.05 709.00 8.86
20224.56 11.16 714.81 9.85
20241.06 11.04 719.31 9.52
20257.50 11.20 725.75 10.13
20273.75 11.10 730.50 10.01
20290.18 11.13 734.93 8.32
20306.56 11.16 742.12 8.55
20323.00 11.08 742.31 7.92
20339.43 11.19 743.87 9.11
20355.75 11.10 747.00 9.06
20372.18 11.13 749.06 8.60
20388.56 11.16 750.25 10.88
20405.00 11.08 750.75 9.34
20421.43 11.19 751.06 8.85
20437.68 11.15 751.43 9.14
20454.12 11.07 748.25 9.44
20470.56 11.16 747.43 9.88
20486.87 11.11 745.00 10.52
20503.31 11.05 740.43 9.64
20519.68 11.15 739.81 9.25
20536.12 11.07 736.00 10.45
20552.56 11.16 731.00 10.39
20568.87 11.11 726.00 9.93
20585.31 11.05 721.62 9.97
20601.68 11.15 716.12 11.45
20618.12 11.07 707.68 10.94
20634.50 11.20 699.06 16.83
20650.81 11.16 696.87 9.74
20667.31 11.05 690.68 11.76
20683.56 11.16 681.18 10.44
20700.06 11.04 673.18 10.51
20716.50 11.20 664.25 10.80
20732.81 11.16 657.93 13.15
20749.25 11.10 650.37 12.06
20765.56 11.16 635.68 21.38
20782.06 11.04 632.68 12.25
20798.50 11.20 626.06 10.35
20814.81 11.16 617.37 11.32
20831.18 11.13 608.00 10.83
20847.56 11.16 600.25 10.55
20864.00 11.08 591.62 11.75
20880.43 11.19 582.81 10.67
20896.75 11.21 579.81 13.63
20913.12 11.07 567.12 10.40
20929.56 11.16 559.68 9.29
20945.93 11.11 550.87 11.45
20962.43 11.19 545.56 10.13
20978.75 11.21 539.25 10.63
20995.12 11.07 532.25 9.49
21011.56 11.16 526.00 10.73
21027.87 11.11 521.43 8.35
21044.31 11.05 514.12 9.40
21060.68 11.15 508.06 11.19
21077.12 11.07 505.43 9.73
21093.50 11.20 502.93 8.90
21109.81 11.16 496.18 9.88
21126.31 11.05 495.75 8.29
21142.62 11.18 491.81 8.38
21159.12 11.07 489.81 7.33
21175.50 11.20 491.18 9.40
21191.81 11.16 489.43 7.98
21208.31 11.05 490.62 7.69
21224.56 11.16 488.81 11.61
21241.06 11.04 488.06 10.03
21257.50 11.20 489.68 8.08
21273.81 11.16 496.18 12.57
21290.18 11.13 493.93 8.26
21306.56 11.16 496.31 9.67
21323.00 11.08 499.00 11.16
21339.43 11.19 503.00 10.24
21355.81 11.16 506.43 9.10
21372.18 11.13 511.56 9.29
21388.56 11.16 516.43 9.62
21405.00 11.08 521.93 10.01
21421.43 11.19 528.00 9.17
21437.75 11.21 533.31 9.67
21454.12 11.07 538.56 10.18
21470.56 11.16 546.62 10.09
21486.87 11.11 554.00 9.99
21503.31 11.05 560.81 11.16
21519.68 11.15 568.62 11.25
21536.12 11.07 576.62 10.76
21552.56 11.16 583.37 9.89
21568.87 11.11 589.37 10.35
21585.31 11.05 597.37 11.20
21601.68 11.15 606.18 10.78
21618.12 11.07 615.50 9.58
21634.50 11.20 624.12 15.77
21650.81 11.16 630.93 9.69
21667.31 11.05 638.00 9.27
21683.56 11.16 645.37 11.23
21700.06 11.04 653.68 10.21
21716.50 11.20 661.37 10.30
21732.81 11.16 668.43 8.63
21749.25 11.10 674.62 10.42
21765.56 11.16 683.25 10.91
21782.06 11.04 686.00 10.90
21798.50 11.20 694.56 9.68
21814.81 11.16 699.87 10.52
21831.18 11.13 704.75 11.01
21847.56 11.16 709.87 9.31
21864.00 11.08 715.00 8.70
21880.43 11.19 718.00 10.96
21896.75 11.21 720.06 10.60
21913.12 11.07 727.81 9.97
21929.56 11.16 728.00 7.18
21945.93 11.11 733.43 8.99
21962.43 11.19 732.06 7.81
21978.75 11.21 733.81 6.63
21995.12 11.07 735.56 8.54
22011.56 11.16 735.87 7.52
22027.87 11.11 734.37 8.32
22044.31 11.05 733.43 8.60
22060.68 11.15 733.43 7.87
22077.12 11.07 732.87 9.13
22093.50 11.20 727.25 8.49
22109.81 11.16 728.18 7.06
22126.31 11.05 724.56 8.93
22142.62 11.18 718.62 9.35
22159.12 11.07 716.25 9.42
22175.50 11.20 712.37 8.81
22191.81 11.16 707.87 9.24
22208.31 11.05 704.18 11.21
22224.56 11.16 697.81 9.00
22241.06 11.04 690.56 9.44
22257.50 11.20 685.12 9.80
22273.81 11.16 678.68 9.45
22290.18 11.13 672.00 9.18
22306.56 11.16 665.62 10.08
22323.00 11.08 658.18 11.13
22339.43 11.19 651.12 8.92
22355.81 11.16 644.31 10.10
22372.18 11.13 635.31 10.62
22388.56 11.16 628.18 11.13
22405.00 11.08 622.87 9.85
22421.43 11.19 613.62 8.45
22437.75 11.21 605.81 9.42
22454.12 11.07 598.93 10.18
22470.56 11.16 591.12 11.35
22486.87 11.11 583.00 13.53
22503.31 11.05 578.18 9.02
22519.68 11.15 570.75 11.09
22536.12 11.07 565.12 8.76
22552.56 11.16 557.81 9.36
22568.87 11.11 551.31 8.48
22585.31 11.05 545.56 10.62
22601.68 11.15 540.12 8.24
22618.12 11.07 535.62 8.75
22634.50 11.20 530.87 9.41
22650.81 11.16 522.06 11.49
22667.31 11.05 520.56 7.95
22683.56 11.16 516.43 7.98
22700.06 11.04 513.81 7.67
22716.50 11.20 508.81 8.16
22732.81 11.16 507.93 7.50
22749.25 11.10 508.12 9.37
22765.56 11.16 504.56 6.93
22782.06 11.04 500.75 13.11
22798.50 11.20 503.31 7.64
22814.81 11.16 502.31 8.07
22831.18 11.13 505.00 7.64
22847.56 11.16 505.12 10.80
22864.00 11.08 505.06 8.61
22880.43 11.19 506.43 7.80
22896.75 11.21 509.75 8.78
22913.12 11.07 511.31 8.54
22929.56 11.16 512.87 10.14
22945.93 11.11 514.43 12.09
22962.43 11.19 520.37 7.17
22978.75 11.21 525.37 8.14
22995.12 11.07 528.75 11.13
23011.56 11.16 534.06 8.93
23027.87 11.11 538.50 8.76
23044.31 11.05 543.93 8.56
23060.68 11.15 551.68 9.36
23077.12 11.07 557.06 10.43
23093.50 11.20 563.18 9.78
23109.81 11.16 569.31 8.58
23126.31 11.05 576.81 9.94
23142.62 11.18 583.75 8.97
23159.12 11.07 588.00 9.18
23175.50 11.20 595.93 9.54
23191.81 11.16 602.43 9.45
23208.31 11.05 612.56 14.33
23224.56 11.16 617.62 9.26
23241.06 11.04 625.25 8.37
23257.50 11.20 630.62 9.35
23273.81 11.16 638.43 8.79
23290.18 11.13 643.75 8.90
23306.56 11.16 653.00 9.89
23323.00 11.08 656.37 8.20
23339.43 11.19 665.31 9.08
23355.81 11.16 671.25 7.77
23372.18 11.13 676.25 6.84
23388.56 11.16 682.00 10.60
23405.00 11.08 684.87 8.34
23421.43 11.19 692.06 7.52
23437.75 11.21 696.93 7.49
23454.12 11.07 698.31 8.90
23470.56 11.16 704.50 8.19
23486.87 11.11 706.87 6.59
23503.31 11.05 710.93 7.11
23519.68 11.15 713.75 8.09
23536.12 11.07 718.37 8.45
23552.56 11.16 718.00 6.83
23568.87 11.11 718.81 9.80
23585.31 11.05 721.06 7.50
23601.68 11.15 721.56 8.07
23618.12 11.07 721.43 7.22
23634.50 11.20 721.87 7.16
23650.81 11.16 720.12 7.48
23667.31 11.05 718.81 9.97
23683.56 11.16 716.37 8.90
23700.06 11.04 716.06 7.90
23716.50 11.20 712.56 7.12
23732.81 11.16 714.06 13.31
23749.25 11.10 709.18 8.20
23765.56 11.16 703.87 9.02
23782.06 11.04 700.43 8.68
23798.50 11.20 695.31 8.98
23814.81 11.16 690.43 8.39
23831.18 11.13 682.68 9.52
23847.56 11.16 680.56 8.16
23864.00 11.08 676.68 8.72
23880.43 11.19 668.56 10.63
23896.75 11.21 662.62 12.63
23913.12 11.07 656.37 9.32
23929.56 11.16 651.50 9.08
23945.93 11.11 644.93 10.80
23962.43 11.19 638.50 9.27
23978.75 11.21 632.18 9.14
23995.12 11.07 625.68 9.59
24011.56 11.16 620.62 12.06
24027.87 11.11 611.00 10.85
24044.31 11.05 607.87 13.83
24060.68 11.15 598.75 9.02
24077.12 11.07 591.43 9.33
24093.50 11.20 586.75 10.45
24109.81 11.16 578.81 9.87
24126.31 11.05 572.93 8.33
24142.62 11.18 568.37 8.85
24159.12 11.07 563.00 8.89
24175.50 11.20 556.93 8.45
24191.81 11.16 549.00 14.36
24208.31 11.05 546.68 7.78
24224.56 11.16 543.00 6.98
24241.06 11.04 536.56 7.79
24257.50 11.20 532.25 9.68
24273.81 11.16 530.12 7.66
24290.18 11.13 527.37 7.52
24306.56 11.16 524.00 7.75
24323.00 11.08 520.93 6.36
24339.43 11.19 522.87 10.40
24355.81 11.16 517.81 8.17
24372.18 11.13 516.87 7.70
24388.56 11.16 516.81 7.33
24405.00 11.08 515.62 9.15
24421.43 11.19 514.43 7.83
24437.75 11.21 515.18 8.83
24454.12 11.07 517.37 6.88
24470.56 11.16 515.18 7.37
24486.87 11.11 519.18 8.22
24503.31 11.05 520.68 7.96
24519.68 11.15 524.37 8.49
24536.12 11.07 523.43 12.58
24552.56 11.16 529.37 9.41
24568.87 11.11 534.62 7.78
24585.31 11.05 533.18 16.69
24601.68 11.15 541.56 9.70
24618.12 11.07 544.93 8.08
24634.50 11.20 550.87 10.50
24650.81 11.16 555.81 25.46
24667.31 11.05 559.75 8.95
24683.56 11.16 565.18 9.15
24700.06 11.04 570.18 9.10
24716.50 11.20 576.06 10.25
24732.81 11.16 582.37 8.24
24749.25 11.10 588.00 9.54
24765.56 11.16 596.37 12.28
24782.06 11.04 599.62 9.67
24798.50 11.20 606.62 7.61
24814.81 11.16 612.31 9.29
24831.18 11.13 618.50 10.16
24847.56 11.16 625.62 9.49
24864.00 11.08 632.37 8.98
24880.43 11.19 639.81 8.34
24896.75 11.21 643.68 7.94
24913.12 11.07 648.43 6.84
24929.56 11.16 653.37 8.42
24945.93 11.11 660.50 8.15
24962.43 11.19 666.06 7.13
24978.75 11.21 672.12 8.40
24995.12 11.07 676.62 6.39
25011.56 11.16 680.50 7.91
25027.87 11.11 683.43 8.39
25044.31 11.05 689.75 8.65
25060.68 11.15 695.81 12.20
25077.12 11.07 698.18 15.32
25093.50 11.20 699.50 7.39
25109.81 11.16 701.31 6.59
25126.31 11.05 703.81 8.86
25142.62 11.18 705.43 6.99
25159.12 11.07 706.56 7.37
25175.50 11.20 708.75 7.02
25191.81 11.16 707.37 7.11
25208.31 11.05 709.56 9.46
25224.56 11.16 710.00 7.09
25241.06 11.04 712.62 12.82
25257.50 11.20 707.62 7.79
25273.81 11.16 707.12 8.24
25290.18 11.13 704.56 8.80
25306.56 11.16 703.37 7.79
25323.00 11.08 701.56 10.33
25339.43 11.19 698.93 9.49
25355.81 11.16 694.56 8.59
25372.18 11.13 692.81 9.11
25388.56 11.16 689.43 8.62
25405.00 11.08 685.50 9.05
25421.43 11.19 682.06 7.68
25437.75 11.21 678.31 11.51
25454.12 11.07 675.56 19.47
25470.56 11.16 667.43 8.05
25486.87 11.11 660.93 9.11
25503.31 11.05 655.93 8.53
25519.68 11.15 651.62 10.12
25536.12 11.07 644.62 8.62
25552.56 11.16 639.62 7.66
25568.87 11.11 633.81 10.19
25585.31 11.05 628.25 8.04
25601.68 11.15 622.25 8.43
25618.12 11.07 616.68 9.23
25634.50 11.20 609.68 8.69
25650.81 11.16 602.75 10.66
25667.31 11.05 600.12 7.46
25683.56 11.16 593.43 7.83
25700.06 11.04 585.68 9.06
25716.50 11.20 583.62 9.03
25732.81 11.16 576.56 8.57
25749.25 11.10 572.81 7.44
25765.56 11.16 567.56 11.89
25782.06 11.04 561.75 8.64
25798.50 11.20 556.62 7.49
25814.81 11.16 551.81 10.73
25831.18 11.13 550.31 8.24
25847.56 11.16 545.75 7.72
25864.00 11.08 541.06 7.28
25880.43 11.19 539.75 9.14
25896.75 11.21 536.81 7.75
25913.12 11.07 533.37 7.30
25929.56 11.16 531.50 7.57
25945.93 11.11 530.68 8.18
25962.43 11.19 527.81 6.78
25978.75 11.21 527.43 6.41
25995.12 11.07 527.18 6.57
26011.56 11.16 525.93 11.62
26027.87 11.11 526.00 8.05
26044.31 11.05 525.81 7.56
26060.68 11.15 527.43 8.56
26077.12 11.07 528.18 8.20
26093.50 11.20 528.25 10.47
26109.81 11.16 532.93 7.44
26126.31 11.05 535.43 7.89
26142.62 11.18 535.62 8.27
26159.12 11.07 538.50 8.80
26175.50 11.20 542.43 8.15
26191.81 11.16 545.81 7.61
26208.31 11.05 549.25 10.16
26224.56 11.16 554.00 8.73
26241.06 11.04 558.50 8.23
26257.50 11.20 562.12 10.83
26273.81 11.16 567.00 8.21
26290.18 11.13 571.12 8.97
26306.56 11.16 576.31 8.46
26323.00 11.08 580.56 17.67
26339.43 11.19 587.37 8.18
26355.81 11.16 592.50 9.12
26372.18 11.13 597.68 9.17
26388.56 11.16 602.56 8.30
26405.00 11.08 609.00 7.25
26421.43 11.19 615.56 7.59
26437.75 11.21 620.81 8.22
26454.12 11.07 622.87 8.51
26470.56 11.16 632.12 8.28
26486.87 11.11 635.12 8.04
26503.31 11.05 641.00 8.40
26519.68 11.15 646.37 8.61
26536.12 11.07 652.18 7.58
26552.56 11.16 657.06 8.43
26568.87 11.11 665.81 13.72
26585.31 11.05 665.43 9.67
26601.68 11.15 670.56 7.67
26618.12 11.07 674.25 8.05
26634.50 11.20 678.87 10.04
26650.81 11.16 680.75 8.04
26667.31 11.05 686.18 9.47
26683.56 11.16 687.68 7.27
26700.06 11.04 689.50 5.91
26716.50 11.20 692.06 8.07
26732.81 11.16 694.56 8.06
26749.25 11.10 695.81 6.54
26765.56 11.16 697.12 7.69
26782.06 11.04 697.62 7.65
26798.50 11.20 699.43 8.50
26814.81 11.16 701.00 13.18
26831.18 11.13 699.12 11.15
26847.56 11.16 698.25 8.65
26864.00 11.08 696.31 6.20
26880.43 11.19 695.56 7.76
26896.75 11.21 696.93 9.12
26913.12 11.07 694.06 8.43
26929.56 11.16 690.68 8.71
26945.93 11.11 688.06 8.78
26962.43 11.19 687.50 9.03
26978.75 11.21 683.25 7.26
26995.12 11.07 679.81 9.04
27011.56 11.16 675.62 9.49
27027.87 11.11 673.93 9.00
27044.31 11.05 667.68 9.20
27060.68 11.15 663.43 8.79
27077.12 11.07 660.31 8.80
27093.50 11.20 654.75 7.70
27109.81 11.16 649.06 10.68
27126.31 11.05 646.06 7.88
27142.62 11.18 641.00 8.29
27159.12 11.07 634.12 9.25
27175.50 11.20 630.12 7.54
27191.81 11.16 623.50 11.15
27208.31 11.05 620.12 8.75
27224.56 11.16 614.62 7.25
27241.06 11.04 609.81 8.19
27257.50 11.20 603.37 9.12
27273.81 11.16 599.37 7.60
27290.18 11.13 593.43 8.23
27306.56 11.16 588.50 9.36
27323.00 11.08 577.93 24.21
27339.43 11.19 580.37 8.86
27355.81 11.16 573.68 10.92
27372.18 11.13 569.37 8.25
27388.56 11.16 563.37 7.81
27405.00 11.08 564.25 7.19
27421.43 11.19 558.00 8.11
27437.75 11.21 553.87 7.98
27454.12 11.07 554.18 6.63
27470.56 11.16 549.50 6.73
27486.87 11.11 546.18 7.89
27503.31 11.05 544.87 6.17
27519.68 11.15 541.25 6.20
27536.12 11.07 540.25 7.79
27552.56 11.16 538.93 8.34
27568.87 11.11 539.25 9.68
27585.31 11.05 536.87 7.97
27601.68 11.15 535.81 7.51
27618.12 11.07 537.37 8.57
27634.50 11.20 534.12 9.22
27650.81 11.16 535.81 7.43
27667.31 11.05 537.56 8.11
27683.56 11.16 540.43 6.58
27700.06 11.04 540.56 7.95
27716.50 11.20 541.68 8.12
27732.81 11.16 546.00 10.66
27749.25 11.10 545.56 8.16
27765.56 11.16 547.93 8.14
27782.06 11.04 550.50 7.82
27798.50 11.20 556.93 8.31
27814.81 11.16 557.68 8.74
27831.18 11.13 561.62 8.98
27847.56 11.16 565.43 7.63
27864.00 11.08 569.12 8.11
27880.43 11.19 570.75 14.68
27896.75 11.21 578.93 13.46
27913.12 11.07 583.93 8.14
27929.56 11.16 585.31 10.22
27945.93 11.11 589.68 10.99
27962.43 11.19 594.87 10.85
27978.75 11.21 602.68 6.56
27995.12 11.07 605.81 10.79
28011.56 11.16 609.50 10.36
28027.87 11.11 619.50 17.08
28044.31 11.05 619.25 8.90
28060.68 11.15 626.75 8.95
28077.12 11.07 631.62 7.60
28093.50 11.20 635.87 7.32
28109.81 11.16 638.62 8.40
28126.31 11.05 645.75 7.59
28142.62 11.18 649.68 7.62
28159.12 11.07 654.37 7.36
28175.50 11.20 656.18 7.00
28191.81 11.16 662.12 10.48
28208.31 11.05 664.75 8.65
28224.56 11.16 668.31 7.05
28241.06 11.04 672.37 7.88
28257.50 11.20 675.12 8.59
28273.81 11.16 676.12 12.32
28290.18 11.13 680.37 8.33
28306.56 11.16 685.56 16.77
28323.00 11.08 686.87 12.90
28339.43 11.19 685.50 7.98
28355.81 11.16 688.06 10.31
28372.18 11.13 688.37 7.55
28388.56 11.16 688.12 7.84
28405.00 11.08 688.06 7.01
28421.43 11.19 690.50 7.18
28437.75 11.21 689.75 7.06
28454.12 11.07 688.31 8.45
28470.56 11.16 688.31 8.55
28486.87 11.11 685.81 7.82
28503.31 11.05 683.43 8.80
28519.68 11.15 685.25 7.67
28536.12 11.07 682.68 7.76
28552.56 11.16 678.75 9.20
28568.87 11.11 677.43 8.47
28585.31 11.05 677.43 15.36
28601.68 11.15 668.68 10.01
28618.12 11.07 666.81 9.11
28634.50 11.20 664.43 6.40
28650.81 11.16 661.56 7.19
28667.31 11.05 660.31 13.74
28683.56 11.16 653.50 9.31
28700.06 11.04 650.00 9.28
28716.50 11.20 644.87 8.04
28732.81 11.16 639.75 7.53
28749.25 11.10 635.37 9.75
28765.56 11.16 632.68 6.80
28782.06 11.04 626.12 10.97
28798.50 11.20 621.06 11.47
28814.81 11.16 617.68 7.78
28831.18 11.13 612.68 7.54
28847.56 11.16 607.87 8.44
28864.00 11.08 604.06 7.81
28880.43 11.19 599.87 7.86
28896.75 11.21 595.18 7.66
28913.12 11.07 592.68 8.07
28929.56 11.16 585.12 7.08
28945.93 11.11 580.18 11.51
28962.43 11.19 576.81 8.76
28978.75 11.21 574.31 9.02
28995.12 11.07 570.43 6.88
29011.56 11.16 567.56 6.65
29027.87 11.11 562.87 7.09
29044.31 11.05 561.25 7.19
29060.68 11.15 557.81 8.62
29077.12 11.07 556.87 9.64
29093.50 11.20 552.87 6.69
29109.81 11.16 550.62 6.18
29126.31 11.05 549.31 6.87
29142.62 11.18 546.25 10.76
29159.12 11.07 547.50 8.78
29175.50 11.20 544.12 7.04
29191.81 11.16 545.06 7.80
29208.31 11.05 545.18 8.28
29224.56 11.16 544.62 7.60
29241.06 11.04 543.87 11.77
29257.50 11.20 545.31 9.90
29273.81 11.16 546.68 7.19
29290.18 11.13 546.87 7.24
29306.56 11.16 549.93 8.98
29323.00 11.08 549.81 7.31
29339.43 11.19 551.75 7.99
29355.81 11.16 555.00 7.94
29372.18 11.13 557.25 8.52
29388.56 11.16 557.18 9.36
29405.00 11.08 561.75 7.15
29421.43 11.19 564.12 7.87
29437.75 11.21 569.18 7.05
29454.12 11.07 571.56 7.80
29470.56 11.16 575.87 7.86
29486.87 11.11 579.31 9.46
29503.31 11.05 583.00 8.73
29519.68 11.15 586.18 7.91
29536.12 11.07 592.18 7.20
29552.56 11.16 596.37 7.66
29568.87 11.11 600.31 8.04
29585.31 11.05 603.75 6.56
29601.68 11.15 609.18 7.36
29618.12 11.07 612.68 6.82
29634.50 11.20 615.56 8.12
29650.81 11.16 622.37 7.86
29667.31 11.05 627.37 9.21
29683.56 11.16 630.31 9.29
29700.06 11.04 636.43 9.87
29716.50 11.20 638.06 7.51
29732.81 11.16 641.43 6.34
29749.25 11.10 645.12 6.98
29765.56 11.16 650.62 7.98
29782.06 11.04 653.18 7.56
29798.50 11.20 658.62 9.18
29814.81 11.16 659.68 7.80
29831.18 11.13 662.12 6.82
29847.56 11.16 664.56 6.73
29864.00 11.08 668.12 7.97
29880.43 11.19 669.75 7.28
29896.75 11.21 672.50 8.82
29913.12 11.07 675.68 6.65
29929.56 11.16 675.12 7.40
29945.93 11.11 678.50 8.51
29962.43 11.19 678.68 7.75
29978.75 11.21 680.31 6.90
29995.12 11.07 682.62 10.65
30011.56 11.16 678.68 11.22
30027.87 11.11 682.00 7.63
30044.31 11.05 680.25 8.04
30060.68 11.15 679.56 6.15
30077.12 11.07 678.25 7.38
30093.50 11.20 676.31 8.07
30109.81 11.16 676.18 8.62
30126.31 11.05 674.56 8.13
30142.62 11.18 674.31 12.16
30159.12 11.07 672.12 7.88
30175.50 11.20 667.87 7.29
30191.81 11.16 666.00 8.94
30208.31 11.05 666.62 13.99
30224.56 11.16 660.12 6.15
30241.06 11.04 658.50 7.62
30257.50 11.20 654.12 9.03
30273.81 11.16 653.50 17.00
30290.18 11.13 646.62 7.96
30306.56 11.16 642.68 9.85
30323.00 11.08 639.56 6.42
30339.43 11.19 634.25 9.04
30355.81 11.16 632.62 7.87
30372.18 11.13 629.25 9.82
30388.56 11.16 624.50 10.13
30405.00 11.08 619.31 7.21
30421.43 11.19 615.75 8.52
30437.75 11.21 616.37 12.52
30454.12 11.07 608.75 7.71
30470.56 11.16 604.93 5.33
30486.87 11.11 599.25 7.01
30503.31 11.05 596.81 8.67
30519.68 11.15 591.43 7.29
30536.12 11.07 587.81 10.03
30552.56 11.16 585.06 11.19
30568.87 11.11 578.68 16.44
30585.31 11.05 579.06 8.46
30601.68 11.15 573.18 6.89
30618.12 11.07 570.50 6.56
30634.50 11.20 568.06 6.58
30650.81 11.16 564.56 7.39
30667.31 11.05 562.37 8.23
30683.56 11.16 561.75 7.69
30700.06 11.04 561.31 6.09
30716.50 11.20 558.12 6.85
30732.81 11.16 556.50 7.42
30749.25 11.10 553.81 7.58
30765.56 11.16 550.31 10.74
30782.06 11.04 552.25 9.32
30798.50 11.20 551.68 6.75
30814.81 11.16 552.00 7.62
30831.18 11.13 550.06 10.58
30847.56 11.16 549.75 8.58
30864.00 11.08 553.31 7.32
30880.43 11.19 552.56 6.88
30896.75 11.21 555.56 7.18
30913.12 11.07 558.25 7.35
30929.56 11.16 557.81 7.09
30945.93 11.11 559.37 7.24
30962.43 11.19 559.37 12.06
30978.75 11.21 563.43 7.11
30995.12 11.07 566.31 7.06
31011.56 11.16 565.75 16.49
31027.87 11.11 571.75 6.21
31044.31 11.05 573.75 5.79
31060.68 11.15 577.37 7.96
31077.12 11.07 581.56 7.67
31093.50 11.20 581.81 15.35
31109.81 11.16 586.68 8.01
31126.31 11.05 591.81 8.88
31142.62 11.18 595.56 7.48
31159.12 11.07 599.06 10.80
31175.50 11.20 603.18 9.83
31191.81 11.16 605.93 8.73
31208.31 11.05 610.31 7.10
31224.56 11.16 613.68 6.54
31241.06 11.04 617.62 7.21
31257.50 11.20 623.31 9.63
31273.81 11.16 625.37 7.56
31290.18 11.13 629.12 7.24
31306.56 11.16 631.06 9.21
31323.00 11.08 634.68 7.48
31339.43 11.19 639.62 6.91
31355.81 11.16 641.81 7.79
31372.18 11.13 648.68 9.93
31388.56 11.16 651.31 10.10
31405.00 11.08 653.87 10.43
31421.43 11.19 655.93 6.80
31437.75 11.21 659.00 7.08
31454.12 11.07 660.31 6.66
31470.56 11.16 663.18 6.33
31486.87 11.11 666.93 6.71
31503.31 11.05 666.68 7.21
31519.68 11.15 668.25 6.89
31536.12 11.07 669.93 6.60
31552.56 11.16 670.50 6.62
31568.87 11.11 672.62 7.14
31585.31 11.05 673.93 7.41
31601.68 11.15 673.62 6.23
31618.12 11.07 672.87 8.26
31634.50 11.20 671.31 7.26
31650.81 11.16 672.12 6.56
31667.31 11.05 673.06 7.55
31683.56 11.16 671.31 7.55
31700.06 11.04 670.56 7.62
31716.50 11.20 669.87 9.53
31732.81 11.16 667.25 7.03
31749.25 11.10 665.43 7.68
31765.56 11.16 666.75 11.76
31782.06 11.04 662.18 7.68
31798.50 11.20 659.81 6.48
31814.81 11.16 657.18 11.59
31831.18 11.13 655.56 7.55
31847.56 11.16 651.25 8.25
31864.00 11.08 649.37 8.58
31880.43 11.19 645.75 7.83
31896.75 11.21 643.81 7.65
31913.12 11.07 639.75 6.12
31929.56 11.16 638.37 7.78
31945.93 11.11 632.37 8.71
31962.43 11.19 628.87 7.17
31978.75 11.21 625.56 6.20
31995.12 11.07 622.68 6.45
32011.56 11.16 618.37 7.01
32027.87 11.11 613.81 5.99
32044.31 11.05 610.87 7.00
32060.68 11.15 606.25 7.69
32077.12 11.07 603.93 8.14
32093.50 11.20 599.93 7.41
32109.81 11.16 596.62 6.21
32126.31 11.05 594.43 6.26
32142.62 11.18 588.68 7.56
32159.12 11.07 587.50 5.86
32175.50 11.20 583.81 6.79
32191.81 11.16 580.43 6.77
32208.31 11.05 575.87 11.43
32224.56 11.16 571.25 10.26
32241.06 11.04 572.31 7.48
32257.50 11.20 571.12 5.60
32273.81 11.16 568.75 6.40
32290.18 11.13 565.75 6.26
32306.56 11.16 564.62 7.55
32323.00 11.08 561.93 7.16
32339.43 11.19 561.37 5.80
32355.81 11.16 564.00 8.24
32372.18 11.13 561.00 6.65
32388.56 11.16 559.68 8.18
32405.00 11.08 556.50 10.14
32421.43 11.19 558.75 6.51
32437.75 11.21 558.62 6.81
32454.12 11.07 559.00 8.23
32470.56 11.16 560.81 7.05
32486.87 11.11 561.37 6.23
32503.31 11.05 562.06 5.31
32519.68 11.15 563.37 6.85
32536.12 11.07 564.37 8.02
32552.56 11.16 563.81 7.10
32568.87 11.11 567.68 7.12
32585.31 11.05 569.31 5.39
32601.68 11.15 573.06 5.99
32618.12 11.07 575.00 7.06
32634.50 11.20 574.62 8.80
32650.81 11.16 579.18 5.75
32667.31 11.05 579.62 8.18
32683.56 11.16 587.06 7.05
32700.06 11.04 590.50 6.96
32716.50 11.20 592.56 5.99
32732.81 11.16 590.62 17.51
32749.25 11.10 598.18 7.87
32765.56 11.16 601.50 5.84
32782.06 11.04 604.68 6.48
32798.50 11.20 608.31 6.12
32814.81 11.16 611.93 6.81
32831.18 11.13 612.37 11.02
32847.56 11.16 616.43 7.76
32864.00 11.08 621.00 4.89
32880.43 11.19 623.87 7.66
32896.75 11.21 629.12 6.34
32913.12 11.07 632.18 5.64
32929.56 11.16 635.06 8.48
32945.93 11.11 639.56 6.50
32962.43 11.19 641.06 5.92
32978.75 11.21 644.56 7.09
32995.12 11.07 647.62 11.50
33011.56 11.16 649.00 5.97
33027.87 11.11 651.93 7.60
33044.31 11.05 653.62 8.02
33060.68 11.15 656.00 7.60
33077.12 11.07 659.06 7.77
33093.50 11.20 659.43 7.07
33109.81 11.16 661.68 6.15
33126.31 11.05 661.68 5.61
33142.62 11.18 664.06 7.21
33159.12 11.07 665.56 7.40
33175.50 11.20 666.62 5.91
33191.81 11.16 664.62 6.57
33208.31 11.05 664.12 7.66
33224.56 11.16 666.43 5.90
33241.06 11.04 666.31 6.61
33257.50 11.20 663.68 9.09
33273.81 11.16 666.62 8.84
33290.18 11.13 663.68 6.79
33306.56 11.16 662.50 7.07
33323.00 11.08 663.31 7.94
33339.43 11.19 660.81 7.64
33355.81 11.16 662.93 13.21
33372.18 11.13 657.62 6.48
33388.56 11.16 657.62 7.60
33405.00 11.08 654.31 6.52
33421.43 11.19 651.50 6.54
33437.75 11.21 650.37 6.01
33454.12 11.07 644.87 7.08
33470.56 11.16 644.37 6.55
33486.87 11.11 642.81 5.94
33503.31 11.05 639.18 6.78
33519.68 11.15 635.87 7.18
33536.12 11.07 631.87 6.29
33552.56 11.16 629.56 7.33
33568.87 11.11 625.50 6.67
