1.93 0.24 581.87 65.27
30.68 8.87 572.18 21.09
57.18 9.00 530.06 20.34
83.50 8.91 488.43 17.38
110.12 9.01 449.56 16.82
136.56 9.41 410.31 17.19
162.93 9.58 369.87 15.15
189.31 9.48 331.93 13.86
216.25 9.60 296.12 12.82
243.00 9.62 262.06 13.68
269.25 9.53 232.12 13.65
295.56 9.76 201.43 10.67
322.06 9.59 174.12 9.70
348.56 9.52 149.56 8.26
375.12 9.58 125.68 9.15
401.37 9.50 107.62 6.89
427.81 9.70 90.81 5.85
454.25 9.55 77.50 5.40
481.00 9.51 65.56 4.67
508.25 9.82 56.50 3.10
534.56 9.73 49.18 8.85
561.12 9.88 48.62 4.30
587.50 9.75 50.00 8.32
613.93 9.71 50.81 3.48
640.37 9.76 57.81 3.89
666.81 9.61 66.93 4.99
693.31 9.80 78.25 6.04
719.62 9.69 92.56 8.49
746.00 9.67 109.43 6.58
772.43 9.74 130.37 7.98
799.50 9.57 152.18 9.68
826.06 9.76 180.00 10.64
852.31 9.66 205.06 11.06
878.62 9.57 234.43 12.77
905.18 9.69 266.50 16.02
932.00 9.48 297.81 12.65
958.50 9.40 333.31 13.30
984.87 9.54 364.31 19.61
1011.18 9.42 401.18 16.22
1037.75 9.57 439.25 14.26
1064.31 9.32 479.00 14.47
1090.68 9.31 518.93 14.17
1117.06 9.42 558.43 13.75
1143.62 10.21 596.62 17.85
1170.25 10.33 637.00 14.97
1196.56 10.26 676.87 14.13
1223.00 10.22 715.12 14.09
1249.43 10.29 752.87 13.76
1275.81 10.20 790.25 12.90
1302.37 10.33 826.37 12.96
1328.68 10.21 860.68 13.96
1355.12 10.16 895.12 11.86
1381.56 10.23 928.87 12.61
1407.93 10.14 956.93 11.04
1434.43 10.29 984.56 10.61
1460.81 10.15 1013.37 8.96
1487.18 10.24 1036.12 8.14
1513.75 10.28 1058.93 7.16
1540.06 10.18 1077.00 7.68
1566.50 10.12 1096.25 5.97
1592.87 10.23 1110.87 6.95
1619.25 10.20 1122.18 3.66
1645.81 10.25 1131.87 2.12
1672.18 10.05 1139.18 5.74
1698.62 10.00 1141.75 3.25
1725.12 10.09 1143.31 2.89
1751.43 10.10 1141.87 4.43
1777.93 10.20 1138.37 4.57
1804.37 10.06 1130.81 5.29
1830.81 10.01 1120.56 5.80
1857.12 10.13 1109.00 7.58
1883.62 10.10 1100.00 21.72
1909.93 10.20 1077.62 8.32
1936.43 10.02 1059.06 11.30
1962.87 9.97 1035.37 9.01
1989.18 10.10 1011.93 10.99
2015.62 10.10 985.00 10.81
2042.06 10.13 956.50 12.72
2068.56 9.97 928.81 12.49
2095.00 9.91 897.43 12.61
2121.31 10.04 866.62 13.65
2147.75 10.26 832.62 14.28
2174.18 10.33 797.37 15.25
2200.75 10.24 761.37 14.90
2227.31 10.11 725.62 15.24
2253.68 10.23 689.06 15.77
2280.00 10.17 651.37 15.22
2306.56 10.26 615.93 14.20
2332.87 10.12 581.87 17.61
2359.43 10.05 542.87 13.36
2385.87 10.13 506.18 14.42
2412.12 10.11 471.87 13.58
2438.68 10.20 438.00 14.05
2465.00 10.06 403.62 12.06
2491.56 10.09 372.68 11.99
2518.00 10.18 340.25 9.78
2544.31 10.20 310.50 14.02
2570.81 10.24 284.37 11.36
2597.06 10.15 257.93 8.66
2623.56 10.09 235.25 7.95
2650.12 10.10 213.12 5.45
2676.50 10.09 193.25 9.60
2703.00 10.14 174.12 9.07
2729.31 10.00 158.12 9.46
2755.75 9.99 147.62 4.99
2782.18 10.12 140.31 11.87
2808.62 10.07 129.75 3.93
2835.00 10.16 125.06 5.30
2861.50 10.01 120.87 2.52
2887.81 9.98 121.50 3.16
2914.43 10.06 122.81 7.99
2940.81 10.01 129.31 4.43
2967.12 9.91 134.68 6.47
2993.56 9.99 145.37 5.81
3020.00 9.98 159.68 5.94
3046.43 10.02 169.81 14.10
3072.87 9.92 192.18 9.55
3099.31 9.82 207.31 9.95
3125.75 9.89 230.81 8.42
3152.18 10.14 252.25 8.84
3178.56 10.22 280.43 13.59
3205.06 10.19 304.87 13.11
3231.62 10.27 333.50 12.96
3257.87 10.17 364.00 14.63
3284.25 10.19 392.18 13.37
3310.68 10.23 422.87 14.95
3337.12 10.18 456.68 13.24
3363.75 10.21 491.00 12.88
3390.00 10.11 522.62 14.50
3416.37 10.13 554.56 14.60
3442.75 10.21 589.87 15.05
3469.31 10.12 626.00 13.63
3495.75 10.28 659.37 13.39
3522.12 10.15 694.06 12.27
3548.43 10.20 727.43 14.14
3574.93 10.25 759.62 19.06
3601.37 10.16 792.25 13.62
3627.75 10.02 821.43 12.18
3654.25 10.07 851.06 10.57
3680.68 10.06 879.81 11.16
3707.06 10.14 906.50 12.85
3733.37 10.00 932.25 9.85
3759.87 9.95 953.18 8.29
3786.43 10.02 978.43 9.24
3812.87 10.01 996.25 7.53
3839.18 10.13 1016.06 7.10
3865.56 10.00 1027.12 6.84
3892.00 9.94 1043.06 4.80
3918.50 10.02 1053.62 3.98
3944.93 10.01 1062.62 4.39
3971.37 10.05 1069.12 3.72
3997.75 9.98 1072.43 4.02
4024.12 9.91 1074.50 2.26
4050.62 9.95 1072.93 3.35
4077.06 9.95 1070.81 3.19
4103.43 10.03 1062.56 9.25
4129.87 9.92 1057.06 4.24
4156.37 10.29 1045.31 6.69
4182.68 10.18 1035.68 7.15
4209.12 10.23 1019.75 8.96
4235.62 10.27 1002.50 8.06
4262.12 10.18 985.37 7.84
4288.37 10.12 964.43 9.91
4314.75 10.23 943.68 9.29
4341.12 10.18 918.93 9.11
4367.68 10.24 893.87 10.99
4394.00 10.10 866.93 11.35
4420.37 10.12 839.12 11.54
4446.81 10.17 811.50 11.85
4473.25 10.16 779.93 11.84
4499.81 10.28 750.81 12.46
4526.12 10.14 719.37 12.99
4552.50 10.17 688.18 14.67
4579.00 10.22 655.93 13.93
4605.37 10.24 622.93 13.51
4631.87 10.24 590.56 13.55
4658.31 10.03 561.43 15.74
4684.68 10.07 527.93 13.85
4711.18 10.11 496.56 13.48
4737.56 10.05 467.93 12.44
4764.00 10.17 438.81 13.70
4790.50 10.04 408.87 12.60
4816.87 10.02 382.31 14.25
4843.18 10.16 357.43 9.73
4869.62 10.07 332.68 10.71
4896.00 10.20 313.50 11.06
4922.68 10.02 286.81 10.43
4949.00 9.99 269.50 8.01
4975.37 10.09 252.06 7.74
5001.75 10.05 235.62 8.35
5028.00 9.99 222.81 6.19
5054.62 9.95 213.00 7.26
5081.06 9.96 198.18 8.52
5107.43 10.03 194.68 5.65
5133.81 9.96 188.75 3.90
5160.31 10.34 187.56 5.40
5186.68 10.19 186.12 4.31
5213.18 10.20 184.37 7.36
5239.62 10.27 191.00 3.62
5266.06 10.22 197.56 2.83
5292.43 10.37 205.25 4.23
5318.81 10.21 218.00 6.96
5345.31 10.15 228.68 6.37
5371.75 10.20 239.31 8.95
5398.25 10.12 258.18 5.36
5424.56 10.27 277.56 13.61
5451.00 10.11 294.43 11.74
5477.37 10.09 316.75 9.54
5503.87 10.28 339.93 11.35
5530.37 10.16 362.81 11.18
5556.68 10.31 387.75 10.73
5583.12 10.15 415.00 11.83
5609.43 10.20 441.43 13.15
5636.00 10.21 470.93 11.07
5662.56 10.05 497.87 12.64
5688.81 9.99 529.31 12.03
5715.25 10.07 557.25 13.01
5741.68 10.06 588.06 12.52
5768.00 10.17 617.37 11.64
5794.56 10.00 648.87 14.75
5820.93 9.98 675.93 12.24
5847.31 10.09 703.00 12.98
5873.87 10.01 734.12 12.58
5900.12 10.16 758.00 18.30
5926.75 9.98 787.81 11.03
5953.06 9.95 815.62 9.31
5979.37 10.09 838.93 10.96
6005.93 10.01 863.43 8.48
6032.25 10.12 884.56 8.59
6058.81 9.95 903.56 9.57
6085.18 9.88 924.81 7.51
6111.56 10.00 943.00 7.54
6138.06 10.13 957.81 3.78
6164.37 10.30 970.81 9.08
6190.93 10.14 984.75 4.72
6217.31 10.32 994.06 5.85
6243.68 10.21 1001.62 3.89
6270.06 10.16 1008.87 3.80
6296.50 10.28 1010.81 3.92
6323.00 10.14 1014.50 3.50
6349.37 10.05 1013.06 5.66
6375.87 10.12 1011.43 4.24
6402.18 10.09 1007.25 5.13
6428.62 10.21 999.75 5.55
6454.93 10.08 991.81 7.47
6481.56 10.15 982.18 5.83
6508.06 10.29 971.43 6.99
6534.43 10.23 955.12 7.89
6560.75 10.39 939.68 8.25
6587.18 10.22 924.06 8.22
6613.62 10.12 905.25 11.47
6640.12 10.25 883.25 9.88
6666.68 10.08 861.50 10.27
6692.93 10.29 839.68 9.47
6719.43 10.07 815.87 11.46
6745.75 10.05 790.62 12.10
6772.18 10.21 766.87 12.35
6798.75 10.05 739.37 10.85
6825.06 10.27 713.12 12.19
6851.56 10.05 684.12 10.50
6877.87 9.98 657.31 11.71
6904.25 10.24 632.50 13.03
6930.75 10.03 599.56 11.17
6957.18 10.24 572.75 11.97
6983.75 10.03 545.68 11.90
7010.00 9.95 520.00 12.17
7036.43 10.17 493.12 11.44
7062.81 10.01 466.75 10.05
7089.25 9.88 443.18 11.63
7115.68 10.03 418.00 9.51
7142.12 10.14 395.50 8.36
7168.56 10.32 375.18 8.84
7195.00 10.27 354.12 8.25
7221.62 10.37 333.68 8.17
7247.93 10.32 319.06 7.68
7274.25 10.22 303.18 5.96
7300.81 10.36 287.93 5.70
7327.18 10.25 275.37 5.82
7353.62 10.26 265.43 3.48
7380.12 10.22 256.75 4.62
7406.37 10.15 249.75 3.63
7432.93 10.29 244.43 3.46
7459.31 10.19 241.81 2.21
7485.81 10.36 241.75 3.83
7512.25 10.27 241.50 3.20
7538.50 10.20 244.81 3.47
7565.06 10.38 251.31 5.90
7591.37 10.24 256.31 4.43
7617.87 10.32 265.00 4.91
7644.43 10.16 274.62 6.36
7670.75 10.06 287.62 6.84
7697.25 10.27 299.37 9.23
7723.56 10.13 315.31 7.12
7749.87 9.99 333.00 8.07
7776.50 10.12 350.50 7.81
7802.87 10.04 370.37 8.89
7829.31 10.25 390.12 8.74
7855.62 10.10 411.50 9.16
7882.00 9.97 435.50 9.80
7908.50 10.18 459.31 10.89
7934.93 10.05 481.75 14.98
7961.43 10.21 510.00 10.87
7987.81 10.08 534.62 11.61
8014.06 9.98 556.31 11.61
8040.56 10.18 585.43 11.08
8067.06 9.98 613.68 10.91
8093.56 10.10 636.87 11.27
8119.93 10.01 662.50 10.31
8146.37 10.31 689.12 9.73
8172.75 10.33 712.75 11.06
8199.18 10.22 736.75 9.81
8225.81 10.36 760.25 9.77
8252.12 10.25 783.75 8.26
8278.50 10.33 803.43 8.95
8304.87 10.35 825.56 8.40
8331.18 10.25 843.62 11.51
8357.87 10.32 863.12 8.38
8384.25 10.19 881.00 6.92
8410.56 10.04 896.37 5.74
8437.12 10.22 909.81 8.12
8463.31 10.19 922.62 4.61
8490.00 10.37 934.31 6.39
8516.25 10.27 941.87 4.36
8542.62 10.13 951.00 3.74
8569.18 10.31 955.56 4.34
8595.43 10.24 958.18 3.54
8621.93 10.35 962.25 4.16
8648.43 10.16 962.56 4.46
8674.81 10.03 960.43 6.57
8701.31 10.23 955.37 7.81
8727.68 10.10 951.81 4.07
8754.00 10.26 946.06 3.96
8780.62 10.10 938.12 6.22
8806.93 10.01 925.87 4.53
8833.43 10.21 916.18 6.18
8859.81 10.08 901.00 6.08
8886.18 10.26 887.43 7.59
8912.68 10.07 871.31 6.25
8939.06 9.98 854.81 9.19
8965.56 10.18 833.75 9.97
8991.81 10.08 814.62 10.83
9018.31 10.23 795.00 8.45
9044.81 10.03 774.75 8.08
9071.25 9.87 751.18 9.96
9097.68 10.12 726.93 12.26
9123.93 10.01 703.93 10.18
9150.50 10.31 680.68 11.40
9176.87 10.26 657.18 11.58
9203.31 10.15 632.37 10.13
9229.81 10.36 609.56 11.99
9256.18 10.25 585.06 11.73
9282.56 10.36 562.18 10.31
9308.93 10.32 536.75 10.02
9335.31 10.18 515.25 9.07
9361.93 10.29 491.25 8.57
9388.31 10.19 470.18 9.08
9414.62 10.26 451.81 11.08
9441.12 10.22 428.56 9.25
9467.50 10.16 415.37 19.84
9494.18 10.34 393.62 9.37
9520.50 10.25 376.75 7.29
9546.93 10.38 362.68 8.96
9573.31 10.28 346.87 6.79
9599.56 10.21 334.50 4.62
9626.25 10.30 322.06 5.11
9652.56 10.17 313.43 4.78
9679.00 10.30 306.25 5.57
9705.56 10.13 300.25 4.02
9731.75 10.10 297.06 4.88
9758.31 10.27 291.81 3.09
9784.68 10.11 288.75 7.09
9811.06 10.03 291.06 2.46
9837.62 10.15 294.43 5.52
9863.87 10.08 296.87 5.49
9890.37 10.29 301.87 4.37
9916.93 10.10 309.68 3.44
9943.25 10.01 318.37 5.11
9969.81 10.18 328.81 4.64
9996.00 10.10 338.68 7.79
10022.62 10.28 352.62 5.36
10049.00 10.06 366.12 7.57
10075.37 9.94 381.75 6.64
10101.87 10.15 400.12 7.93
10128.12 10.03 416.62 10.27
10154.81 10.39 434.12 11.89
10181.12 10.25 454.50 10.12
10207.56 10.40 472.31 5.39
10234.06 10.38 495.31 9.53
10260.31 10.27 516.62 8.75
10287.00 10.42 540.87 9.97
10313.25 10.27 562.06 9.51
10339.56 10.38 587.06 14.70
10366.25 10.28 605.56 9.99
10392.43 10.20 624.81 20.30
10419.00 10.39 650.37 10.68
10445.37 10.20 673.81 8.55
10471.68 10.10 692.50 5.77
10498.37 10.34 716.56 8.54
10524.56 10.26 736.06 8.61
10551.18 10.45 756.12 10.44
10577.43 10.30 775.06 11.08
10603.68 10.18 794.62 7.78
10630.37 10.34 810.68 7.92
10656.68 10.18 828.25 7.26
10683.25 10.35 842.93 5.46
10709.68 10.15 856.68 5.88
10735.87 10.07 869.50 5.28
10762.50 10.25 879.06 9.00
10788.87 10.12 889.93 3.68
10815.37 10.32 901.12 13.63
10841.75 10.16 905.87 3.51
10868.00 10.06 909.31 3.62
10894.62 10.23 915.68 4.30
10921.37 10.31 915.75 3.03
10947.87 10.44 915.50 11.71
10974.18 10.31 916.06 5.41
11000.50 10.24 913.00 4.60
11027.06 10.38 909.31 4.22
11053.37 10.28 902.75 4.92
11079.93 10.38 895.68 4.28
11106.31 10.24 886.81 6.08
11132.62 10.17 877.56 5.00
11159.18 10.31 867.12 6.42
11185.50 10.46 854.06 6.05
11212.00 10.37 839.93 8.44
11238.43 10.50 825.43 6.85
11264.81 10.39 810.00 8.26
11291.31 10.33 791.87 7.90
11317.68 10.47 774.87 8.96
11343.93 10.38 755.56 9.47
11370.50 10.22 735.56 10.72
11396.87 10.36 717.75 7.05
11423.37 10.29 699.18 9.57
11449.75 10.40 674.87 10.27
11476.12 10.29 655.75 8.00
11502.62 10.28 635.68 9.07
11528.93 10.45 615.62 9.87
11555.50 10.35 594.12 8.78
11581.87 10.45 572.43 8.10
11608.18 10.34 551.25 7.54
11634.81 10.16 532.75 9.07
11661.18 10.30 512.75 7.85
11687.75 10.19 494.93 8.52
11714.00 10.29 474.68 7.23
11740.31 10.21 456.87 7.46
11766.81 10.16 439.81 7.72
11793.31 10.27 427.50 13.65
11819.81 10.21 411.37 6.56
11846.12 10.26 397.50 5.42
11872.50 10.21 384.43 6.86
11898.93 10.13 373.75 4.27
11925.43 10.28 364.00 4.09
11952.00 10.17 355.37 3.26
11978.25 10.36 347.12 2.71
12004.56 10.20 342.37 3.94
12031.06 10.14 338.31 3.37
12057.50 10.23 335.37 2.09
12084.00 10.17 333.93 3.23
12110.25 10.11 333.43 2.47
12136.62 10.16 333.68 3.31
12163.12 10.34 338.75 3.11
12189.43 10.49 342.75 2.80
12216.12 10.40 346.87 5.37
12242.50 10.54 356.37 6.43
12268.81 10.39 363.87 5.06
12295.25 10.36 374.00 5.20
12321.62 10.50 384.68 6.22
12348.18 10.31 397.50 5.15
12374.56 10.42 408.12 8.98
12400.87 10.35 426.00 10.55
12427.31 10.32 440.37 14.00
12453.68 10.46 454.81 6.94
12480.25 10.49 471.87 7.13
12506.62 10.51 488.62 7.95
12532.93 10.44 509.06 8.06
12559.43 10.37 525.12 19.03
12585.81 10.51 545.62 7.42
12612.31 10.45 565.00 8.13
12638.75 10.43 587.18 19.06
12665.18 10.28 603.00 8.22
12691.62 10.26 623.62 8.31
12717.93 10.40 646.25 12.89
12744.31 10.34 660.12 6.80
12770.81 10.39 680.93 7.63
12797.25 10.30 698.50 6.81
12823.75 10.24 717.56 7.06
12850.06 10.38 734.37 6.85
12876.50 10.34 750.68 5.33
12902.87 10.16 766.50 5.73
12929.25 10.30 787.50 16.69
12955.87 10.24 797.43 5.94
12982.12 10.34 809.31 5.35
13008.56 10.29 822.12 4.04
13034.93 10.21 834.25 5.48
13061.50 10.15 844.31 5.32
13088.00 10.17 851.00 4.00
13114.31 10.23 859.50 4.74
13140.62 10.38 866.25 5.21
13167.12 10.59 873.56 6.42
13193.50 10.40 875.81 2.65
13220.18 10.40 876.12 3.50
13246.56 10.46 877.25 4.63
13272.75 10.40 875.43 5.34
13299.25 10.61 874.87 3.46
13325.62 10.42 871.37 3.79
13352.37 10.28 867.50 3.78
13378.62 10.39 860.62 4.49
13404.87 10.28 854.00 5.45
13431.43 10.49 845.68 5.23
13457.81 10.31 836.37 4.48
13484.43 10.38 826.81 4.60
13510.75 10.44 812.25 6.32
13537.12 10.38 801.00 7.19
13563.50 10.34 788.12 6.60
13589.87 10.40 773.50 6.43
13616.50 10.34 757.87 6.71
13642.87 10.36 743.62 9.66
13669.25 10.22 725.87 8.57
13695.75 10.18 707.75 8.05
13722.12 10.25 689.93 10.40
13748.62 10.26 674.25 6.40
13775.06 10.25 654.62 14.34
13801.50 10.14 637.37 6.02
13827.87 10.17 617.87 10.26
13854.18 10.26 600.18 7.49
13880.68 10.15 581.12 7.23
13907.06 10.30 563.56 7.50
13933.56 10.12 546.75 6.96
13960.00 10.17 529.68 7.09
13986.31 10.26 515.50 8.98
14012.93 10.16 497.12 7.34
14039.12 10.34 481.93 7.26
14065.68 10.05 466.87 6.64
14092.12 10.10 453.56 5.56
14118.43 10.16 441.06 5.15
14145.06 10.33 427.93 4.48
14171.37 10.45 418.18 8.13
14197.81 10.28 408.87 6.51
14224.31 10.32 397.81 4.69
14250.68 10.38 390.56 3.34
14277.25 10.36 384.56 3.32
14303.50 10.46 378.81 2.32
14329.87 10.28 376.37 5.87
14356.43 10.25 372.12 2.67
14382.81 10.31 369.37 3.24
14409.31 10.24 371.06 2.46
14435.68 10.35 372.75 4.01
14462.00 10.20 375.25 3.03
14488.56 10.30 375.50 6.36
14514.87 10.40 381.12 4.27
14541.37 10.37 388.68 4.81
14567.68 10.47 394.12 5.78
14594.00 10.33 403.56 4.09
14620.62 10.26 412.25 5.30
14647.00 10.32 424.81 7.20
14673.50 10.15 429.87 19.85
14699.87 10.35 445.81 6.68
14726.25 10.17 460.25 7.53
14752.75 10.18 472.50 8.00
14779.12 10.26 486.25 8.10
14805.62 10.19 502.31 7.82
14832.00 10.34 516.31 10.04
14858.43 10.12 534.87 7.21
14884.87 10.17 557.43 18.49
14911.43 10.34 566.12 10.90
14938.06 10.27 583.87 5.33
14964.25 10.21 602.18 6.88
14990.75 10.18 619.06 7.54
15017.18 10.25 634.87 8.76
15043.50 10.29 651.62 6.37
15070.12 10.15 666.87 6.92
15096.43 10.10 685.25 7.31
15122.87 10.11 699.62 6.12
15149.37 10.38 717.25 6.87
15175.62 10.47 728.31 12.75
15202.12 10.32 745.12 5.48
15228.56 10.60 759.50 7.06
15254.87 10.44 772.00 5.21
15281.50 10.39 783.18 5.51
15307.81 10.48 793.62 3.57
15334.12 10.30 803.75 4.72
15360.68 10.52 811.31 4.18
15387.06 10.33 819.37 4.22
15413.62 10.31 825.87 3.18
15439.87 10.41 831.43 4.20
15466.25 10.23 835.62 3.79
15492.81 10.57 839.37 3.50
15519.18 10.38 843.31 5.39
15545.68 10.41 844.81 12.71
15572.00 10.46 842.50 4.81
15598.43 10.32 842.31 3.62
15624.87 10.28 838.31 4.34
15651.37 10.26 834.87 4.27
15677.93 10.24 829.56 5.51
15704.18 10.34 824.43 4.46
15730.50 10.19 816.87 4.73
15757.00 10.20 809.43 5.79
15783.56 10.21 801.62 7.04
15810.06 10.22 789.81 4.77
15836.31 10.32 781.31 8.70
15862.68 10.18 765.93 7.17
15889.06 10.22 756.12 7.44
15915.68 10.26 742.37 7.71
15942.31 10.16 729.06 6.95
15968.56 10.30 715.12 7.12
15994.93 10.10 699.37 7.44
16021.37 10.18 684.12 8.51
16047.81 10.17 669.50 9.49
16074.43 10.09 652.18 7.02
16100.68 10.23 638.18 10.41
16127.06 10.03 619.37 8.06
16153.62 10.52 604.00 10.73
16179.87 10.36 589.68 7.01
16206.56 10.37 573.62 8.02
16232.87 10.45 559.00 5.82
16259.25 10.25 543.81 7.75
16285.68 10.32 530.43 7.66
16312.06 10.36 517.37 12.55
16338.50 10.38 501.62 5.88
16365.06 10.33 492.00 13.86
16391.37 10.17 478.50 5.79
16417.81 10.24 465.06 5.02
16444.18 10.29 454.06 5.18
16470.68 10.26 443.68 8.56
16497.18 10.37 433.62 7.21
16523.50 10.22 429.25 4.27
16549.93 10.29 421.43 4.11
16576.25 10.37 415.87 3.24
16602.68 10.28 410.25 3.80
16629.18 10.37 407.93 3.73
16655.50 10.21 403.56 3.43
16682.12 10.16 402.25 6.90
16708.43 10.25 401.37 3.87
16734.87 10.10 404.25 5.14
16761.25 10.33 404.12 3.43
16787.75 10.11 406.81 4.84
16814.25 10.14 410.37 5.06
16840.50 10.23 418.06 6.92
16867.00 10.14 421.18 5.38
16893.37 10.31 429.56 5.40
16919.87 10.14 437.06 5.34
16946.37 10.18 447.56 12.58
16972.62 10.26 454.00 6.04
16999.06 10.26 465.56 4.85
17025.43 10.14 477.31 3.85
17051.93 10.10 487.50 3.46
17078.50 10.10 501.81 5.90
17104.75 10.19 514.75 6.19
17131.12 10.14 527.56 6.72
17157.75 10.44 541.56 6.52
17184.06 10.28 555.68 6.64
17210.62 10.32 567.68 14.14
17237.00 10.40 585.06 7.07
17263.25 10.30 595.62 11.43
17289.75 10.53 613.37 6.80
17316.06 10.36 630.31 7.92
17342.68 10.32 644.31 6.54
17369.06 10.36 658.81 3.89
17395.25 10.26 675.06 8.84
17421.81 10.49 688.25 7.48
17448.18 10.29 699.62 5.32
17474.81 10.28 710.18 9.48
17501.12 10.42 725.12 5.21
17527.50 10.36 738.25 4.99
17553.93 10.54 748.43 4.79
17580.31 10.34 759.31 4.54
17606.81 10.37 767.93 4.48
17633.25 10.34 776.43 3.71
17659.75 10.15 784.93 4.47
17686.12 10.17 791.50 4.14
17712.50 10.22 797.06 4.37
17739.06 10.19 803.87 4.17
17765.25 10.35 807.18 3.45
17791.93 10.14 810.31 3.49
17818.25 10.15 813.25 6.94
17844.62 10.20 814.37 2.93
17871.18 10.17 815.50 3.81
17897.37 10.32 812.93 7.31
17924.00 10.13 810.87 3.72
17950.37 10.19 809.25 5.44
17976.62 10.31 803.68 4.33
18003.31 10.18 797.87 4.96
18029.43 10.40 794.75 10.05
18056.00 10.07 786.12 4.83
18082.50 10.11 775.93 5.79
18108.81 10.19 770.18 5.94
18135.43 10.10 761.06 5.80
18161.68 10.50 752.00 8.34
18188.06 10.30 739.37 7.62
18214.68 10.54 729.37 6.51
18240.93 10.42 717.43 7.01
18267.62 10.34 704.81 6.90
18293.75 10.51 691.25 8.35
18320.12 10.31 677.43 8.16
18346.81 10.45 664.75 7.66
18373.06 10.33 653.18 8.32
18399.62 10.27 637.56 10.25
18425.93 10.38 624.93 7.34
18452.18 10.27 609.81 8.10
18478.93 10.26 596.93 7.28
18505.12 10.42 582.68 7.23
18531.81 10.32 567.75 12.97
18558.00 10.46 553.87 7.49
18584.31 10.31 542.93 9.26
18610.93 10.26 531.37 6.78
18637.18 10.35 519.00 6.42
18663.93 10.09 508.06 6.36
18690.18 10.35 496.50 5.78
18716.50 10.19 486.87 5.01
18743.12 10.13 476.37 5.25
18769.25 10.31 469.31 4.69
18796.06 10.07 461.18 4.77
18822.31 10.32 453.87 4.77
18848.62 10.17 448.62 4.47
18875.25 10.11 440.87 4.53
18901.37 10.29 437.50 5.88
18928.25 10.08 434.56 4.62
18954.43 10.36 434.00 8.57
18980.75 10.21 429.12 3.48
19007.37 10.15 428.68 8.09
19033.50 10.33 428.75 5.47
19060.12 10.10 430.56 6.07
19086.56 10.28 433.12 4.20
19112.81 10.17 436.68 4.16
19139.50 10.23 440.68 3.72
19165.68 10.46 444.25 6.00
19192.18 10.32 450.18 4.10
19218.75 10.47 455.56 9.70
19244.93 10.37 466.25 8.57
19271.62 10.21 471.56 6.24
19297.81 10.44 481.00 12.29
19324.18 10.27 492.81 6.98
19350.81 10.43 502.37 7.46
19377.00 10.32 510.62 12.36
19403.75 10.13 523.87 6.91
19429.93 10.36 536.12 6.78
19456.25 10.18 547.25 6.04
19483.00 10.44 559.37 7.74
19509.12 10.37 571.87 6.97
19535.87 10.18 585.43 6.63
19562.06 10.41 595.75 8.75
19588.50 10.28 610.25 6.29
19615.06 10.39 624.25 7.11
19641.31 10.26 636.87 5.53
19668.06 10.06 648.37 9.48
19694.18 10.32 660.81 7.69
19720.68 10.10 673.50 6.04
19747.18 10.32 684.43 4.82
19773.31 10.24 697.31 6.65
19800.00 10.04 709.75 8.64
19826.31 10.30 717.56 5.31
19852.75 10.13 728.93 5.87
19879.12 10.02 737.56 4.48
19905.37 10.26 745.75 4.52
19932.18 10.05 753.43 4.12
19958.43 10.34 760.75 4.25
19984.75 10.15 764.18 8.04
20011.31 10.12 772.87 3.86
20037.50 10.30 774.56 19.00
20064.18 10.03 780.37 3.30
20090.62 10.23 783.56 4.39
20116.75 10.16 786.87 2.64
20143.50 10.50 786.81 3.79
20169.68 10.44 788.50 3.41
20196.37 10.26 786.56 4.62
20222.87 10.46 783.87 7.49
20249.00 10.39 783.12 3.64
20275.62 10.50 779.87 4.33
20301.87 10.46 775.87 3.53
20328.50 10.24 770.12 4.09
20354.81 10.38 764.06 5.01
20381.25 10.23 758.62 4.53
20407.75 10.42 750.93 5.71
20434.00 10.37 743.37 7.76
20460.43 10.22 733.87 5.27
20486.93 10.43 725.37 5.35
20513.31 10.40 715.18 5.45
20539.81 10.27 704.93 6.57
20566.12 10.42 695.18 4.07
20592.62 10.28 680.00 18.02
20618.93 10.43 674.06 5.60
20645.37 10.27 662.31 6.39
20671.93 10.10 650.37 7.51
20698.31 10.30 638.68 6.72
20724.81 10.12 624.81 5.28
20751.06 10.36 613.00 6.67
20777.56 10.18 602.18 5.31
20804.18 10.02 590.31 4.96
20830.56 10.22 576.06 11.34
20857.00 10.07 565.50 4.64
20883.31 10.28 557.43 8.95
20909.75 10.23 544.12 4.62
20936.37 10.11 534.93 4.71
20962.68 10.26 523.75 5.62
20989.18 10.09 515.06 3.65
21015.43 10.32 506.75 4.51
21041.75 10.23 496.56 5.52
21068.50 10.02 489.62 4.12
21094.75 10.17 483.50 5.58
21121.12 10.06 470.93 20.63
21147.62 10.44 471.43 5.06
21173.87 10.39 467.00 5.78
21200.56 10.27 461.75 3.38
21227.00 10.40 458.62 4.07
21253.31 10.32 456.43 5.60
21279.75 10.45 455.12 4.08
21306.00 10.40 453.81 3.81
21332.56 10.21 453.50 3.74
21359.12 10.31 453.56 7.15
21385.37 10.15 455.12 4.87
21411.87 10.37 459.62 4.08
21438.12 10.31 461.93 3.98
21464.68 10.13 466.37 3.69
21491.25 10.36 472.56 4.20
21517.56 10.30 476.62 3.94
21544.00 10.42 485.00 5.71
21570.25 10.36 489.06 3.73
21596.81 10.18 496.68 5.07
21623.25 10.30 506.56 5.73
21649.75 10.18 513.31 4.69
21676.18 10.30 524.68 5.94
21702.50 10.20 532.93 4.31
21729.00 10.06 543.75 4.91
21755.25 10.25 553.68 6.10
21782.31 10.07 567.25 13.13
21808.62 10.25 574.68 5.07
21834.87 10.18 586.25 5.60
21861.43 10.02 598.00 6.66
21887.68 10.26 607.50 4.81
21914.31 10.15 620.12 5.50
21940.68 10.08 629.18 6.03
21967.00 10.22 640.37 7.06
21993.62 10.02 652.25 5.54
22019.81 10.30 662.75 4.94
22046.25 10.10 674.43 5.17
22072.81 9.99 683.31 4.62
22099.12 10.14 693.56 5.68
22125.68 9.95 703.12 3.95
22152.12 10.34 711.31 9.97
22178.31 10.32 719.43 3.66
22205.00 10.42 723.56 5.10
22231.31 10.35 733.75 4.55
22257.93 10.15 739.18 6.10
22284.25 10.34 746.62 5.97
22310.43 10.32 748.00 3.50
22337.06 10.41 752.18 6.28
22363.43 10.26 757.75 3.80
22390.06 10.06 758.75 3.90
22416.25 10.27 763.87 6.35
22442.68 10.15 764.56 3.22
22469.25 10.32 763.56 4.02
22495.56 10.30 764.12 2.74
22522.06 10.18 763.81 3.80
22548.31 10.37 762.06 4.74
22574.68 10.31 758.62 3.33
22601.25 10.16 755.68 3.48
22627.62 10.25 750.81 4.29
22654.18 10.09 745.68 3.22
22680.43 10.28 739.00 3.52
22706.87 10.09 734.81 4.23
22733.31 10.02 728.81 5.09
22759.68 10.21 719.56 4.76
22786.31 10.07 712.62 4.03
22812.62 10.31 704.00 4.62
22839.00 10.16 698.00 7.02
22865.43 10.04 686.37 4.03
22891.81 10.23 677.37 3.35
22918.50 10.08 668.12 7.73
22944.68 10.33 656.75 4.62
22971.12 10.19 648.75 10.45
22997.62 10.12 635.62 5.70
23023.93 10.26 627.93 9.91
23050.56 10.03 615.68 4.69
23076.87 10.20 606.31 5.98
23103.25 10.11 595.56 4.57
23129.75 10.03 584.25 4.71
23156.06 10.38 574.50 4.95
23182.62 10.22 565.37 5.05
23208.93 10.46 556.56 5.87
23235.25 10.39 546.25 4.86
23261.93 10.24 538.62 5.07
23288.25 10.39 530.25 3.99
23314.68 10.26 524.87 12.56
23341.00 10.45 513.25 5.69
23367.37 10.31 508.81 5.11
23394.00 10.11 500.31 3.24
23420.37 10.31 493.12 7.45
23446.75 10.10 491.87 7.05
23473.18 10.37 484.56 5.16
23499.50 10.35 484.00 3.92
23526.12 10.15 481.12 5.10
23552.50 10.35 477.37 7.52
23578.93 10.24 475.25 4.28
23605.25 10.41 476.18 5.41
23631.56 10.30 475.00 4.20
23658.25 10.07 474.06 4.04
23684.62 10.21 479.93 10.83
23711.18 10.06 477.50 6.66
23737.43 10.28 481.25 3.53
23763.68 10.21 483.25 4.24
23790.37 10.03 489.06 3.44
23816.68 10.26 492.68 4.03
23843.18 10.11 497.87 5.24
23869.56 10.29 504.93 4.26
23895.81 10.23 512.68 9.76
23922.56 10.12 517.87 4.58
23948.75 10.34 526.25 5.60
23975.25 10.14 533.56 4.62
24001.56 10.12 541.12 4.59
24027.93 10.26 552.37 4.87
24054.56 10.01 559.87 4.24
24081.00 10.17 568.43 4.83
24107.25 10.05 579.12 5.51
24133.68 10.03 588.81 4.81
24160.06 10.18 599.06 6.17
24186.62 10.20 608.37 6.30
24213.12 10.20 615.37 5.59
24239.31 10.10 626.81 5.50
24265.87 10.24 633.81 8.31
24292.18 10.19 644.31 5.84
24318.81 10.19 654.75 4.85
24345.12 10.18 663.62 6.36
24371.50 9.97 672.12 5.01
24398.00 10.15 681.62 4.53
24424.31 10.10 693.06 19.88
24450.93 10.10 699.00 11.32
24477.31 10.21 703.50 6.43
24503.68 10.21 710.12 5.25
24530.18 10.25 715.93 3.52
24556.50 10.19 721.93 3.33
24583.06 10.23 732.18 18.48
24609.25 10.26 731.25 3.99
24635.93 10.02 734.00 4.34
24662.50 10.07 738.50 3.06
24688.81 9.99 741.87 5.22
24715.18 9.87 742.87 4.33
24741.50 10.07 743.87 3.67
24767.93 10.00 744.50 3.46
24794.56 10.02 744.25 3.21
24820.93 10.01 744.62 1.87
24847.31 9.88 740.43 8.08
24873.75 10.09 737.18 7.77
24900.06 10.01 734.37 10.87
24926.75 10.11 734.25 6.23
24953.06 10.04 728.81 6.87
24979.43 9.94 724.00 4.86
25005.81 10.11 722.68 7.17
25032.18 10.04 711.75 3.96
25058.75 10.08 706.68 4.78
25085.12 9.99 702.00 6.71
25111.50 9.89 693.37 4.53
25137.93 10.01 688.00 7.05
25164.25 10.25 677.81 3.78
25190.81 10.29 670.93 5.67
25217.25 10.21 661.18 5.59
25243.62 10.11 653.00 5.29
25270.06 10.27 643.62 5.02
25296.31 10.20 633.12 9.81
25322.93 10.29 626.81 3.49
25349.37 10.15 616.93 5.58
25375.68 10.02 610.75 8.48
25402.12 10.22 600.56 8.07
25428.37 10.15 589.00 8.87
25454.93 10.19 582.06 3.96
25481.62 10.43 574.00 5.84
25508.00 10.32 566.00 4.26
25534.37 10.46 554.93 5.45
25560.68 10.38 549.62 3.14
25587.25 10.44 541.87 3.43
25613.68 10.38 531.06 18.09
25640.50 10.19 528.93 5.84
25666.87 10.30 523.81 6.26
25693.25 10.16 516.18 3.86
25719.81 10.25 511.75 3.72
25746.00 10.25 506.50 3.55
25772.68 10.21 504.56 2.60
25799.18 10.33 499.06 2.54
25825.43 10.24 497.62 3.14
25852.00 10.28 495.37 3.64
25878.31 10.28 493.93 7.43
25904.68 10.15 493.25 3.47
25931.25 10.38 493.56 3.45
25957.56 10.26 491.43 7.03
25984.06 10.18 495.18 3.89
26010.37 10.36 496.37 3.69
26036.75 10.17 500.43 4.02
26063.37 10.22 502.56 3.08
26089.68 10.17 505.62 3.41
26116.25 10.04 507.25 4.71
26142.62 10.39 511.56 7.58
26168.87 10.32 519.43 5.49
26195.43 10.42 524.25 4.82
26221.87 10.37 526.62 4.96
26248.50 10.37 534.68 8.14
26274.75 10.38 542.25 3.99
26301.00 10.32 549.43 3.55
26327.56 10.42 558.37 3.08
26354.06 10.22 564.37 3.97
26380.62 10.27 573.37 5.22
26406.87 10.23 580.06 5.21
26433.12 10.17 588.81 3.86
26459.68 10.32 597.93 5.36
26486.18 10.28 606.18 5.31
26512.68 10.35 613.00 4.00
26539.00 10.30 624.81 6.61
26565.25 10.28 636.25 9.22
26591.81 10.38 637.37 9.28
26618.25 10.22 650.37 5.88
26644.75 10.10 657.18 3.56
26671.12 10.25 663.25 3.95
26697.56 10.08 671.31 4.43
26724.00 10.28 682.43 19.09
26750.37 10.17 686.43 5.60
26776.87 10.06 689.31 7.24
26803.31 10.27 698.25 4.51
26829.62 10.15 703.06 2.90
26856.12 10.29 707.12 2.89
26882.37 10.21 711.31 3.33
26908.93 10.16 714.81 3.75
26935.37 10.28 719.25 2.73
26961.75 10.17 720.12 9.51
26988.25 10.32 723.18 3.41
27014.56 10.21 727.06 4.88
27040.93 10.18 726.06 2.91
27067.56 10.14 726.75 4.02
27093.81 10.07 726.18 2.58
27120.37 10.22 726.62 3.37
27146.75 10.32 725.43 4.02
27173.25 10.44 725.81 3.30
27199.56 10.44 719.12 4.78
27225.93 10.32 713.81 20.12
27252.56 10.42 716.25 3.95
27278.93 10.32 712.62 4.03
27305.25 10.17 706.25 2.82
27331.62 10.43 701.93 3.31
27358.06 10.22 695.68 4.91
27384.68 10.32 690.50 4.26
27411.06 10.22 686.37 7.11
27437.37 10.02 679.25 4.64
27463.75 10.27 671.56 3.69
27490.18 10.28 664.75 4.24
27516.81 10.38 657.75 4.54
27543.12 10.27 650.56 4.18
27569.50 10.25 641.87 4.01
27595.87 10.34 634.68 4.18
27622.25 10.22 626.87 5.45
27648.81 10.28 619.25 4.13
27675.18 10.19 613.06 11.72
27701.62 10.14 602.81 5.11
27728.06 10.24 595.25 4.97
27754.43 10.12 588.00 3.94
27781.00 10.25 581.18 4.10
27807.37 10.21 573.31 5.51
27833.75 10.16 565.75 4.31
27860.12 10.31 559.68 5.72
27886.50 10.19 552.75 4.29
27913.12 10.33 544.87 4.08
27939.50 10.26 542.06 4.15
27965.81 10.11 536.06 3.73
27992.25 10.33 532.25 3.11
28018.62 10.22 525.50 3.82
28045.12 10.08 521.81 5.73
28071.68 10.12 518.62 4.36
28097.93 9.98 514.68 2.80
28124.31 10.22 512.37 3.43
28150.81 10.32 511.18 3.17
28177.31 10.44 509.43 6.67
28203.81 10.32 510.62 3.72
28230.00 10.26 508.75 3.78
28256.50 10.42 508.12 4.57
28282.93 10.32 509.56 3.46
28309.43 10.37 510.81 3.96
28335.75 10.33 513.50 6.00
28362.12 10.17 515.81 6.21
28388.68 10.28 518.00 3.18
28415.06 10.22 522.12 3.98
28441.56 10.27 524.12 5.45
28468.00 10.23 530.18 3.78
28494.43 10.30 533.43 5.07
28520.81 10.39 540.68 5.01
28547.25 10.28 544.75 3.42
28573.68 10.35 550.68 4.41
28599.93 10.35 556.68 4.22
28626.43 10.18 563.75 4.66
28652.93 10.33 569.50 5.27
28679.43 10.17 575.87 4.18
28705.81 10.05 582.68 5.24
28732.18 10.25 593.12 3.87
28758.62 10.08 598.87 4.83
28785.12 10.29 604.50 4.70
28811.56 10.19 614.06 4.42
28837.93 10.06 621.00 4.44
28864.37 10.27 627.37 4.37
28890.68 10.15 635.31 5.16
28917.25 10.32 642.31 7.01
28943.62 10.21 650.18 4.03
28970.00 10.13 656.25 5.04
28996.43 10.28 660.50 4.33
29022.81 10.17 670.06 4.24
29049.31 10.26 675.37 3.87
29075.75 10.11 677.31 6.92
29102.12 10.04 685.62 4.40
29128.62 10.14 689.75 3.13
29155.00 10.27 695.56 4.60
29181.43 10.42 698.43 3.10
29207.93 10.33 702.56 6.61
29234.37 10.43 705.25 4.12
29260.68 10.43 708.31 6.05
29287.00 10.31 709.56 8.69
29313.56 10.42 710.93 9.34
29340.00 10.31 713.06 3.82
29366.43 10.02 713.31 3.59
29392.81 10.28 712.56 4.55
29419.12 10.21 712.37 3.98
29445.68 10.32 712.00 4.43
29472.37 10.26 710.81 4.13
29498.81 10.21 708.81 4.98
29525.06 10.39 706.37 3.16
29551.43 10.32 703.37 3.64
29578.00 10.43 700.18 4.30
29604.37 10.31 696.81 5.22
29631.00 10.21 692.12 3.74
29657.37 10.35 688.37 3.64
29683.81 10.17 680.12 7.94
29710.25 10.29 676.62 5.35
29736.56 10.25 669.18 9.59
29763.00 10.21 665.87 3.44
29789.56 10.31 659.68 3.98
29815.87 10.24 654.62 6.52
29842.37 10.30 648.18 3.59
29868.75 10.27 640.93 4.32
29895.06 10.20 634.00 6.38
29921.56 10.36 627.75 5.84
29948.00 10.26 620.18 7.85
29974.50 10.38 612.87 5.92
30000.81 10.30 606.87 4.91
30027.12 10.15 600.00 4.39
30053.62 10.31 593.06 4.08
30080.12 10.16 586.81 5.14
30106.56 10.09 581.25 4.38
30133.00 10.15 572.93 4.04
30159.37 10.21 566.87 2.96
30185.75 10.46 562.43 3.82
30212.25 10.36 557.68 3.51
30238.87 10.45 551.37 4.03
30265.18 10.33 549.00 4.44
30291.37 10.29 541.25 4.04
30317.87 10.45 539.56 3.84
30344.31 10.35 536.56 3.86
30370.87 10.35 532.18 6.32
30397.12 10.31 528.75 4.68
30423.43 10.25 525.18 9.91
30450.00 10.36 525.31 3.25
30476.50 10.38 526.68 11.60
30503.00 10.44 521.25 5.32
30529.25 10.39 521.68 5.07
30555.56 10.45 521.75 3.63
30582.06 10.48 524.31 2.80
30608.50 10.38 523.43 12.58
30635.00 10.46 525.87 3.46
30661.37 10.35 529.87 3.35
30687.75 10.23 529.18 10.52
30714.18 10.44 533.75 4.26
30740.62 10.28 537.43 4.01
30766.93 10.27 538.31 4.27
30793.56 10.37 544.87 4.36
30819.87 10.25 547.87 5.36
30846.31 10.45 551.50 4.09
30872.81 10.30 557.25 3.78
30899.06 10.29 563.50 4.68
30925.75 10.36 568.87 4.77
30952.00 10.26 572.68 9.44
30978.43 10.47 581.62 6.01
31004.87 10.31 586.93 4.13
31031.12 10.35 593.25 3.63
31057.75 10.27 598.18 4.64
31084.12 10.17 604.75 3.82
31110.56 10.37 611.06 4.67
31137.00 10.22 619.12 3.92
31163.43 10.60 623.87 4.59
31189.81 10.48 631.68 4.19
31216.18 10.42 637.50 4.77
31242.68 10.57 642.00 9.02
31269.18 10.42 649.31 4.35
31295.37 10.39 654.56 3.66
31321.68 10.57 659.43 3.46
31348.31 10.31 662.62 4.69
31374.81 10.47 672.81 3.84
31401.37 10.26 672.81 7.16
31427.50 10.17 677.87 3.62
31453.87 10.43 683.50 6.14
31480.50 10.34 686.37 3.33
31506.93 10.55 694.50 18.33
31533.43 10.34 693.06 4.56
31559.68 10.38 693.37 4.50
31586.00 10.51 696.68 5.24
31612.50 10.34 699.31 4.57
31639.00 10.53 702.68 12.28
31665.56 10.23 703.18 7.81
31691.87 10.28 697.81 9.50
31718.25 10.43 701.31 3.77
31744.75 10.19 699.25 3.35
31771.06 10.44 698.37 4.05
31797.68 10.29 698.12 12.04
31824.00 10.29 695.12 4.66
31850.31 10.48 693.50 3.69
31876.81 10.26 689.87 3.95
31903.12 10.45 687.00 2.78
31929.81 10.23 680.25 9.60
31956.06 10.29 679.06 5.38
31982.31 10.44 672.87 3.14
32008.87 10.23 670.87 3.77
32035.18 10.27 667.06 3.63
32061.87 10.18 661.00 3.37
32088.12 10.13 655.50 4.27
32114.43 10.34 650.25 4.34
32141.06 10.33 647.00 5.36
32167.43 10.56 639.31 4.91
32193.87 10.38 633.31 4.44
32220.31 10.29 626.81 5.20
32246.56 10.52 620.93 3.05
32273.18 10.30 616.62 4.64
32299.56 10.52 608.75 3.27
32325.93 10.36 604.00 3.32
32352.37 10.23 594.50 11.50
32378.68 10.42 593.75 6.02
32405.31 10.20 586.56 4.06
32431.68 10.42 579.62 3.12
32457.93 10.29 575.31 2.97
32484.62 10.31 571.12 3.97
32510.81 10.51 566.81 4.10
32537.43 10.28 563.81 13.45
32563.81 10.51 557.18 3.73
32590.06 10.37 554.06 4.05
32616.56 10.29 543.31 21.29
32642.93 10.46 547.37 2.85
32669.62 10.18 543.62 3.92
32695.87 10.26 536.37 11.92
32722.25 10.27 538.12 5.18
32748.68 10.13 536.68 3.92
32775.06 10.42 537.06 3.31
32801.62 10.19 540.68 20.16
32828.00 10.27 533.87 8.88
32854.31 10.34 534.68 6.60
32880.75 10.14 536.18 3.66
32907.12 10.42 535.56 2.47
32933.75 10.21 537.87 2.66
32960.12 10.29 536.06 3.47
32986.43 10.37 541.12 3.98
33012.87 10.15 542.93 2.88
33039.25 10.44 545.12 2.83
33065.75 10.18 546.81 7.34
33092.31 10.15 549.00 14.76
33118.50 10.33 554.93 4.57
33145.00 10.31 558.62 6.82
33171.43 10.54 563.62 4.11
33197.93 10.38 568.43 9.44
33224.62 10.53 573.12 3.74
33250.68 10.54 577.93 3.91
33277.06 10.35 584.81 5.03
33303.62 10.53 588.31 4.09
33330.06 10.35 594.56 6.09
33356.43 10.25 599.81 3.50
33382.87 10.33 606.56 3.32
33409.18 10.25 611.68 3.12
33435.75 10.42 616.06 4.62
33462.18 10.25 622.37 4.52
33488.62 10.35 628.12 4.12
33514.93 10.47 632.87 4.27
33541.31 10.33 638.37 3.22
33567.87 10.51 643.12 3.81
33594.25 10.32 649.75 4.11
33620.62 10.35 653.81 3.41
33647.06 10.41 655.93 3.05
33673.56 10.18 661.12 3.93
33700.06 10.41 666.31 3.08
33726.37 10.25 670.81 3.89
33752.68 10.28 674.62 1.65
33779.12 10.42 677.06 2.93
33805.68 10.20 680.31 3.46
33832.18 10.42 681.81 4.04
33858.50 10.25 688.18 13.01
33884.81 10.28 686.31 2.84
33911.31 10.44 685.43 5.50
33937.75 10.26 687.81 3.99
33964.31 10.44 690.56 4.50
33990.62 10.27 686.56 6.99
34016.93 10.32 689.37 2.06
34043.31 10.44 687.18 5.15
34069.87 10.16 689.00 2.35
34096.31 10.15 684.68 5.22
34122.75 10.17 686.37 6.55
34149.06 10.35 683.56 3.32
34175.50 10.54 682.18 3.03
34202.00 10.36 677.93 4.26
34228.62 10.53 674.25 4.45
34254.87 10.39 669.50 9.87
34281.18 10.34 669.12 3.46
34307.62 10.53 664.87 3.10
34334.06 10.35 661.00 5.05
34360.75 10.42 656.37 2.98
34387.00 10.25 651.87 3.62
34413.25 10.19 646.43 2.52
34439.75 10.42 641.81 3.47
34466.25 10.27 638.06 3.27
34492.87 10.51 632.43 3.41
34519.06 10.39 627.62 6.97
34545.50 10.37 621.68 2.57
34571.87 10.51 617.18 3.38
34598.25 10.32 611.12 4.73
34624.87 10.46 605.87 4.50
34651.18 10.31 602.43 4.23
34677.62 10.25 597.43 4.53
34704.06 10.41 591.06 2.33
34730.50 10.23 586.56 3.33
34756.81 10.26 581.62 2.93
34783.43 10.28 577.25 3.78
34809.68 10.20 578.68 17.63
34836.18 10.42 570.68 5.79
34862.62 10.25 565.75 3.03
34888.93 10.33 562.31 2.39
34915.50 10.31 558.62 2.20
34941.87 10.26 558.43 3.18
34968.31 10.44 554.12 2.96
34994.75 10.26 552.75 4.93
35021.06 10.35 549.62 2.74
35047.50 10.31 548.50 3.02
35073.93 10.11 545.62 3.20
35100.43 10.34 546.31 4.03
35126.81 10.18 542.93 13.68
35153.43 10.54 546.37 2.87
35179.56 10.52 541.62 8.90
35206.06 10.31 546.31 3.46
35232.62 10.53 546.56 3.24
35259.06 10.35 548.50 3.06
35285.56 10.53 548.25 5.16
35311.62 10.53 553.43 4.83
35338.06 10.35 556.18 3.07
35364.75 10.42 556.93 3.56
35391.12 10.24 559.37 2.57
35417.43 10.25 564.06 3.36
35443.87 10.33 565.12 6.17
35470.25 10.27 570.12 3.92
35496.81 10.45 572.50 8.19
35523.25 10.32 580.12 7.74
35549.50 10.34 581.37 3.12
35575.93 10.47 589.00 4.43
35602.31 10.33 592.18 2.88
35628.93 10.40 596.56 4.41
35655.37 10.28 602.18 3.19
35681.62 10.30 605.56 3.02
35708.06 10.30 610.43 3.12
35734.50 10.23 615.37 1.49
35760.93 10.40 619.37 3.64
35787.56 10.26 624.75 4.27
35813.75 10.27 628.43 9.00
35840.12 10.36 633.68 3.87
35866.62 10.25 639.37 3.59
35893.06 10.41 643.37 4.00
35919.68 10.28 649.31 2.97
35945.87 10.33 651.56 3.82
35972.25 10.38 656.06 2.43
35998.75 10.26 659.43 3.53
36025.18 10.43 662.18 3.19
36051.68 10.21 663.68 4.01
36078.00 10.15 667.37 3.43
36104.37 10.28 670.56 3.04
36130.87 10.16 671.12 5.74
36157.31 10.53 674.31 5.46
36183.81 10.37 677.25 4.29
36210.06 10.41 677.06 3.68
36236.50 10.52 680.87 7.27
36263.06 10.35 680.18 3.07
36289.50 10.52 677.25 5.25
36315.87 10.39 679.87 6.86
36342.12 10.39 679.25 3.45
36368.62 10.42 679.75 3.67
36395.18 10.25 677.31 3.37
36421.62 10.42 677.00 3.45
36447.93 10.19 675.12 3.00
36474.31 10.29 672.37 2.03
36500.75 10.50 668.18 11.18
36527.31 10.33 666.43 3.97
36553.75 10.50 664.93 2.80
36580.06 10.39 661.68 3.06
36606.37 10.36 659.31 3.72
36632.87 10.46 654.50 3.68
36659.43 10.29 651.50 1.90
36685.87 10.40 649.81 8.54
36712.25 10.26 642.87 3.55
36738.50 10.23 639.06 3.29
36764.93 10.40 633.62 6.18
36791.62 10.25 631.75 3.68
36817.87 10.26 626.00 4.12
36844.37 10.34 624.12 7.30
36870.62 10.25 617.93 4.37
36897.06 10.41 614.50 3.43
36923.75 10.26 609.56 2.96
36949.93 10.33 604.93 3.33
36976.56 10.33 605.50 12.48
37002.81 10.31 595.00 4.95
37029.18 10.43 591.62 2.52
37055.81 10.20 587.68 4.06
37082.18 10.14 585.62 4.36
37108.56 10.26 580.81 3.96
37134.87 10.16 576.43 2.94
37161.31 10.34 573.00 3.20
37187.87 10.38 569.62 3.85
37214.37 10.34 567.31 2.84
37240.56 10.25 563.62 4.54
37267.06 10.35 563.87 4.17
37293.43 10.32 560.62 4.57
37320.06 10.35 557.93 3.55
37346.37 10.32 555.93 3.86
37372.68 10.12 558.93 13.49
37399.18 10.25 557.68 6.81
37425.56 10.22 555.00 3.52
37452.12 10.24 558.31 8.77
37478.50 10.34 555.56 3.89
37504.81 10.33 556.00 4.98
37531.31 10.33 557.18 3.22
37557.68 10.31 557.25 4.98
37584.25 10.32 558.31 3.90
37610.43 10.40 560.87 3.10
37637.00 10.23 563.75 12.97
37663.50 10.23 564.62 3.95
37689.87 10.20 568.25 5.64
37716.37 10.05 569.37 4.05
37742.62 10.30 572.56 3.02
37769.06 10.22 576.37 3.02
37795.62 10.25 577.50 3.22
37822.00 10.22 581.87 4.11
37848.50 10.07 586.50 2.55
37874.75 10.27 590.06 4.83
37901.06 10.16 593.56 2.74
37927.75 10.26 597.56 3.37
37954.12 10.23 602.00 3.34
37980.56 10.14 606.62 2.57
38006.87 10.33 609.06 3.83
38033.18 10.18 614.75 2.93
38059.81 10.20 618.87 5.24
38086.18 10.18 624.00 4.66
38112.56 10.07 627.25 5.24
38138.93 10.20 630.62 5.21
38165.25 10.38 635.68 6.42
38191.87 10.40 638.37 4.58
38218.31 10.38 643.43 6.59
38244.75 10.26 646.06 3.09
38271.06 10.44 649.75 4.71
38297.37 10.37 653.00 5.35
38324.00 10.39 655.18 3.43
38350.43 10.31 658.62 5.50
38376.87 10.15 658.56 6.32
38403.12 10.39 662.12 4.31
38429.43 10.31 666.62 5.85
38456.06 10.34 666.25 3.60
38482.50 10.45 668.00 2.96
38508.87 10.28 667.68 3.14
38535.25 10.45 669.31 2.78
38561.56 10.40 667.93 6.29
38588.18 10.42 670.31 3.14
38614.56 10.39 670.00 4.11
38641.06 10.25 669.00 3.12
38667.43 10.36 671.25 4.34
38693.81 10.25 668.37 4.33
38720.37 10.33 668.37 4.57
38746.56 10.34 666.25 3.53
38773.06 10.29 664.93 4.02
38799.50 10.34 662.68 9.05
38825.87 10.31 662.18 4.91
38852.43 10.36 657.12 5.79
38878.75 10.36 658.18 6.63
38905.12 10.29 654.00 3.69
38931.62 10.43 651.93 7.29
38958.00 10.33 648.12 6.82
38984.43 10.21 643.37 3.18
39010.75 10.46 638.62 4.01
39037.25 10.30 636.81 3.61
39063.75 10.24 635.12 7.83
39090.12 10.23 631.18 10.54
39116.62 10.06 624.00 2.60
39143.06 10.45 621.50 7.56
39169.31 10.44 617.81 6.33
39195.81 10.44 612.31 4.22
39222.31 10.42 611.75 5.82
39248.93 10.42 605.75 4.39
39275.18 10.44 602.12 3.06
39301.37 10.37 595.37 11.52
39327.93 10.42 593.31 5.18
39354.50 10.26 590.25 4.29
39381.06 10.32 588.31 3.82
39407.31 10.29 584.37 3.02
39433.56 10.21 581.25 5.44
39460.06 10.32 578.31 3.40
39486.50 10.36 574.81 4.43
39513.06 10.41 572.00 3.16
39539.37 10.35 572.06 4.13
39565.68 10.41 568.56 3.46
39592.18 10.41 567.12 3.93
39618.56 10.30 565.18 4.17
39645.18 10.19 564.68 2.89
39671.50 10.31 564.18 4.10
39697.93 10.19 563.37 3.87
39724.37 10.31 562.06 2.79
39750.68 10.26 562.37 4.12
39777.31 10.15 562.31 2.71
39803.62 10.28 560.75 10.34
39830.00 10.25 563.62 2.45
39856.50 10.33 563.68 4.50
39882.75 10.27 564.93 2.49
39909.37 10.24 566.25 2.56
39935.75 10.33 565.56 8.00
39962.06 10.21 568.56 9.11
39988.62 10.34 571.06 3.15
40014.87 10.28 575.06 6.67
40041.37 10.26 577.12 3.57
40067.93 10.18 576.43 12.00
40094.18 10.11 581.06 8.51
40120.75 10.24 584.62 7.27
40147.06 10.38 589.25 6.43
40173.62 10.50 591.68 5.06
40199.93 10.48 596.81 8.80
40226.31 10.35 598.43 2.34
40252.93 10.42 601.75 3.56
40279.25 10.38 605.25 3.03
40305.68 10.29 608.75 4.10
40332.00 10.47 614.18 2.56
40358.43 10.25 617.12 3.77
40385.06 10.32 618.75 2.84
40411.37 10.28 622.75 4.10
40437.81 10.11 627.00 3.46
40464.12 10.28 631.62 3.43
40490.62 10.39 633.87 2.93
40517.18 10.41 637.00 2.45
40543.43 10.35 640.31 2.23
40569.81 10.31 642.31 4.27
40596.25 10.36 643.00 11.38
40622.62 10.27 649.31 3.14
40649.31 10.37 652.12 3.55
40675.56 10.25 654.68 3.46
40702.06 10.23 655.06 3.63
40728.43 10.26 661.18 18.92
40754.75 10.21 659.81 4.23
40781.50 10.33 660.18 4.17
40807.75 10.27 663.62 4.58
40834.25 10.25 667.31 16.84
40860.50 10.33 664.81 6.65
40886.81 10.27 664.18 3.41
40913.56 10.36 663.43 4.00
40939.81 10.34 663.62 3.06
40966.31 10.25 663.56 3.28
40992.68 10.38 663.18 3.59
41019.00 10.26 660.12 4.53
41045.56 10.11 660.31 3.29
41072.00 10.19 659.31 4.45
41098.50 10.10 658.37 3.46
41124.75 10.24 656.06 3.38
41151.18 10.36 654.43 3.43
41177.75 10.45 651.68 4.13
41204.12 10.38 650.62 4.64
41230.43 10.36 646.00 2.96
41256.93 10.42 642.31 3.95
41283.31 10.35 640.81 3.30
41309.93 10.42 638.50 2.40
41336.12 10.37 632.00 4.42
41362.50 10.19 632.81 3.24
41389.12 10.28 627.93 3.58
41415.37 10.28 623.75 2.80
41442.06 10.32 620.75 4.21
41468.31 10.29 618.62 3.08
41494.75 10.36 616.56 7.36
41521.18 10.41 611.06 3.68
41547.50 10.36 608.75 6.22
41574.12 10.42 605.43 3.32
41600.31 10.40 600.62 4.31
41626.87 10.32 597.56 2.62
41653.31 10.37 594.37 6.76
41679.68 10.26 592.18 3.26
41706.25 10.13 589.12 3.14
41732.50 10.31 585.31 3.67
41759.00 10.21 582.37 3.39
41785.50 10.33 580.87 3.46
41811.81 10.27 580.18 7.34
41838.37 10.15 577.25 3.29
41864.62 10.28 575.00 3.59
41891.00 10.25 572.25 3.31
41917.62 10.34 574.37 5.74
41943.93 10.25 571.43 2.87
41970.43 10.21 570.31 2.91
41996.75 10.33 568.37 2.52
42023.06 10.21 568.81 4.33
42049.68 10.28 569.56 4.80
42076.00 10.19 567.93 3.03
42102.56 10.12 568.93 2.49
42128.93 10.18 567.81 7.07
42155.25 10.30 569.50 3.81
42181.81 10.44 571.18 4.75
42208.18 10.39 572.06 3.03
42234.81 10.50 572.87 4.03
42261.00 10.47 574.18 3.32
42287.31 10.35 576.93 4.42
42313.93 10.42 578.31 3.06
42340.25 10.38 578.87 8.49
42366.87 10.13 583.31 4.58
42393.18 10.32 585.25 4.74
42419.43 10.25 584.50 10.75
42446.06 10.32 590.62 4.34
42472.43 10.29 595.37 3.20
42499.00 10.22 598.62 6.39
42525.25 10.36 596.06 11.51
42551.62 10.39 603.93 4.25
42578.18 10.41 605.00 2.60
42604.43 10.35 609.43 3.35
42631.06 10.23 612.18 4.47
42657.37 10.32 614.81 2.79
42683.87 10.24 619.18 2.77
42710.37 10.31 622.62 3.35
42736.56 10.25 625.43 2.91
42763.06 10.23 629.06 6.47
42789.50 10.26 630.62 3.74
42815.81 10.27 632.81 4.93
42842.43 10.31 629.56 22.05
42868.68 10.26 640.56 5.01
42895.18 10.24 642.68 5.62
42921.62 10.37 643.87 4.23
42948.00 10.26 645.31 3.82
42974.50 10.34 647.87 3.60
43000.75 10.33 650.43 2.81
43027.25 10.24 651.31 2.99
43053.68 10.32 653.12 3.46
43080.12 10.16 653.37 3.22
43106.56 10.05 655.56 2.09
43132.93 10.18 654.75 6.32
43159.50 10.29 657.37 4.80
43185.75 10.43 656.31 2.75
43212.25 10.36 656.87 5.45
43238.87 10.41 657.12 4.40
43265.12 10.36 656.37 2.71
43291.43 10.36 656.43 1.97
43317.87 10.41 656.25 2.70
43344.25 10.34 653.68 2.82
43370.93 10.36 654.50 3.08
43397.12 10.31 651.25 3.49
43423.50 10.31 651.56 2.67
43450.00 10.32 647.75 4.86
43476.37 10.40 647.18 4.98
43503.06 10.45 646.12 5.43
43529.25 10.39 643.68 3.18
43555.62 10.47 641.62 5.72
43582.06 10.45 638.00 3.18
43608.37 10.40 632.37 7.45
43635.06 10.48 632.43 3.64
43661.37 10.35 631.18 5.30
43687.87 10.32 626.25 5.41
43714.18 10.41 623.87 3.08
43740.56 10.31 622.00 3.66
43767.00 10.29 619.31 2.31
43793.56 10.37 615.56 3.08
43820.00 10.33 612.81 2.70
43846.31 10.42 608.87 4.00
43872.68 10.32 604.93 8.38
43899.12 10.30 602.81 2.63
43925.68 10.38 601.93 3.05
43952.06 10.33 597.25 3.40
43978.43 10.43 597.68 6.71
44004.81 10.30 592.87 4.27
44031.18 10.36 590.12 3.16
44057.75 10.27 588.56 3.33
44084.18 10.23 586.06 3.03
44110.56 10.34 585.68 2.11
44136.87 10.23 583.12 7.96
44163.50 10.61 581.18 3.91
44189.81 10.48 580.43 2.89
44216.18 10.42 577.87 3.06
44242.68 10.54 578.00 3.32
44269.06 10.44 576.00 9.02
44295.50 10.42 576.00 4.09
44321.75 10.59 574.93 4.10
44348.31 10.31 572.00 8.58
44374.81 10.44 577.62 11.76
44401.25 10.29 576.00 6.49
44427.62 10.25 576.12 4.01
44453.93 10.44 575.75 3.32
44480.62 10.43 575.81 2.79
44506.93 10.52 576.75 2.25
44533.37 10.37 578.37 2.67
44559.68 10.38 580.56 3.22
44586.00 10.48 580.87 3.50
44612.50 10.40 582.50 3.46
44639.00 10.50 584.62 4.47
44665.50 10.26 588.18 6.07
44691.93 10.30 589.06 4.84
44718.18 10.38 590.43 4.03
44744.75 10.26 593.37 2.59
44771.12 10.46 597.25 10.24
44797.62 10.28 597.00 6.05
44824.06 10.31 599.87 3.31
44850.25 10.44 603.81 5.01
44876.75 10.29 608.62 5.64
44903.18 10.46 607.50 12.19
44929.68 10.24 607.75 15.43
44956.18 10.33 615.56 5.01
44982.37 10.45 618.31 4.46
45008.87 10.23 620.00 4.76
45035.25 10.28 622.56 4.03
45061.75 10.19 623.12 6.11
45088.25 10.21 628.50 2.85
45114.50 10.36 630.62 2.52
45141.06 10.33 632.56 3.35
45167.50 10.58 634.31 2.80
45193.81 10.41 636.93 2.66
45220.43 10.37 639.56 2.34
45246.62 10.53 640.00 3.64
45273.12 10.29 643.87 3.62
45299.62 10.53 645.75 3.53
45325.87 10.38 648.18 12.01
45352.43 10.29 645.81 4.45
45378.75 10.43 649.68 3.40
45405.25 10.19 649.37 4.15
45431.75 10.43 649.25 2.56
45457.93 10.29 650.25 6.45
45484.62 10.31 651.37 2.85
45510.87 10.52 651.87 2.71
45537.31 10.30 650.87 2.29
45563.87 10.52 651.75 2.59
45590.06 10.37 650.62 3.62
45616.62 10.31 649.06 2.68
45643.00 10.48 646.43 6.70
45669.50 10.20 649.50 4.32
45695.93 10.27 647.68 2.64
45722.25 10.27 648.37 3.26
45748.81 10.22 644.31 2.57
45775.12 10.43 641.37 4.18
45801.56 10.22 640.31 3.10
45828.06 10.29 641.50 4.95
45854.31 10.34 635.37 11.00
45880.87 10.23 634.56 3.26
45907.18 10.44 632.31 4.78
45933.68 10.20 629.75 3.47
45960.18 10.30 631.12 10.85
45986.37 10.40 625.87 4.46
46012.93 10.22 625.00 7.28
46039.31 10.45 620.68 2.73
46065.62 10.20 618.43 3.12
46092.37 10.16 616.62 5.58
46118.43 10.36 611.56 6.41
46145.06 10.37 610.56 3.74
46171.50 10.55 606.50 2.62
46197.81 10.40 603.50 4.26
46224.68 10.54 603.25 2.30
46250.68 10.54 601.87 5.74
46277.06 10.35 596.87 4.80
46303.68 10.54 595.93 4.97
46329.93 10.36 593.62 3.72
46356.56 10.28 593.06 3.51
46382.93 10.34 590.56 3.48
46409.18 10.25 588.18 3.26
46435.81 10.44 587.18 3.45
46462.06 10.27 584.81 4.90
46488.62 10.35 586.50 4.62
46515.00 10.48 582.50 2.55
46541.43 10.42 581.62 2.98
46567.93 10.52 581.00 2.65
46594.18 10.35 580.87 2.80
46620.62 10.35 577.81 5.00
46647.06 10.41 578.00 7.31
46673.62 10.27 580.18 3.28
46700.06 10.41 580.62 2.91
46726.25 10.26 579.37 3.20
46752.68 10.28 581.81 2.77
46779.12 10.42 580.93 2.36
46805.68 10.29 582.25 5.84
46832.18 10.42 582.31 2.89
46858.37 10.27 586.81 5.35
46884.81 10.28 583.12 4.36
46911.31 10.44 588.93 5.63
46937.75 10.26 586.81 7.26
46964.31 10.44 591.81 4.42
46990.50 10.28 590.31 3.82
47017.00 10.34 593.75 3.63
47043.31 10.44 595.62 3.16
47069.87 10.16 597.56 2.85
47096.31 10.15 601.75 8.10
47122.62 10.18 604.18 3.52
47149.18 10.44 602.62 3.14
47175.50 10.54 606.75 2.86
47201.93 10.35 609.62 2.67
47228.62 10.53 611.06 3.07
47254.81 10.41 615.00 4.00
47281.31 10.42 615.87 3.64
47307.62 10.53 618.75 3.51
47333.93 10.33 621.31 3.69
47360.75 10.42 619.25 16.35
47386.93 10.27 626.31 3.12
47413.37 10.28 623.43 12.95
47439.75 10.42 633.31 7.62
47466.06 10.28 632.68 4.37
47492.87 10.51 633.50 5.95
47519.00 10.42 634.56 3.81
47545.50 10.37 638.62 5.78
47571.87 10.51 639.75 4.07
47598.12 10.34 640.93 3.65
47624.87 10.46 640.68 2.25
47651.18 10.31 642.81 3.19
47677.68 10.28 644.56 3.87
47704.06 10.41 642.75 4.60
47730.31 10.24 644.37 2.64
47756.81 10.26 645.00 3.94
47783.37 10.27 644.87 9.32
47809.81 10.28 646.50 3.02
47836.18 10.42 646.43 3.04
47862.50 10.26 644.06 9.21
47888.93 10.33 646.56 2.85
47915.43 10.34 645.93 6.79
47942.00 10.34 644.87 3.52
47968.31 10.44 643.43 3.28
47994.62 10.24 642.68 3.58
48021.06 10.35 641.12 2.82
48047.43 10.33 641.75 2.95
48074.06 10.19 638.37 3.24
48100.43 10.34 638.25 3.53
48126.62 10.18 636.00 2.57
48153.43 10.54 633.56 3.46
48179.50 10.54 632.81 2.67
48206.12 10.37 630.18 3.50
48232.62 10.53 630.56 3.32
48258.87 10.35 627.06 4.04
48285.56 10.53 623.18 4.54
48311.62 10.53 624.12 5.43
48338.06 10.35 620.43 3.39
48364.75 10.42 619.18 4.86
48391.00 10.26 617.50 5.22
48417.50 10.26 613.25 5.89
48443.87 10.33 612.06 6.05
48470.25 10.29 608.87 7.13
48496.81 10.45 608.31 3.16
48523.12 10.34 605.37 3.95
48549.50 10.34 602.18 4.00
48575.87 10.40 602.18 4.73
48602.31 10.35 602.25 5.38
48628.93 10.40 597.06 2.38
48655.25 10.30 596.25 4.91
48681.62 10.30 595.06 3.36
48708.06 10.30 594.93 5.94
48734.50 10.25 591.31 3.26
48760.93 10.40 590.37 4.03
48787.37 10.27 590.25 4.55
48813.75 10.27 587.75 6.23
48840.12 10.36 587.06 6.49
48866.56 10.28 586.00 3.84
48893.06 10.41 582.93 6.51
48919.50 10.28 586.37 3.57
48945.87 10.33 583.43 5.84
48972.25 10.38 586.68 2.69
48998.75 10.26 587.43 5.16
49025.18 10.43 585.43 3.18
49051.50 10.17 584.81 3.52
49078.06 10.18 586.00 4.05
49104.37 10.28 585.43 3.87
49130.81 10.15 588.12 3.72
49157.31 10.53 587.62 4.01
49183.62 10.32 590.00 3.41
49210.12 10.43 589.87 3.60
49236.50 10.52 592.93 6.41
49263.00 10.34 592.18 4.08
49289.50 10.52 596.62 6.35
49315.75 10.35 597.87 4.12
49342.18 10.41 598.93 3.11
49368.62 10.42 597.56 8.03
49395.06 10.23 600.56 5.24
49421.62 10.42 598.25 16.84
49447.87 10.22 605.50 2.76
49474.31 10.29 609.12 4.14
49500.75 10.50 609.93 3.73
49527.12 10.34 611.62 3.46
49553.75 10.50 612.37 7.30
49579.93 10.35 615.56 3.37
49606.37 10.36 617.50 4.08
49632.87 10.46 623.31 8.11
49659.31 10.31 621.25 3.42
49685.87 10.40 623.93 12.37
49712.18 10.20 623.87 6.95
49738.56 10.26 627.93 3.15
49764.93 10.40 629.50 3.43
49791.50 10.26 630.93 4.22
49817.87 10.26 630.87 7.35
49844.25 10.26 632.81 7.58
49870.68 10.27 635.25 4.76
49897.06 10.41 638.00 4.69
49923.62 10.24 638.56 2.98
49949.93 10.33 638.18 4.27
49976.37 10.28 639.68 2.66
50002.87 10.33 641.68 11.22
50029.18 10.43 642.68 13.42
50055.68 10.18 640.75 2.16
50082.18 10.14 641.75 2.68
50108.43 10.23 643.00 3.97
50134.93 10.18 641.12 4.06
50161.31 10.34 641.81 8.50
50187.68 10.38 642.81 2.13
50214.37 10.34 641.93 2.66
50240.50 10.27 641.81 4.03
50267.06 10.35 640.50 3.37
50293.43 10.32 639.81 3.15
50319.81 10.30 639.12 5.60
50346.37 10.32 639.56 6.28
50372.68 10.12 638.31 2.75
50399.18 10.25 634.81 3.56
50425.56 10.22 634.87 4.10
50451.93 10.20 635.31 13.27
50478.50 10.34 631.18 5.10
50504.75 10.26 629.18 3.00
50531.31 10.35 629.81 4.38
50557.68 10.31 626.31 2.20
50584.12 10.34 625.12 3.30
50610.43 10.40 622.06 3.99
50636.93 10.16 620.50 2.89
50663.50 10.25 618.50 2.52
50689.87 10.20 616.25 2.68
50716.18 10.06 613.62 2.98
50742.62 10.30 612.68 4.67
50769.00 10.16 609.87 2.67
50795.68 10.27 610.50 7.12
50822.00 10.22 604.12 7.49
50848.31 10.07 605.81 4.32
50874.75 10.27 604.31 2.69
50901.06 10.16 599.62 4.69
50927.75 10.26 600.87 4.77
50954.12 10.23 598.25 1.98
50980.31 10.08 597.31 3.27
51006.87 10.33 595.31 3.96
51033.18 10.18 592.68 5.02
51059.81 10.20 593.12 3.52
51086.18 10.18 594.25 4.91
51112.37 10.02 589.56 6.54
51139.00 10.22 591.68 2.75
51165.25 10.38 590.12 3.08
51191.81 10.39 588.31 3.69
51218.31 10.38 589.43 6.08
51244.56 10.21 589.06 6.54
51271.12 10.46 588.56 2.85
51297.37 10.37 588.37 2.37
51323.87 10.37 588.37 4.41
51350.43 10.31 590.18 5.66
51376.68 10.10 588.37 5.33
51403.18 10.41 591.06 2.63
51429.43 10.31 589.87 3.02
51455.93 10.32 592.25 3.47
51482.50 10.45 591.68 3.62
51508.81 10.31 593.00 3.12
51535.25 10.45 594.87 3.72
51561.56 10.40 596.06 4.66
51588.00 10.43 597.18 3.75
51614.56 10.39 597.25 10.07
51640.87 10.20 601.25 5.56
51667.43 10.36 602.31 2.52
51693.81 10.25 602.56 2.89
51720.25 10.35 606.75 6.85
51746.56 10.34 609.43 8.03
51772.93 10.21 607.25 5.73
51799.56 10.37 611.25 4.22
51825.87 10.31 610.56 8.65
51852.31 10.38 610.81 3.05
51878.75 10.36 616.75 4.83
51905.00 10.21 617.00 3.50
51931.68 10.46 619.50 3.77
51958.00 10.33 621.12 3.77
51984.31 10.18 623.87 3.81
52010.75 10.46 624.43 3.84
52037.12 10.23 626.25 3.56
52063.81 10.26 628.06 2.63
52090.12 10.23 630.62 2.89
52116.50 10.04 630.37 3.22
52143.06 10.45 633.68 6.58
52169.25 10.38 633.37 2.76
52195.87 10.46 633.62 3.33
52222.31 10.42 634.43 5.20
52248.81 10.41 634.50 6.83
52275.18 10.44 638.43 3.00
52301.37 10.37 638.62 3.41
52327.93 10.42 638.43 3.24
52354.50 10.26 638.81 3.52
52380.87 10.25 638.87 4.21
52407.31 10.29 634.43 20.03
52433.56 10.21 637.62 6.06
52460.06 10.32 638.31 4.22
52486.50 10.36 635.12 11.49
52513.00 10.40 638.87 4.69
52539.37 10.35 639.43 3.53
52565.56 10.33 638.81 6.94
52592.12 10.40 639.18 3.54
52618.56 10.30 637.12 4.14
52645.06 10.16 636.87 3.65
52671.50 10.31 634.50 3.89
52697.87 10.12 633.56 2.89
52724.31 10.31 632.25 2.77
52750.68 10.26 630.68 4.19
52777.18 10.12 627.25 2.93
52803.62 10.28 628.87 5.51
52829.93 10.19 625.93 2.82
52856.50 10.33 625.37 3.74
52882.75 10.27 623.43 3.39
52909.25 10.21 622.00 4.14
52935.75 10.33 620.43 4.49
52962.06 10.21 618.25 2.97
52988.62 10.34 617.93 3.96
53014.87 10.28 615.31 5.36
53041.12 10.15 613.93 5.80
53067.93 10.18 611.25 5.33
53094.18 10.11 611.50 7.02
53120.75 10.24 608.93 1.52
53147.06 10.38 607.43 2.00
53173.43 10.41 605.31 3.37
53199.93 10.48 602.68 2.54
53226.31 10.35 604.43 5.80
53252.87 10.41 598.12 6.36
53279.25 10.38 600.00 3.14
53305.50 10.20 597.62 3.08
53332.00 10.47 598.68 3.27
53358.43 10.25 597.68 3.85
53384.93 10.30 594.68 2.71
53411.37 10.28 593.12 4.61
53437.68 10.04 593.31 4.86
53464.12 10.28 592.50 2.98
53490.56 10.33 594.00 2.74
53517.06 10.39 593.50 15.53
53543.43 10.35 591.56 5.02
53569.75 10.29 591.93 4.98
53596.25 10.36 591.37 3.24
53622.62 10.27 593.37 4.50
53649.25 10.36 591.43 5.90
53675.56 10.25 592.56 2.74
53701.87 10.12 592.81 1.88
53728.43 10.26 594.06 3.98
53754.75 10.21 595.37 2.96
53781.43 10.31 593.43 3.64
53807.75 10.27 596.25 3.33
53834.00 10.14 596.62 2.52
53860.50 10.33 597.50 3.50
53886.81 10.27 598.56 2.29
53913.50 10.34 600.12 3.79
53939.81 10.34 602.43 3.66
53966.12 10.15 602.62 2.67
53992.68 10.38 605.56 3.24
54019.00 10.26 604.68 3.12
54045.43 10.08 606.56 2.42
54072.00 10.19 608.25 5.36
54098.31 10.01 610.68 3.08
