2 0
55 506
71 492
88 474
104 470
120 428
137 401
153 377
170 352
186 331
202 310
219 290
235 267
252 250
268 230
284 219
301 194
317 177
334 164
350 143
366 135
383 119
399 105
416 95
432 90
448 77
465 71
481 63
497 56
514 53
530 48
547 51
563 49
579 43
596 50
612 55
629 47
645 54
661 67
678 84
694 73
711 85
734 102
751 114
767 126
783 139
800 154
816 170
832 187
849 204
865 220
882 232
898 254
914 276
931 292
947 317
964 342
980 361
996 383
1013 413
1029 431
1046 450
1062 478
1078 492
1095 528
1111 551
1128 577
1144 598
1160 626
1177 649
1193 672
1210 696
1226 717
1242 744
1259 768
1275 793
1291 813
1308 836
1324 855
1341 875
1357 898
1373 920
1390 958
1406 958
1423 976
1439 994
1455 1008
1472 1030
1488 1036
1505 1051
1521 1066
1537 1077
1554 1072
1570 1094
1587 1108
1603 1115
1619 1126
1636 1132
1652 1138
1669 1143
1685 1146
1701 1146
1719 1142
1735 1143
1752 1141
1768 1146
1784 1132
1801 1129
1817 1131
1834 1123
1850 1114
1866 1119
1883 1095
1899 1086
1916 1074
1932 1064
1948 1052
1965 1038
1981 1023
1998 1005
2014 996
2030 972
2047 953
2063 939
2080 929
2096 904
2112 881
2129 861
2145 842
2161 817
2178 797
2194 772
2211 750
2227 723
2243 704
2260 675
2276 658
2293 638
2309 615
2325 595
2342 568
2358 547
2375 525
2391 502
2407 477
2424 459
2440 436
2457 413
2473 395
2489 377
2506 358
2522 334
2539 320
2555 296
2571 280
2588 268
2604 255
2620 238
2637 223
2653 217
2670 200
2686 187
2702 177
2720 162
2736 151
2753 169
2769 139
2786 135
2802 100
2818 127
2835 123
2851 123
2868 118
2884 120
2900 120
2917 128
2933 129
2950 130
2966 135
2982 145
2999 155
3015 158
3031 162
3048 171
3064 187
3081 197
3097 205
3113 222
3130 232
3146 247
3163 265
3179 283
3195 289
3212 306
3228 329
3245 346
3261 367
3277 382
3294 405
3310 426
3327 444
3343 468
3359 486
3376 506
3392 526
3409 549
3425 570
3441 590
3458 608
3474 633
3490 655
3507 671
3523 695
3540 718
3556 737
3572 757
3589 772
3605 794
3622 817
3638 829
3654 854
3671 869
3687 889
3704 901
3721 924
3738 936
3754 951
3770 961
3787 979
3803 992
3820 1001
3836 1009
3852 1018
3869 1030
3885 1038
3901 1047
3918 1059
3934 1061
3951 1066
3967 1068
3983 1071
4000 1071
4016 1074
4033 1072
4049 1071
4065 1071
4082 1070
4098 1064
4115 1063
4131 1054
4147 1051
4164 1041
4180 1037
4197 1024
4213 1023
4229 1008
4246 999
4262 986
4279 971
4295 963
4311 953
4328 932
4344 922
4360 899
4377 888
4393 873
4410 852
4426 832
4442 818
4459 799
4475 780
4492 761
4508 745
4524 729
4541 703
4557 685
4574 671
4590 645
4606 618
4623 610
4639 592
4656 565
4672 551
4688 530
4705 513
4722 486
4739 470
4755 453
4771 430
4788 420
4804 399
4821 381
4837 366
4853 352
4870 338
4886 321
4903 313
4919 298
4935 282
4952 272
4968 260
4985 253
5001 235
5017 232
5034 226
5050 217
5067 212
5083 211
5099 196
5116 193
5132 216
5149 186
5165 188
5181 186
5198 189
5214 190
5230 192
5247 196
5263 199
5280 202
5296 209
5312 213
5329 221
5345 227
5362 237
5378 243
5394 254
5411 271
5427 279
5444 289
5460 304
5476 315
5493 328
5509 341
5526 355
5542 368
5558 388
5575 400
5591 423
5608 436
5624 455
5640 471
5657 488
5673 507
5689 525
5706 465
5723 564
5740 586
5756 599
5773 619
5789 638
5805 660
5822 677
5838 697
5855 707
5871 720
5887 754
5904 765
5920 776
5937 795
5953 811
5969 825
5986 841
6002 858
6019 854
6035 879
6051 898
6068 904
6084 922
6100 933
6117 941
6133 954
6150 963
6166 971
6182 978
6199 984
6215 994
6232 995
6248 1002
6264 1008
6281 997
6297 1012
6314 1015
6330 1016
6346 1014
6363 1014
6379 1009
6396 1012
6412 974
6428 1000
6445 997
6461 990
6478 984
6494 973
6510 968
6527 961
6543 954
6559 946
6576 932
6592 920
6609 912
6625 899
6641 881
6658 878
6674 863
6691 846
6707 834
6725 812
6741 802
6757 782
6774 768
6790 751
6807 734
6823 720
6839 700
6856 682
6872 668
6889 659
6905 632
6921 616
6938 598
6954 581
6970 565
6987 549
7003 528
7020 513
7036 496
7052 482
7069 461
7085 450
7102 435
7118 421
7134 406
7151 392
7167 381
7184 364
7200 350
7216 357
7233 337
7249 322
7266 313
7282 301
7298 295
7315 288
7331 273
7348 274
7364 270
7380 259
7397 252
7413 250
7429 251
7446 245
7462 242
7479 242
7495 243
7511 240
7528 214
7544 244
7561 248
7577 204
7593 255
7610 259
7626 270
7643 274
7659 284
7675 290
7692 298
7708 305
7726 310
7742 326
7759 340
7775 347
7791 360
7808 370
7824 382
7840 401
7857 412
7873 430
7890 441
7906 460
7922 468
7939 489
7955 494
7972 514
7988 532
8004 545
8021 565
8037 580
8054 595
8070 616
8086 624
8103 641
8119 658
8136 675
8152 689
8168 705
8185 721
8201 738
8218 765
8234 765
8250 782
8267 791
8283 805
8299 819
8316 830
8332 840
8349 857
8365 862
8381 875
8398 883
8414 894
8431 899
8447 911
8463 920
8480 928
8496 931
8513 938
8529 956
8545 946
8562 955
8578 958
8595 957
8611 962
8627 958
8644 963
8660 956
8677 956
8693 957
8709 954
8727 941
8743 950
8760 940
8776 936
8792 929
8809 931
8825 919
8842 909
8858 901
8874 891
8891 814
8907 879
8924 865
8940 852
8956 842
8973 827
8989 823
9006 806
9022 792
9038 775
9055 770
9071 752
9088 738
9104 710
9120 712
9137 694
9153 679
9169 659
9186 651
9202 633
9219 617
9235 606
9251 592
9268 576
9284 562
9301 546
9317 533
9333 518
9350 505
9366 492
9383 451
9399 460
9415 448
9432 439
9448 427
9465 409
9481 395
9497 395
9514 385
9530 371
9547 366
9563 352
9579 346
9596 340
9612 335
9628 320
9645 320
9661 311
9678 310
9694 306
9710 301
9728 310
9744 293
9761 294
9777 289
9794 292
9810 292
9826 297
9843 298
9859 297
9876 299
9892 306
9908 307
9925 309
9941 318
9958 322
9974 331
9990 342
10007 346
10023 351
10039 364
10056 368
10072 385
10089 388
10105 401
10121 411
10138 425
10154 430
10171 447
10187 460
10203 464
10220 485
10236 496
10253 512
10269 525
10285 539
10302 550
10318 564
10335 580
10351 594
10367 608
10384 617
10400 636
10417 646
10433 661
10449 674
10466 686
10482 709
10498 709
10515 728
10531 736
10548 752
10564 767
10580 749
10597 788
10613 805
10630 801
10646 822
10662 835
10679 847
10695 854
10712 858
10729 867
10746 871
10762 874
10778 892
10795 890
10811 896
10828 903
10844 905
10860 909
10877 913
10893 916
10909 910
10926 914
10942 920
10959 920
10975 917
10991 916
11008 910
11024 912
11041 907
11057 903
11073 898
11090 893
11106 887
11123 888
11139 875
11155 883
11172 860
11188 853
11205 847
11221 836
11237 824
11254 817
11270 805
11287 796
11303 787
11319 779
11336 760
11352 750
11368 735
11385 726
11401 710
11418 700
11434 690
11450 675
11467 662
11483 652
11500 638
11516 619
11532 614
11549 600
11565 588
11582 574
11598 560
11614 548
11631 531
11647 523
11664 513
11680 501
11696 486
11713 475
11730 462
11747 449
11763 442
11779 432
11796 421
11812 417
11829 388
11845 398
11861 390
11878 397
11894 381
11911 366
11927 345
11943 358
11960 355
11976 354
11993 343
12009 340
12025 332
12042 333
12058 333
12075 338
12091 327
12107 335
12124 331
12140 335
12156 334
12173 339
12189 346
12206 347
12222 348
12238 358
12255 356
12271 362
12288 369
12304 374
12320 378
12337 389
12353 395
12370 408
12386 412
12402 423
12419 431
12435 446
12452 455
12468 467
12484 481
12501 486
12517 496
12534 511
12550 519
12566 532
12583 546
12599 557
12615 564
12632 580
12648 594
12665 606
12681 615
12697 624
12714 639
12730 650
12747 666
12763 677
12780 692
12796 702
12812 709
12829 717
12845 732
12861 743
12878 756
12894 763
12911 778
12927 780
12943 780
12960 801
12976 815
12993 814
13009 825
13025 849
13042 836
13058 843
13075 848
13091 854
13107 862
13124 865
13140 866
13157 872
13173 877
13189 876
13206 880
13222 878
13239 876
13255 875
13271 873
13288 876
13304 876
13320 875
13337 892
13353 868
13370 862
13386 850
13402 858
13419 852
13435 845
13452 837
13468 831
13484 824
13501 822
13517 813
13534 804
13550 794
13566 786
13583 778
13599 767
13616 763
13632 769
13648 742
13665 726
13681 714
13698 708
13714 693
13730 679
13747 681
13763 661
13780 656
13796 642
13812 632
13829 614
13845 603
13861 599
13878 587
13894 570
13911 563
13927 550
13943 540
13960 530
13976 519
13993 510
14009 496
14025 487
14042 475
14058 448
14075 460
14091 449
14107 445
14124 439
14140 430
14157 415
14173 416
14189 410
14206 404
14222 400
14239 392
14255 388
14271 383
14288 376
14304 381
14320 380
14337 369
14353 374
14370 364
14386 368
14402 372
14419 368
14435 372
14452 366
14468 370
14484 371
14501 371
14517 376
14534 381
14550 388
14566 392
14583 394
14599 393
14616 407
14632 411
14648 419
14665 424
14681 430
14698 441
14714 450
14730 452
14747 467
14763 471
14780 485
14796 488
14812 502
14829 515
14845 523
14862 537
14878 541
14894 554
14911 561
14927 575
14944 585
14960 591
14976 604
14993 625
15009 630
15026 631
15042 643
15058 657
15075 664
15091 679
15107 689
15124 711
15140 707
15157 716
15173 725
15189 736
15206 748
15222 752
15239 766
15255 766
15271 780
15288 784
15304 790
15321 800
15337 804
15353 807
15370 817
15386 815
15403 827
15419 826
15435 835
15452 833
15468 843
15485 840
15501 845
15517 846
15534 844
15550 849
15566 846
15583 850
15599 844
15616 842
15632 841
15648 842
15665 838
15681 833
15698 824
15714 825
15730 822
15747 812
15763 808
15780 808
15796 800
15812 798
15829 782
15845 775
15862 776
15878 765
15894 757
15911 749
15927 740
15944 756
15960 722
15976 715
15993 696
16009 694
16026 681
16042 672
16058 664
16075 657
16091 643
16107 629
16124 627
16140 617
16157 605
16173 597
16189 587
16206 577
16222 563
16239 555
16255 549
16271 538
16288 529
16304 517
16321 507
16337 504
16353 494
16370 484
16386 475
16403 471
16419 466
16435 458
16452 457
16468 449
16485 438
16501 433
16517 429
16534 423
16550 414
16566 412
16583 413
16599 413
16616 402
16632 405
16648 405
16665 404
16681 398
16698 393
16714 392
16730 405
16747 402
16763 402
16780 406
16796 404
16812 410
16829 412
16845 418
16862 414
16878 421
16894 425
16911 431
16927 437
16944 440
16960 447
16976 452
16993 460
17009 465
17026 473
17042 479
17058 468
17075 494
17091 500
17108 517
17124 514
17140 532
17157 535
17173 548
17189 575
17206 569
17222 574
17239 581
17255 592
17271 601
17288 613
17304 621
17321 628
17337 644
17353 648
17370 656
17386 664
17403 677
17419 686
17435 690
17452 697
17468 709
17485 714
17501 721
17517 733
17534 742
17550 742
17567 751
17583 758
17599 765
17616 774
17632 780
17648 784
17665 784
17681 790
17698 795
17714 798
17731 806
17747 801
17763 806
17780 811
17796 815
17813 820
17829 815
17845 814
17862 816
17878 815
17895 816
17911 814
17927 812
17944 811
17960 807
17976 804
17993 803
18009 799
18026 793
18042 790
18058 788
18075 779
18091 778
18108 771
18124 771
18140 760
18157 759
18173 752
18190 747
18206 734
18222 732
18239 725
18255 710
18272 704
18288 697
18304 688
18321 677
18337 674
18354 670
18370 656
18386 643
18403 638
18419 631
18435 622
18452 616
18468 606
18485 598
18501 591
18517 583
18534 570
18550 561
18567 554
18583 544
18599 541
18616 533
18632 523
18649 520
18665 510
18681 500
18698 495
18714 489
18731 478
18747 476
18763 471
18780 466
18796 460
18813 455
18829 452
18845 450
18862 446
18878 440
18894 439
18911 435
18927 434
18944 441
18960 434
18976 429
18993 424
19009 430
19026 429
19042 427
19058 427
19075 431
19091 428
19108 433
19124 428
19140 440
19157 441
19173 441
19190 453
19206 456
19222 458
19239 461
19255 447
19272 468
19288 474
19304 479
19321 491
19337 492
19353 503
19370 508
19386 512
19403 520
19419 528
19435 533
19452 540
19468 551
19485 557
19501 564
19517 572
19534 577
19550 591
19567 599
19583 609
19599 612
19616 627
19632 631
19649 632
19665 647
19681 650
19698 660
19714 670
19731 675
19747 687
19763 690
19780 697
19796 709
19813 689
19829 720
19845 723
19862 733
19878 736
19895 744
19911 746
19927 753
19944 758
19960 763
19977 767
19993 768
20009 769
20026 774
20042 779
20059 782
20075 780
20091 788
20108 781
20124 783
20140 788
20157 788
20173 791
20190 791
20206 790
20222 788
20239 783
20255 786
20272 777
20288 777
20304 778
20321 774
20337 778
20354 771
20370 758
20386 761
20403 753
20419 746
20436 740
20452 741
20468 731
20485 730
20501 725
20518 720
20534 705
20550 702
20567 699
20583 690
20599 682
20616 677
20632 663
20649 661
20665 653
20681 647
20698 640
20714 630
20731 627
20747 618
20763 609
20780 600
20796 595
20813 585
20829 580
20845 574
20862 568
20878 535
20895 554
20911 547
20927 533
20944 530
20960 527
20977 511
20993 517
21009 507
21026 503
21042 497
21059 492
21075 486
21091 483
21108 481
21124 475
21140 474
21157 470
21173 467
21190 464
21206 461
21222 465
21239 459
21255 458
21272 456
21288 458
21304 459
21321 456
21337 458
21354 448
21370 456
21386 457
21403 457
21419 463
21436 460
21452 465
21468 472
21485 470
21501 481
21518 476
21534 482
21550 489
21567 492
21583 492
21599 499
21616 509
21632 507
21649 518
21665 521
21681 529
21698 527
21714 539
21731 543
21747 551
21763 561
21780 567
21796 575
21813 570
21829 585
21845 597
21862 602
21878 606
21895 615
21911 624
21927 626
21944 640
21960 642
21977 644
21993 654
22009 659
22026 667
22042 676
22059 681
22075 689
22091 692
22108 696
22124 703
22140 706
22157 711
22173 717
22190 725
22206 726
22222 734
22239 738
22255 739
22272 743
22288 744
22304 752
22321 754
22337 763
22354 757
22370 762
22386 756
22403 760
22419 768
22436 763
22452 769
22468 765
22485 766
22501 766
22518 766
22534 764
22550 760
22567 758
22583 757
22599 760
22616 756
22632 750
22649 747
22665 747
22681 741
22698 732
22714 731
22731 726
22747 725
22763 717
22780 715
22796 713
22813 702
22829 703
22845 691
22862 691
22878 680
22895 677
22911 666
22927 665
22944 658
22960 647
22977 647
22993 634
23009 633
23026 625
23042 625
23059 618
23075 605
23091 597
23108 596
23124 590
23140 579
23157 573
23173 571
23190 565
23206 560
23222 559
23239 543
23255 541
23272 537
23288 533
23304 524
23321 520
23337 514
23354 510
23370 511
23386 526
23403 503
23419 499
23436 490
23452 493
23468 487
23485 487
23501 481
23518 478
23534 479
23550 481
23567 478
23583 477
23599 473
23616 472
23632 474
23649 472
23665 473
23681 479
23698 477
23714 473
23731 480
23747 485
23763 486
23780 488
23796 490
23813 493
23829 500
23845 503
23862 507
23878 506
23895 507
23911 513
23927 522
23944 524
23960 530
23977 535
23993 541
24009 546
24026 546
24042 554
24059 561
24075 565
24091 574
24108 577
24124 583
24140 589
24157 596
24173 599
24190 608
24206 621
24222 626
24239 629
24255 635
24272 637
24288 643
24304 647
24321 654
24337 662
24354 669
24370 668
24386 679
24403 686
24419 690
24436 689
24452 701
24468 703
24485 711
24501 720
24518 718
24534 725
24550 724
24567 724
24583 732
24599 737
24616 734
24632 734
24649 741
24665 749
24681 751
24698 745
24714 748
24731 747
24747 744
24763 748
24780 749
24796 751
24813 707
24829 749
24845 749
24862 752
24878 748
24895 742
24911 740
24927 741
24944 745
24960 736
24977 729
24993 727
25009 729
25026 724
25042 714
25059 710
25075 707
25091 701
25108 697
25124 689
25140 689
25157 685
25173 684
25190 674
25206 673
25222 667
25239 658
25255 653
25272 645
25288 643
25304 636
25321 629
25337 622
25354 615
25370 609
25386 609
25403 600
25419 592
25436 584
25452 582
25468 578
25485 573
25501 565
25518 562
25534 556
25550 551
25567 547
25583 541
25599 537
25616 535
25632 527
25649 522
25665 524
25681 514
25698 515
25714 510
25731 504
25747 505
25763 500
25780 498
25796 502
25813 494
25829 491
25845 492
25862 491
25878 494
25895 496
25911 489
25927 509
25944 487
25960 490
25977 494
25993 493
26009 494
26026 493
26042 499
26059 500
26075 501
26091 501
26108 526
26124 510
26140 511
26157 511
26173 517
26190 527
26206 519
26222 526
26239 534
26255 541
26272 544
26288 546
26304 553
26321 557
26337 562
26354 565
26370 570
26386 575
26403 579
26419 597
26436 591
26452 598
26468 601
26485 609
26501 612
26518 616
26534 623
26550 629
26567 629
26583 639
26599 644
26616 649
26632 675
26649 658
26665 661
26681 669
26698 674
26714 681
26731 684
26747 690
26763 689
26780 696
26796 699
26813 714
26829 704
26845 708
26862 707
26878 713
26895 718
26911 720
26927 729
26944 728
26960 725
26977 728
26993 727
27009 730
27026 733
27042 732
27059 733
27075 732
27091 728
27108 730
27124 733
27140 731
27157 728
27173 730
27190 725
27206 723
27222 722
27239 719
27255 720
27272 712
27288 712
27304 710
27321 709
27337 702
27354 703
27370 697
27386 694
27403 688
27419 685
27436 680
27452 676
27468 669
27485 666
27501 660
27518 658
27534 657
27550 653
27567 639
27583 644
27599 632
27616 631
27632 624
27649 617
27665 613
27681 614
27698 602
27714 600
27731 599
27747 585
27763 586
27780 581
27796 574
27813 569
27829 572
27845 563
27862 561
27878 566
27895 550
27911 549
27927 538
27944 541
27960 537
27977 495
27993 531
28009 524
28026 524
28042 526
28059 520
28075 512
28091 518
28108 512
28124 512
28140 507
28157 509
28173 508
28190 505
28206 505
28222 504
28239 507
28255 510
28272 507
28288 510
28304 507
28321 510
28337 509
28354 511
28370 513
28386 514
28403 517
28419 517
28436 520
28452 524
28468 524
28485 527
28501 529
28518 537
28534 541
28550 547
28567 547
28583 549
28599 552
28616 560
28632 549
28649 563
28665 574
28681 580
28698 583
28714 589
28731 590
28747 595
28763 601
28780 604
28796 609
28813 611
28829 615
28845 618
28862 630
28878 632
28895 638
28911 639
28927 648
28944 646
28960 653
28977 657
28993 665
29009 665
29026 666
29042 675
29059 679
29075 680
29091 684
29108 685
29124 687
29140 690
29157 696
29173 697
29190 697
29206 705
29222 707
29239 708
29255 709
29272 711
29288 715
29304 714
29321 716
29337 701
29354 716
29370 711
29386 714
29403 714
29419 721
29436 714
29452 716
29468 713
29485 711
29501 706
29518 707
29534 708
29550 709
29567 707
29583 700
29599 697
29616 696
29632 690
29649 697
29665 685
29681 680
29698 679
29714 680
29731 678
29747 669
29763 666
29780 663
29796 653
29813 655
29829 652
29845 650
29862 647
29878 629
29895 635
29911 626
29927 597
29944 620
29960 619
29977 627
29993 611
30009 603
30026 598
30042 595
30059 591
30075 595
30091 580
30108 576
30124 576
30140 572
30157 567
30173 568
30190 571
30206 557
30222 555
30239 554
30255 551
30272 548
30288 540
30304 546
30321 534
30337 539
30354 535
30370 541
30386 534
30403 525
30419 529
30436 530
30452 525
30468 520
30485 522
30501 526
30518 523
30534 524
30550 527
30567 522
30583 525
30599 525
30616 527
30632 532
30649 524
30665 529
30681 533
30698 531
30714 530
30731 535
30747 536
30763 543
30780 540
30796 542
30813 544
30829 553
30845 551
30862 564
30878 560
30895 565
30911 565
30927 571
30944 549
30960 577
30977 581
30993 581
31009 593
31026 570
31042 597
31059 599
31075 599
31091 609
31108 611
31124 612
31140 620
31157 627
31173 626
31190 633
31206 635
31222 636
31239 642
31255 650
31272 648
31288 653
31304 659
31321 659
31337 677
31354 667
31370 671
31386 676
31403 677
31419 677
31436 683
31452 680
31468 681
31485 684
31501 690
31518 688
31534 690
31550 688
31567 695
31583 696
31599 695
31616 701
31632 674
31649 692
31665 702
31681 699
31698 696
31714 698
31731 693
31747 701
31763 698
31780 707
31796 691
31813 692
31829 692
31845 693
31862 689
31878 690
31895 688
31911 679
31927 691
31944 681
31960 678
31977 678
31993 672
32009 667
32026 665
32042 664
32059 660
32075 654
32091 653
32108 648
32124 645
32140 649
32157 635
32173 634
32190 634
32206 629
32222 626
32239 620
32255 618
32272 617
32288 610
32304 608
32321 606
32337 584
32354 600
32370 594
32386 586
32403 585
32419 583
32436 580
32452 575
32468 569
32485 570
32501 600
32518 558
32534 561
32550 562
32567 561
32583 553
32599 553
32616 552
32632 543
32649 548
32665 543
32681 546
32698 540
32714 537
32731 539
32747 541
32763 539
32780 541
32796 540
32813 530
32829 536
32845 536
32862 537
32878 540
32895 537
32911 537
32927 541
32944 543
32960 535
32977 541
32993 542
33009 543
33026 546
33042 548
33059 549
33075 552
33091 548
33108 557
33124 558
33140 559
33157 558
33173 567
33190 568
33206 571
33222 578
33239 576
33255 581
33272 590
33288 587
33304 593
33321 586
33337 597
33354 602
33370 604
33386 610
33403 610
33419 616
33436 617
33452 619
33468 618
33485 622
33501 548
33518 640
33534 638
33550 643
33567 647
33583 648
33599 654
33616 658
33632 654
33649 657
33665 662
33681 670
33698 670
33714 672
33731 673
33747 674
33763 679
33780 680
33796 675
33813 686
33829 677
33845 688
33862 683
33878 690
33895 689
33911 692
33927 689
33944 690
33960 691
33977 693
33993 693
34009 694
34026 693
34042 689
34059 692
34075 692
34091 689
34108 691
34124 685
34140 684
34157 682
34173 680
34190 681
34206 678
34222 679
34239 673
34255 671
34272 665
34288 669
34304 662
34321 663
34337 658
34354 661
34370 654
34386 652
34403 643
34419 645
34436 642
34452 636
34468 634
34485 630
34501 673
34518 622
34534 622
34550 623
34567 618
34583 611
34599 603
34616 605
34632 603
34649 598
34665 595
34681 589
34698 588
34714 585
34731 578
34747 579
34763 577
34780 576
34796 572
34813 565
34829 564
34845 562
34862 563
34878 559
34895 558
34911 556
34927 556
34944 554
34960 552
34977 555
34993 548
35009 547
35026 548
35042 550
35059 543
35075 543
35091 548
35108 545
35124 542
35140 542
35157 541
35173 548
35190 547
35206 547
35222 547
35239 549
35255 548
35272 550
35288 537
35304 554
35321 552
35337 560
35354 555
35370 558
35386 561
35403 559
35419 557
35436 565
35452 570
35468 572
35485 572
35501 577
35518 582
35534 579
35550 585
35567 587
35583 589
35599 596
35616 598
35632 599
35649 607
35665 604
35681 611
35698 613
35714 615
35731 621
35747 621
35763 626
35780 629
35796 634
35813 631
35829 633
35845 639
35862 638
35878 643
35895 652
35911 652
35927 654
35944 656
35960 656
35977 661
35993 662
36009 662
36026 666
36042 669
36059 671
36075 669
36091 674
36108 671
36124 672
36140 676
36157 673
36173 681
36190 679
36206 677
36222 679
36239 679
36255 679
36272 681
36288 682
36304 680
36321 681
36337 678
36354 678
36370 681
36386 702
36403 674
36419 677
36436 676
36452 673
36468 672
36485 669
36501 671
36518 663
36534 664
36550 665
36567 662
36583 662
36599 659
36616 651
36632 656
36649 648
36665 648
36681 645
36698 642
36714 641
36731 636
36747 634
36763 636
36780 630
36796 626
36813 623
36829 622
36845 618
36862 612
36878 609
36895 615
36911 607
36927 607
36944 604
36960 600
36977 599
36993 589
37009 587
37026 583
37042 588
37059 589
37075 581
37091 578
37108 575
37124 579
37140 570
37157 569
37173 568
37190 563
37206 564
37222 560
37239 563
37255 566
37272 558
37288 556
37304 556
37321 554
37337 553
37354 566
37370 553
37386 556
37403 552
37419 556
37436 554
37452 559
37468 550
37485 553
37501 542
37518 555
37534 556
37550 556
37567 559
37583 561
37599 559
37616 563
37632 528
37649 566
37665 568
37681 569
37698 567
37714 575
37731 575
37747 572
37763 577
37780 580
37796 586
37813 582
37829 582
37845 587
37862 583
37878 591
37895 594
37911 597
37927 601
37944 603
37960 607
37977 611
37993 612
38009 613
38026 621
38042 621
38059 621
38075 619
38091 627
38108 634
38124 634
38140 634
38157 636
38173 636
38190 637
38206 641
38222 646
38239 649
38255 649
38272 652
38288 653
38304 653
38321 659
38337 645
38354 664
38370 658
38386 663
38403 666
38419 669
38436 669
38452 672
38468 671
38485 671
38501 666
38518 667
38534 668
38550 677
38567 673
38583 676
38599 671
38616 671
38632 671
38649 671
38665 674
38681 673
38698 672
38714 671
38731 669
38747 667
38763 670
38780 670
38796 668
38813 662
38829 679
38845 660
38862 658
38878 650
38895 657
38911 651
38927 651
38944 651
38960 648
38977 644
38993 643
39009 638
39026 637
39042 632
39059 628
39075 626
39091 630
39108 625
39124 626
39140 623
39157 621
39173 613
39190 616
39206 606
39222 606
39239 607
39255 594
39272 600
39288 600
39304 601
39321 594
39337 591
39354 588
39370 583
39386 585
39403 585
39419 581
39436 580
39452 579
39468 571
39485 573
39501 571
39518 571
39534 568
39550 570
39567 566
39583 561
39599 565
39616 563
39632 564
39649 564
39665 561
39681 565
39698 560
39714 564
39731 558
39747 560
39763 565
39780 560
39796 558
39813 558
39829 561
39845 565
39862 562
39878 561
39895 567
39911 570
39927 565
39944 570
39960 574
39977 570
39993 570
40009 576
40026 576
40042 579
40059 578
40075 581
40091 583
40108 581
40124 590
40140 590
40157 589
40173 588
40190 590
40206 600
40222 601
40239 603
40255 602
40272 609
40288 610
40304 610
40321 613
40337 608
40354 616
40370 620
40386 625
40403 623
40419 626
40436 627
40452 632
40468 633
40485 636
40501 632
40518 641
40534 636
40550 639
40567 646
40583 647
40599 645
40616 649
40632 655
40649 652
40665 650
40681 658
40698 658
40714 654
40731 665
40747 655
40763 659
40780 660
40796 662
40813 664
40829 665
40845 658
40862 662
40878 665
40895 659
40911 664
40927 667
40944 665
40960 666
40977 666
40993 662
41009 660
41026 657
41042 661
41059 664
41075 660
41091 658
41108 656
41124 659
41140 656
41157 653
41173 652
41190 647
41206 647
41222 648
41239 655
41255 646
41272 641
41288 647
41304 643
41321 640
41337 641
41354 631
41370 631
41386 628
41403 628
41419 628
41436 620
41452 623
41468 619
41485 621
41501 592
41518 611
41534 612
41550 605
41567 610
41583 606
41599 608
41616 603
41632 597
41649 601
41665 597
41681 589
41698 592
41714 591
41731 587
41747 587
41763 589
41780 584
41796 585
41813 579
41829 573
41845 579
41862 581
41878 576
41895 577
41911 576
41927 576
41944 573
41960 569
41977 570
41993 574
42009 573
42026 571
42042 565
42059 569
42075 567
42091 571
42108 572
42124 569
42140 571
42157 575
42173 575
42190 571
42206 572
42222 573
42239 573
42255 575
42272 578
42288 580
42304 580
42321 584
42337 579
42354 588
42370 587
42386 587
42403 588
42419 592
42436 590
42452 591
42468 594
42485 596
42501 620
42518 597
42534 600
42550 603
42567 602
42583 611
42599 612
42616 611
42632 615
42649 613
42665 613
42681 620
42698 620
42714 620
42731 624
42747 628
42763 630
42780 629
42796 636
42813 637
42829 632
42845 639
42862 636
42878 639
42895 640
42911 640
42927 648
42944 664
42960 646
42977 655
42993 649
43009 651
43026 671
43042 649
43059 650
43075 653
43091 654
43108 656
43124 658
43140 652
43157 661
43173 658
43190 659
43206 651
43222 665
43239 659
43255 657
43272 657
43288 658
43304 655
43321 653
43337 653
43354 657
43370 651
43386 653
43403 631
43419 651
43436 649
43452 649
43468 649
43485 648
43501 638
43518 641
43534 644
43550 643
43567 638
43583 635
43599 637
43616 634
43632 632
43649 632
43665 628
43681 624
43698 628
43714 623
43731 621
43747 621
43763 623
43780 615
43796 614
43813 612
43829 613
43845 608
43862 610
43878 605
43895 604
43911 601
43927 618
43944 601
43960 597
43977 595
43993 599
44009 599
44026 592
44042 590
44059 588
44075 588
44091 584
44108 583
44124 586
44140 585
44157 578
44173 583
44190 579
44206 577
44222 577
44239 579
44255 577
44272 573
44288 578
44304 579
44321 575
44337 655
44354 579
44370 578
44386 578
44403 578
44419 580
44436 579
44452 583
44468 575
44485 580
44501 588
44518 580
44534 577
44550 584
44567 586
44583 585
44599 587
44616 589
44632 587
44649 590
44665 592
44681 592
44698 599
44714 595
44731 601
44747 595
44763 599
44780 601
44796 605
44813 575
44829 605
44845 610
44862 605
44878 614
44895 615
44911 611
44927 618
44944 616
44960 623
44977 627
44993 620
45009 626
45026 625
45042 630
45059 629
45075 627
45091 633
45108 635
45124 634
45140 637
45157 639
45173 641
45190 641
45206 637
45222 638
45239 643
45255 642
45272 645
45288 647
45304 652
45321 651
45337 653
45354 652
45370 648
45386 650
45403 649
45419 651
45436 650
45452 655
45468 653
45485 649
45501 647
45518 653
45534 648
45550 649
45567 648
45583 645
45599 645
45616 645
45632 646
45649 644
45665 643
45681 646
45698 646
45714 643
45731 642
45747 643
45763 644
45780 640
45796 636
45813 639
45829 632
45845 637
45862 635
45878 634
45895 632
45911 627
45927 618
45944 627
45960 628
45977 618
45993 625
46009 624
46026 617
46042 617
46059 619
46075 615
46091 615
46108 618
46124 609
46140 609
46157 609
46173 611
46190 604
46206 604
46222 604
46239 599
46255 597
46272 602
46288 600
46304 600
46321 596
46337 590
46354 594
46370 595
46386 588
46403 594
46419 591
46436 590
46452 589
46468 588
46485 589
46501 582
46518 584
46534 585
46550 581
46567 583
46583 586
46599 586
46616 585
46632 584
46649 585
46665 582
46681 592
46698 581
46714 587
46731 583
46747 583
46763 585
46780 589
46796 586
46813 580
46829 586
46845 588
46862 585
46878 586
46895 587
46911 588
46927 588
46944 589
46960 601
46977 600
46993 595
47009 602
47026 601
47042 604
47059 604
47075 607
47091 606
47108 603
47124 609
47140 605
47157 604
47173 609
47190 611
47206 602
47222 615
47239 614
47255 624
47272 613
47288 621
47304 624
47321 626
47337 624
47354 628
47370 628
47386 630
47403 631
47419 630
47436 634
47452 633
47468 635
47485 634
47501 631
47518 640
47534 639
47550 638
47567 640
47583 641
47599 637
47616 640
47632 642
47649 642
47665 642
47681 649
47698 645
47714 643
47731 644
47747 649
47763 647
47780 650
47796 647
47813 646
47829 644
47845 647
47862 648
47878 641
47895 640
47911 643
47927 643
47944 642
47960 653
47977 645
47993 639
48009 643
48026 641
48042 642
48059 635
48075 638
48091 626
48108 635
48124 632
48140 636
48157 632
48173 627
48190 629
48206 632
48222 622
48239 624
48255 624
48272 623
48288 621
48304 622
48321 625
48337 617
48354 604
48370 615
48386 618
48403 613
48419 613
48436 604
48452 607
48468 611
48485 608
48501 608
48518 608
48534 603
48550 597
48567 598
48583 599
48599 593
48616 594
48632 602
48649 599
48665 595
48681 588
48698 596
48714 597
48731 593
48747 588
48763 583
48780 587
48796 585
48813 589
48829 588
48845 585
48862 582
48878 585
48895 588
48911 584
48927 587
48944 583
48960 586
48977 584
48993 584
49009 586
49026 583
49042 589
49059 592
49075 592
49091 589
49108 587
49124 606
49140 592
49157 592
49173 592
49190 592
49206 593
49222 591
49239 591
49255 593
49272 591
49288 596
49304 592
49321 598
49337 598
49354 602
49370 606
49386 606
49403 608
49419 606
49436 610
49452 605
49468 609
49485 611
49501 614
49518 611
49534 612
49550 615
49567 616
49583 620
49599 617
49616 622
49632 621
49649 627
49665 623
49681 625
49698 626
49714 639
49731 630
49747 631
49763 630
49780 633
49796 635
49813 630
49829 634
49845 637
49862 637
49878 640
49895 638
49911 637
49927 633
49944 639
49960 640
49977 642
49993 644
50009 640
50026 647
50042 642
50059 644
50075 645
50091 642
50108 643
50124 641
50140 643
50157 648
50173 640
50190 620
50206 642
50222 644
50239 638
50255 644
50272 638
50288 637
50304 641
50321 640
50337 643
50354 639
50370 639
50386 639
50403 639
50419 631
50436 640
50452 634
50468 633
50485 631
50501 632
50518 631
50534 625
50550 625
50567 625
50583 625
50599 625
50616 617
50632 619
50649 626
50665 616
50681 616
50698 615
50714 613
50731 610
50747 616
50763 612
50780 610
50796 611
50813 603
50829 607
50845 607
50862 605
50878 601
50895 599
50911 602
50927 605
50944 597
50960 593
50977 601
50993 600
51009 590
51026 595
51042 594
51059 593
51075 594
51091 593
51108 593
51124 594
51140 593
51157 592
51173 589
51190 590
51206 590
51222 590
51239 582
51255 587
51272 588
51288 589
51304 587
51321 581
51337 587
51354 591
51370 587
51386 592
51403 592
51419 590
51436 594
51452 591
51468 596
51485 589
51501 589
51518 595
51534 596
51550 595
51567 596
51583 596
51599 598
51616 595
51632 596
51649 599
51665 599
51681 604
51698 602
51714 604
51731 610
51747 606
51763 611
51780 608
51796 608
51813 622
51829 612
51845 614
51862 613
51878 613
51895 620
51911 614
51927 616
51944 590
51960 620
51977 621
51993 625
52009 620
52026 599
52042 623
52059 623
52075 631
52091 631
52108 628
52124 633
52140 633
52157 630
52173 629
52190 635
52206 633
52222 634
52239 636
52255 642
52272 636
52288 636
52304 633
52321 634
52337 642
52354 653
52370 641
52386 638
52403 644
52419 641
52436 639
52452 644
52468 638
52485 642
52501 642
52518 638
52534 637
52550 632
52567 635
52583 634
52599 642
52616 633
52632 637
52649 626
52665 640
52681 637
52698 635
52714 636
52731 633
52747 633
52763 626
52780 632
52796 630
52813 631
52829 629
52845 624
52862 628
52878 622
52895 622
52911 626
52927 622
52944 618
52960 620
52977 594
52993 619
53009 617
53026 612
53042 614
53059 612
53075 608
53091 609
53108 609
53124 616
53140 606
53157 608
53173 604
53190 605
53206 612
53222 607
53239 604
53255 597
53272 597
53288 597
53304 590
53321 602
53337 601
53354 595
53370 600
53386 597
53403 595
53419 593
53436 595
53452 600
53468 600
53485 594
53501 596
53518 595
53534 598
53550 595
53567 592
53583 592
53599 589
53616 592
53632 594
53649 592
53665 597
53681 602
53698 597
53714 594
53731 596
53747 593
53763 594
53780 599
53796 602
53813 599
53829 597
53845 595
53862 601
53878 604
53895 602
53911 605
53927 599
53944 625
53960 601
53977 603
53993 604
54009 608
54026 633
54042 610
54059 610
54075 611
54091 613
54108 610
54124 616
54140 619
54157 617
54173 615
54190 615
54206 624
54222 617
54239 618
54255 619
54272 621
54288 621
54304 621
54321 622
54337 627
54354 626
54370 626
54386 627
54403 621
54419 623
54436 632
54452 625
54468 632
54485 628
54501 627
54518 631
54534 628
54550 631
54567 632
54583 634
54599 628
54616 633
54632 627
54649 633
54665 632
54681 633
54698 633
54714 631
54731 628
54747 636
54763 633
54780 629
54796 634
54813 633
54829 633
54845 632
54862 631
54878 631
54895 633
54911 633
54927 646
54944 628
54960 629
54977 629
54993 628
55009 627
55026 680
55042 633
55059 625
55075 626
55091 626
55108 625
55124 625
55140 625
55157 621
55173 624
55190 620
55206 625
55222 620
55239 621
55255 619
55272 617
55288 613
55304 615
55321 617
55337 610
55354 615
55370 614
55386 612
55403 608
55419 611
55436 609
55452 609
55468 610
55485 608
55501 604
55518 604
55534 598
55550 608
55567 613
55583 604
55599 601
55616 604
55632 597
55649 596
55665 605
55681 603
55698 597
55714 598
55731 603
55747 602
55763 601
55780 600
55796 600
55813 594
55829 601
55845 594
55862 601
55878 600
55895 600
55911 597
55927 602
55944 518
55960 595
55977 597
55993 601
56009 600
56026 604
56042 603
56059 604
56075 601
56091 604
56108 604
56124 601
56140 597
56157 600
56173 602
56190 598
56206 601
56222 604
56239 600
56255 611
56272 609
56288 609
56304 606
56321 608
56337 587
56354 606
56370 609
56386 616
56403 609
56419 609
56436 613
56452 611
56468 612
56485 616
56501 616
56518 616
56534 619
56550 625
56567 620
56583 621
56599 619
56616 618
56632 620
56649 621
56665 619
56681 622
56698 624
56714 627
56731 619
56747 624
56763 625
56780 627
56796 625
56813 630
56829 636
56845 628
56862 627
56878 627
56895 628
56911 630
56927 626
56944 629
56960 631
56977 627
56993 628
57009 633
57026 632
57042 636
57059 637
57075 631
57091 630
57108 652
57124 633
57140 630
57157 685
57173 632
57190 633
57206 632
57222 626
57239 629
57255 628
57272 625
57288 630
57304 633
57321 626
57337 625
57354 626
57370 629
57386 625
57403 628
57419 626
57436 625
57452 622
57468 620
57485 621
57501 623
57518 618
57534 620
57550 615
57567 614
57583 619
57599 620
57616 613
57632 614
57649 614
57665 612
57681 612
57698 608
57714 617
57731 612
57747 614
57763 611
57780 610
57796 605
57813 614
57829 613
57845 605
57862 606
57878 607
57895 605
57911 606
57927 583
57944 602
57960 602
57977 603
57993 601
58009 600
58026 608
58042 600
58059 620
58075 605
58091 602
58108 604
58124 601
58140 599
58157 596
58173 604
58190 598
58206 602
58222 603
58239 603
58255 602
58272 600
58288 602
58304 601
58321 603
58337 600
58354 604
58370 606
58386 601
58403 599
58419 608
58436 604
58452 607
58468 603
58485 611
58501 583
58518 606
58534 607
58550 613
58567 609
58583 606
58599 606
58616 610
58632 610
58649 610
58665 611
58681 610
58698 621
58714 608
58731 618
58747 616
58763 617
58780 618
58796 619
58813 637
58829 616
58845 619
58862 624
58878 620
58895 622
58911 622
58927 620
58944 612
58960 619
58977 621
58993 625
59009 625
59026 620
59042 627
59059 624
59075 625
59091 629
59108 628
59124 627
59140 629
59157 625
59173 627
59190 629
59206 625
59222 630
59239 629
59255 627
59272 628
59288 633
59304 623
59321 628
59337 629
59354 627
59370 629
59386 626
59403 629
59419 622
59436 630
59452 629
59468 634
59485 631
59501 618
59518 631
59534 625
59550 625
59567 626
59583 625
59599 624
59616 624
59632 622
59649 623
59665 621
59681 625
59698 620
59714 622
59731 626
59747 619
59763 622
59780 618
59796 620
59813 618
59829 620
59845 622
59862 624
59878 616
59895 616
59911 614
59927 618
59944 616
59960 613
59977 633
59993 616
60009 613
60026 605
60042 610
60059 612
60075 612
60091 613
60108 608
60124 605
60140 606
60157 605
60173 612
60190 604
60206 604
60222 604
60239 604
60255 604
60272 599
60288 606
60304 599
60321 596
60337 606
60354 603
60370 600
60386 601
60403 599
60419 600
60436 605
60452 607
60468 599
60485 603
60501 597
60518 605
60534 603
60550 603
60567 600
60583 604
60599 603
60616 602
60632 602
60649 606
60665 600
60681 601
60698 603
60714 606
60731 604
60747 603
60763 602
60780 605
60796 606
60813 599
60829 606
60845 608
60862 605
60878 606
60895 609
60911 609
60927 613
60944 627
60960 611
60977 608
60993 616
61009 612
61026 619
61042 615
61059 618
61075 614
61091 615
61108 617
61124 619
61140 617
61157 619
61173 620
61190 620
61206 618
61222 626
61239 623
61255 624
61272 621
61288 621
61304 626
61321 626
61337 628
61354 628
61370 624
61386 623
61403 620
61419 627
61436 627
61452 631
61468 630
61485 628
61501 636
61518 631
61534 632
61550 632
61567 630
61583 632
61599 637
61616 627
61632 629
61649 628
61665 631
61681 631
61698 629
61714 627
61731 633
61747 628
61763 628
61780 630
61796 629
61813 631
61829 626
61845 627
61862 627
61878 626
61895 628
61911 624
61927 641
61944 625
61960 624
61977 622
61993 624
62009 628
62026 610
62042 627
62059 626
62075 627
62091 622
62108 624
62124 623
62140 619
62157 620
62173 626
62190 624
62206 615
62222 619
62239 614
62255 612
62272 615
62288 615
62304 611
62321 609
62337 613
62354 613
62370 610
62386 608
62403 614
62419 609
62436 608
62452 609
62468 610
62485 612
62501 602
62518 605
62534 607
62550 606
62567 601
62583 604
62599 605
62616 603
62632 598
62649 601
62665 606
62681 603
62698 600
62714 601
62731 601
62747 603
62763 603
62780 603
62796 603
62813 593
62829 600
62845 604
62862 601
62878 600
62895 602
62911 603
62927 602
62944 605
62960 606
62977 600
62993 601
63009 605
63026 604
63042 604
63059 608
63075 608
63091 609
63108 602
63124 608
63140 605
63157 606
63173 607
63190 606
63206 610
63222 606
63239 616
63255 616
63272 610
63288 613
63304 607
63321 615
63337 608
63354 614
63370 615
63386 617
63403 614
63419 619
63436 623
63452 619
63468 610
63485 618
63501 621
63518 621
63534 618
63550 617
63567 619
63583 619
63599 620
63616 618
63632 623
63649 620
63665 622
63681 621
63698 620
63714 620
63731 624
63747 628
63763 625
63780 627
63796 625
63813 619
63829 622
63845 626
63862 628
63878 625
63895 624
63911 624
63927 629
63944 622
63960 629
63977 597
63993 622
64009 623
64026 578
64042 629
64059 629
64075 625
64091 629
64108 626
64124 627
64140 623
64157 619
64173 620
64190 622
64206 624
64222 626
64239 624
64255 622
64272 623
64288 621
64304 622
64321 625
64337 623
64354 620
64370 618
64386 625
64403 625
64419 622
64436 619
64452 618
64468 622
64485 620
64501 606
64518 621
64534 615
64550 617
64567 613
64583 621
64599 615
64616 613
64632 613
64649 613
64665 612
64681 619
64698 616
64714 612
64731 614
64747 615
64763 609
64780 595
64796 613
64813 612
64829 611
64845 610
64862 607
64878 611
64895 609
64911 607
64927 607
64944 610
64960 608
64977 607
64993 610
65009 604
65026 610
65042 607
65059 605
65075 603
65091 603
65108 608
65124 605
65140 609
65157 602
65173 610
65190 607
65206 609
65222 651
65239 607
65255 603
65272 602
65288 608
65304 609
65321 601
65337 606
65354 622
65370 608
65386 604
65403 606
65419 607
65436 606
65452 605
65468 607
65485 607
65501 625
65518 611
65534 608
65550 608
65567 608
65583 611
65599 613
65616 611
65632 610
65649 611
65665 609
65681 604
65698 612
65714 615
65731 612
65747 620
65763 616
65780 617
65796 613
65813 615
65829 619
65845 614
65862 618
65878 614
65895 619
65911 623
65927 621
65944 623
65960 625
65977 623
65993 617
66009 619
66026 621
66042 620
66059 622
66075 624
66091 624
66108 614
66124 622
66140 625
66157 623
66173 620
66190 623
66206 630
66222 625
66239 621
66255 621
66272 623
66288 623
66304 627
66321 626
66337 625
66354 624
66370 626
66386 620
66403 623
66419 625
66436 623
66452 622
66468 624
66485 626
66501 628
66518 625
66534 622
66550 626
66567 623
66583 622
66599 622
66616 626
66632 627
66649 628
66665 619
66681 620
66698 623
66714 618
66731 617
66747 619
66763 616
66780 626
66796 616
66813 609
66829 622
66845 619
66862 618
66878 617
66895 620
66911 617
66927 577
66944 621
66960 618
66977 593
66993 615
67009 607
67026 616
67042 611
67059 615
67075 617
67091 613
67108 613
67124 615
67140 607
67157 612
67173 607
67190 612
