2 0
55 451
71 430
88 388
104 359
121 326
137 290
153 260
170 230
186 198
203 174
219 144
235 122
252 101
268 83
285 65
301 47
317 37
334 27
350 19
366 16
383 17
399 0
416 11
432 18
448 27
465 39
481 45
498 65
514 77
530 92
547 109
563 141
580 161
596 190
612 220
629 249
645 278
662 310
678 338
694 378
711 412
727 450
744 487
760 526
776 572
793 602
810 643
827 685
843 712
859 752
876 803
892 820
909 854
925 889
941 919
958 950
974 977
991 1006
1007 1033
1023 1056
1040 1076
1056 1098
1073 1110
1089 1137
1105 1146
1122 1156
1138 1166
1155 1175
1171 1174
1187 1179
1204 1187
1220 1181
1237 1173
1253 1166
1269 1145
1286 1143
1302 1132
1318 1114
1335 1098
1351 1078
1368 1053
1384 1037
1400 1012
1417 986
1433 958
1450 927
1466 894
1482 865
1499 830
1515 796
1532 762
1548 728
1564 693
1581 660
1597 624
1614 594
1630 551
1646 517
1663 483
1679 456
1696 419
1712 385
1728 355
1745 327
1761 296
1777 267
1795 244
1811 207
1828 194
1844 174
1861 160
1877 141
1893 123
1910 115
1926 108
1943 93
1959 92
1975 85
1992 89
2008 82
2024 85
2041 92
2057 99
2074 125
2090 117
2106 127
2123 144
2139 170
2156 181
2172 199
2188 225
2205 246
2221 273
2238 308
2254 334
2270 349
2287 384
2303 419
2320 452
2336 481
2352 513
2369 545
2385 585
2402 615
2418 650
2434 682
2451 665
2467 745
2483 777
2500 808
2516 838
2533 866
2549 896
2565 925
2582 951
2598 971
2615 990
2631 1012
2647 1034
2664 1045
2680 1066
2697 1078
2713 1089
2729 1098
2746 1106
2762 1111
2779 1109
2796 1116
2813 1133
2829 1110
2845 1107
2862 1112
2878 1090
2894 1079
2911 1069
2927 1055
2944 1035
2960 1015
2976 999
2993 975
3009 949
3026 928
3042 906
3058 879
3075 853
3091 824
3108 794
3124 761
3140 728
3157 704
3173 670
3190 637
3206 606
3222 577
3239 549
3255 516
3272 489
3288 456
3304 429
3321 400
3337 379
3353 347
3370 315
3386 300
3403 279
3419 255
3435 236
3452 218
3468 207
3485 197
3501 177
3517 168
3534 160
3550 151
3567 150
3583 147
3599 144
3616 143
3632 151
3649 153
3665 159
3681 169
3698 186
3714 191
3731 208
3747 204
3763 235
3780 257
3797 278
3814 298
3830 319
3846 344
3863 373
3879 400
3896 420
3912 451
3928 456
3945 506
3961 537
3978 570
3994 594
4010 622
4027 654
4043 684
4060 690
4076 736
4092 770
4109 791
4125 817
4142 842
4158 869
4174 893
4191 913
4207 935
4223 958
4240 972
4256 985
4273 1004
4289 1014
4305 1027
4322 1040
4338 1047
4355 1047
4371 1058
4387 1059
4404 1056
4420 1054
4437 1057
4453 1047
4469 1041
4486 1033
4502 1019
4519 1011
4535 1000
4551 983
4568 969
4584 951
4601 931
4617 914
4633 906
4650 863
4666 843
4682 824
4699 794
4715 769
4732 735
4748 716
4764 689
4781 662
4798 631
4815 602
4831 574
4848 552
4864 523
4880 495
4897 472
4913 445
4930 423
4946 389
4962 375
4979 353
4995 332
5012 312
5028 296
5044 281
5061 266
5077 252
5093 238
5110 223
5126 218
5143 209
5159 202
5175 195
5192 203
5208 200
5225 195
5241 206
5257 205
5274 212
5290 222
5307 230
5323 242
5339 259
5356 273
5372 286
5389 303
5405 321
5421 340
5438 363
5454 380
5471 405
5487 425
5503 450
5520 470
5536 506
5552 523
5569 551
5585 578
5602 606
5618 627
5634 659
5651 680
5667 699
5684 734
5700 754
5716 783
5733 801
5749 823
5766 846
5782 867
5800 885
5816 904
5832 922
5849 934
5865 947
5882 960
5898 972
5914 986
5931 987
5947 997
5963 1003
5980 1006
5996 1004
6013 1004
6029 1004
6045 1017
6062 996
6078 989
6095 979
6111 970
6127 964
6144 951
6160 941
6177 927
6193 904
6209 884
6226 869
6242 852
6259 829
6275 812
6291 787
6308 761
6324 745
6341 719
6357 695
6373 692
6390 642
6406 620
6422 597
6439 568
6455 543
6472 521
6488 500
6504 495
6521 457
6537 436
6554 417
6570 398
6586 376
6603 356
6619 343
6636 334
6652 310
6668 301
6685 293
6701 280
6718 270
6734 261
6750 252
6767 250
6783 248
6801 247
6817 247
6833 248
6850 254
6866 260
6883 260
6899 267
6915 282
6932 293
6948 307
6965 316
6981 332
6997 341
7014 363
7030 378
7047 392
7063 412
7079 450
7096 459
7112 477
7129 499
7145 541
7161 540
7178 570
7194 593
7211 613
7227 638
7243 649
7260 688
7276 706
7292 717
7309 749
7325 768
7342 792
7358 809
7374 830
7391 841
7407 860
7424 874
7440 889
7456 898
7473 913
7489 929
7506 935
7522 943
7538 949
7555 953
7571 934
7588 960
7604 963
7620 969
7637 962
7653 957
7670 965
7686 945
7702 937
7719 930
7735 919
7751 910
7768 895
7784 880
7802 870
7818 854
7835 833
7851 821
7867 799
7884 778
7900 760
7917 743
7933 716
7949 698
7966 674
7982 659
7999 634
8015 612
8031 587
8048 564
8064 546
8081 527
8097 505
8113 488
8130 468
8146 450
8162 430
8179 411
8195 398
8212 379
8228 368
8244 376
8261 346
8277 328
8294 318
8310 312
8326 308
8343 300
8359 293
8376 291
8392 286
8408 287
8425 283
8441 291
8458 285
8474 299
8490 305
8507 312
8523 320
8540 330
8556 336
8572 350
8589 368
8605 374
8621 393
8638 410
8654 427
8671 445
8687 463
8703 478
8720 499
8736 513
8753 535
8769 559
8785 578
8803 602
8819 623
8836 639
8852 662
8869 679
8885 700
8901 723
8918 738
8934 757
8951 774
8967 788
8983 808
9000 821
9016 834
9032 850
9049 860
9065 871
9082 882
9098 892
9114 900
9131 904
9147 912
9164 916
9180 920
9196 923
9213 923
9229 923
9246 917
9262 917
9278 912
9295 904
9311 900
9328 891
9344 885
9360 870
9377 859
9393 846
9410 830
9426 816
9442 805
9459 791
9475 775
9491 759
9508 742
9524 721
9541 700
9557 686
9573 666
9590 646
9606 628
9623 604
9639 588
9655 568
9672 551
9688 533
9705 512
9721 490
9737 479
9754 463
9770 446
9787 431
9804 412
9821 405
9837 387
9853 382
9870 365
9886 357
9902 349
9919 345
9935 335
9952 329
9968 325
9984 327
10001 327
10017 323
10034 318
10050 326
10066 331
10083 335
10099 342
10116 348
10132 345
10148 365
10165 377
10181 379
10198 401
10214 411
10230 421
10247 439
10263 450
10280 472
10296 488
10312 501
10329 520
10345 547
10361 554
10378 574
10394 580
10411 609
10427 625
10443 605
10460 661
10476 678
10493 701
10509 715
10525 732
10542 749
10558 760
10575 781
10591 793
10607 803
10624 824
10640 830
10657 841
10673 850
10689 856
10706 867
10722 874
10739 878
10755 884
10771 880
10788 889
10805 890
10822 887
10838 890
10854 876
10871 883
10887 875
10904 879
10920 866
10936 858
10953 849
10969 839
10986 812
11002 812
11018 803
11035 791
11051 780
11067 762
11084 752
11100 736
11117 718
11133 700
11149 686
11166 671
11182 648
11199 634
11215 618
11231 602
11248 584
11264 565
11281 549
11297 533
11313 517
11330 499
11346 487
11363 473
11379 458
11395 440
11412 433
11428 420
11445 406
11461 397
11477 384
11494 380
11510 370
11526 369
11543 361
11559 357
11576 353
11592 355
11608 345
11625 348
11641 351
11658 356
11674 362
11690 361
11707 367
11723 372
11740 381
11756 400
11772 400
11789 412
11806 418
11823 436
11839 449
11856 465
11872 472
11888 490
11905 504
11921 523
11937 529
11954 550
11970 566
11987 574
12003 596
12019 612
12036 631
12052 644
12069 658
12085 676
12101 695
12118 708
12134 726
12151 740
12167 750
12183 761
12200 773
12216 788
12233 801
12249 811
12265 816
12282 825
12298 835
12315 838
12331 844
12347 851
12364 852
12380 855
12396 863
12413 861
12429 857
12446 857
12462 854
12478 852
12495 847
12511 845
12528 837
12544 817
12560 820
12577 813
12593 806
12610 794
12626 776
12642 775
12659 756
12675 744
12692 733
12708 722
12724 699
12741 686
12757 675
12774 661
12790 644
12806 630
12823 610
12839 596
12856 581
12872 571
12888 554
12905 542
12921 522
12937 511
12954 494
12970 484
12987 469
13003 463
13019 453
13036 439
13052 376
13069 421
13085 411
13101 407
13118 402
13134 398
13151 388
13167 385
13183 379
13200 381
13216 386
13233 382
13249 383
13265 387
13282 384
13298 391
13315 396
13331 401
13347 404
13364 415
13380 427
13396 435
13413 453
13429 452
13446 465
13462 486
13478 492
13495 503
13511 516
13528 535
13544 545
13560 562
13577 575
13593 586
13610 605
13626 618
13642 635
13659 658
13675 656
13692 672
13708 689
13724 702
13741 716
13757 729
13774 740
13790 759
13806 759
13823 773
13839 781
13856 788
13872 799
13888 809
13905 813
13921 818
13938 825
13954 830
13970 832
13987 834
14003 841
14020 835
14036 832
14052 821
14069 830
14085 834
14102 833
14118 820
14134 816
14151 804
14167 803
14183 793
14200 782
14216 774
14233 765
14249 757
14265 744
14282 730
14298 715
14315 706
14331 687
14347 680
14364 665
14380 654
14397 634
14413 627
14429 610
14446 595
14462 578
14479 569
14495 553
14511 540
14528 528
14544 493
14561 500
14577 491
14593 478
14610 475
14626 464
14642 452
14659 442
14675 443
14692 426
14708 424
14724 417
14741 414
14757 410
14774 406
14790 400
14806 399
14823 399
14839 407
14856 403
14872 403
14888 407
14905 411
14921 418
14938 423
14954 429
14970 434
14987 444
15003 448
15020 456
15036 471
15052 478
15069 506
15085 506
15102 519
15118 526
15134 541
15151 553
15167 567
15183 579
15200 594
15216 606
15233 619
15249 638
15265 650
15282 654
15298 671
15315 685
15331 693
15347 697
15364 719
15380 730
15397 742
15413 751
15429 757
15446 765
15462 775
15479 785
15495 787
15511 797
15528 805
15544 804
15561 812
15577 815
15593 812
15610 813
15626 813
15642 814
15659 819
15675 812
15692 804
15708 800
15724 801
15741 793
15757 786
15774 783
15790 775
15806 763
15823 758
15839 750
15856 736
15872 735
15888 717
15905 705
15921 695
15938 682
15954 668
15970 659
15987 649
16003 632
16020 619
16036 606
16052 607
16069 581
16085 571
16102 555
16118 551
16134 533
16151 528
16167 513
16184 503
16200 492
16216 489
16233 477
16249 465
16265 459
16282 455
16298 447
16315 442
16331 436
16347 425
16364 429
16380 424
16397 429
16413 425
16429 427
16446 432
16462 423
16479 428
16495 429
16511 442
16528 441
16544 444
16561 451
16577 463
16593 467
16610 474
16626 472
16643 491
16659 497
16675 459
16692 518
16708 531
16724 541
16741 555
16757 566
16774 580
16790 587
16807 598
16823 616
16839 624
16856 636
16872 648
16889 657
16905 670
16921 679
16938 690
16954 701
16971 711
16987 722
17003 731
17020 738
17036 742
17052 752
17069 765
17085 764
17102 773
17118 779
17134 783
17151 794
17167 795
17184 791
17200 797
17216 792
17233 795
17249 795
17266 792
17282 788
17298 785
17315 782
17331 776
17348 771
17364 771
17380 760
17397 753
17413 749
17430 741
17446 733
17462 718
17479 718
17495 720
17511 691
17528 684
17544 673
17561 663
17577 651
17593 643
17610 627
17626 616
17643 603
17659 594
17675 582
17692 578
17708 559
17725 551
17741 537
17757 529
17774 522
17790 515
17807 508
17823 496
17839 484
17856 478
17872 475
17889 472
17905 461
17921 458
17938 457
17954 452
17970 447
17987 446
18003 449
18020 441
18036 444
18052 444
18069 447
18085 469
18102 454
18118 456
18134 456
18151 467
18167 467
18184 476
18200 481
18216 491
18233 498
18249 504
18266 515
18282 522
18298 529
18315 540
18331 551
18348 558
18364 575
18380 584
18397 593
18413 599
18429 612
18446 625
18462 636
18479 647
18495 655
18511 663
18528 676
18544 685
18561 695
18577 707
18593 716
18610 721
18626 728
18643 736
18659 733
18675 747
18692 754
18708 762
18725 762
18741 782
18757 767
18774 774
18790 778
18807 778
18823 782
18839 782
18856 779
18872 771
18889 772
18905 770
18921 767
18938 758
18954 755
18971 751
18987 746
19003 740
19020 733
19036 726
19053 719
19069 690
19085 703
19102 694
19118 689
19135 677
19151 658
19167 674
19184 640
19200 635
19216 620
19233 618
19249 603
19266 596
19282 588
19298 574
19315 564
19331 557
19348 545
19364 537
19380 530
19397 522
19413 514
19430 509
19446 498
19462 492
19479 489
19495 478
19512 478
19528 474
19544 470
19561 469
19577 467
19594 464
19610 463
19626 464
19643 459
19659 461
19675 466
19692 467
19708 470
19725 473
19741 474
19757 485
19774 488
19790 490
19807 500
19823 503
19839 514
19856 522
19872 529
19889 534
19905 543
19921 556
19938 564
19954 588
19971 582
19987 593
20003 600
20020 605
20036 618
20053 624
20069 635
20085 644
20102 661
20118 657
20135 669
20151 678
20167 690
20184 697
20200 705
20216 710
20233 719
20249 725
20266 733
20282 736
20298 744
20315 750
20331 749
20348 751
20364 754
20380 759
20397 759
20413 758
20430 755
20446 759
20462 758
20479 757
20495 755
20512 749
20528 751
20544 743
20561 739
20577 733
20594 728
20610 724
20626 717
20643 712
20659 677
20675 690
20692 685
20708 681
20725 671
20741 673
20757 653
20774 646
20790 640
20807 625
20823 617
20839 611
20856 601
20872 590
20889 581
20905 574
20921 566
20938 557
20954 551
20971 544
20987 536
21003 531
21020 521
21036 512
21053 510
21069 502
21085 495
21102 492
21118 491
21135 489
21151 488
21167 485
21184 483
21200 480
21216 483
21233 481
21249 482
21266 480
21282 485
21298 480
21315 490
21331 489
21348 499
21364 497
21380 504
21397 508
21413 513
21430 526
21446 532
21462 534
21479 544
21495 551
21512 555
21528 564
21544 570
21561 582
21577 590
21594 597
21610 606
21626 617
21643 624
21659 638
21675 642
21692 649
21708 654
21725 665
21741 674
21757 677
21774 691
21790 695
21807 700
21823 711
21839 718
21856 717
21872 724
21889 727
21905 731
21921 739
21938 740
21954 741
21971 742
21987 742
22003 744
22020 760
22036 742
22053 745
22069 733
22085 738
22102 736
22118 741
22135 735
22151 729
22167 724
22184 719
22200 713
22216 709
22233 702
22249 698
22266 689
22282 687
22298 679
22315 667
22331 663
22348 657
22364 646
22380 637
22397 629
22413 622
22430 614
22446 605
22462 602
22479 593
22495 581
22512 576
22528 573
22544 560
22561 557
22577 547
22594 541
22610 531
22626 529
22643 526
22659 509
22675 516
22692 514
22708 503
22725 500
22741 517
22757 501
22774 495
22790 494
22807 493
22823 495
22839 496
22856 496
22872 501
22889 495
22905 498
22921 500
22938 509
22954 509
22971 507
22987 515
23003 522
23020 528
23036 534
23053 537
23069 545
23085 548
23102 560
23118 566
23135 573
23151 579
23167 587
23184 598
23200 600
23216 610
23233 616
23249 624
23266 632
23282 640
23298 650
23315 657
23331 661
23348 668
23364 681
23380 681
23397 666
23413 689
23430 699
23446 722
23462 713
23479 713
23495 738
23512 715
23528 719
23544 726
23561 729
23577 726
23594 731
23610 731
23626 729
23643 727
23659 734
23675 724
23692 722
23708 721
23725 717
23741 717
23757 712
23774 713
23790 697
23807 699
23823 696
23839 691
23856 687
23872 681
23889 669
23905 669
23921 632
23938 651
23954 644
23971 628
23987 630
24003 620
24020 615
24036 605
24053 599
24069 593
24085 585
24102 579
24118 570
24135 565
24151 557
24167 554
24184 547
24200 540
24216 536
24233 541
24249 528
24266 528
24282 519
24298 517
24315 516
24331 513
24348 514
24364 509
24380 504
24397 506
24413 506
24430 506
24446 508
24462 509
24479 512
24495 512
24512 514
24528 511
24544 517
24561 524
24577 528
24594 535
24610 539
24626 541
24643 547
24659 548
24675 560
24692 567
24708 585
24725 577
24741 583
24757 597
24774 595
24790 602
24807 612
24823 619
24839 627
24856 633
24872 637
24889 646
24905 653
24921 663
24938 663
24954 676
24971 674
24987 680
25003 688
25020 694
25036 700
25053 698
25069 701
25085 708
25102 709
25118 709
25135 717
25151 710
25167 718
25184 720
25200 720
25216 717
25233 720
25249 718
25266 714
25282 717
25298 714
25315 710
25331 703
25348 706
25364 696
25380 698
25397 694
25413 683
25430 677
25446 676
25462 675
25479 664
25495 662
25512 656
25528 646
25544 642
25561 634
25577 628
25594 620
25610 615
25626 610
25643 602
25659 599
25675 589
25692 584
25708 581
25725 571
25741 569
25757 560
25774 559
25790 548
25807 529
25823 542
25839 539
25856 534
25872 528
25889 532
25905 521
25921 522
25938 523
25954 518
25971 519
25987 517
26003 520
26020 521
26036 518
26053 514
26069 517
26085 519
26102 526
26118 523
26135 535
26151 532
26167 534
26184 539
26200 549
26216 548
26233 551
26249 559
26266 564
26282 567
26298 571
26315 578
26331 584
26348 589
26364 596
26380 605
26397 609
26413 615
26430 621
26446 631
26462 633
26479 641
26495 644
26512 654
26528 657
26544 680
26561 668
26577 668
26594 687
26610 682
26626 687
26643 686
26659 694
26675 699
26692 701
26708 702
26725 703
26741 705
26757 705
26774 707
26790 705
26807 708
26823 703
26839 708
26856 706
26872 703
26889 704
26905 698
26921 701
26938 694
26954 694
26971 689
26987 687
27003 682
27020 675
27036 664
27053 661
27069 664
27085 662
27102 654
27118 647
27135 640
27151 637
27167 626
27184 622
27200 619
27216 611
27233 606
27249 598
27266 591
27282 591
27298 580
27315 580
27331 574
27348 586
27364 562
27380 565
27397 559
27413 548
27430 547
27446 538
27462 545
27479 543
27495 536
27512 532
27528 511
27544 534
27561 528
27577 531
27594 526
27610 531
27626 530
27643 533
27659 537
27675 530
27692 532
27708 531
27725 538
27741 516
27757 544
27774 544
27790 541
27807 550
27823 560
27839 562
27856 567
27872 571
27889 579
27905 581
27921 585
27938 593
27954 595
27971 603
27987 609
28003 612
28020 615
28036 626
28053 632
28069 641
28085 645
28102 636
28118 646
28135 656
28151 660
28167 664
28184 670
28200 674
28216 678
28233 687
28249 687
28266 685
28282 687
28298 691
28315 693
28331 696
28348 696
28364 694
28380 694
28397 702
28413 695
28430 699
28446 696
28462 696
28479 690
28495 694
28512 689
28528 685
28544 680
28561 682
28577 676
28594 668
28610 672
28626 666
28643 660
28659 655
28675 656
28692 642
28708 643
28725 636
28741 634
28757 628
28774 623
28790 611
28807 612
28823 605
28839 606
28856 601
28872 591
28889 589
28905 582
28921 580
28938 575
28954 571
28971 567
28987 559
29003 558
29020 555
29036 552
29053 549
29069 541
29085 546
29102 535
29118 539
29135 538
29151 540
29167 540
29184 536
29200 538
29216 540
29233 534
29249 539
29266 540
29282 542
29298 540
29315 543
29331 547
29348 542
29364 552
29380 555
29397 563
29413 561
29430 565
29446 571
29462 570
29479 573
29495 585
29512 588
29528 583
29544 593
29561 601
29577 610
29594 612
29610 616
29626 619
29643 628
29659 633
29675 632
29692 637
29708 643
29725 649
29741 642
29757 661
29774 656
29790 666
29807 669
29823 668
29839 677
29856 676
29872 682
29889 678
29905 685
29921 681
29938 686
29954 690
29971 687
29987 688
30003 691
30020 686
30036 687
30053 685
30069 681
30085 685
30102 681
30118 682
30135 675
30151 673
30167 676
30184 670
30200 666
30216 667
30233 661
30249 650
30266 657
30282 647
30298 645
30315 643
30331 638
30348 631
30364 623
30380 622
30397 617
30413 613
30430 609
30446 597
30462 594
30479 594
30495 591
30512 585
30528 583
30544 577
30561 579
30577 573
30594 570
30610 562
30626 563
30643 558
30659 556
30675 559
30692 555
30708 550
30725 552
30741 553
30757 548
30774 544
30790 548
30807 545
30823 551
30839 554
30856 545
30872 551
30889 551
30905 549
30921 552
30938 559
30954 557
30971 563
30987 567
31003 568
31020 588
31036 577
31053 577
31069 583
31085 580
31102 591
31118 603
31135 599
31151 601
31167 613
31184 611
31200 612
31216 617
31233 622
31249 631
31266 630
31282 633
31298 642
31315 646
31331 648
31348 642
31364 657
31380 655
31397 661
31413 661
31430 662
31446 667
31462 665
31479 666
31495 670
31512 679
31528 678
31544 674
31561 672
31577 674
31594 672
31610 678
31626 673
31643 676
31659 656
31675 672
31692 671
31708 663
31725 665
31741 679
31757 661
31774 659
31790 656
31807 654
31823 649
31839 650
31856 647
31872 647
31889 641
31905 640
31921 634
31938 626
31954 617
31971 621
31987 617
32003 612
32020 608
32036 606
32053 614
32069 597
32085 595
32102 589
32118 586
32135 582
32151 578
32167 578
32184 574
32200 569
32216 569
32233 568
32249 566
32266 561
32282 559
32298 554
32315 559
32331 558
32348 558
32364 559
32380 555
32397 561
32413 553
32430 557
32446 556
32462 556
32479 558
32495 560
32512 567
32528 568
32544 564
32561 568
32577 573
32594 577
32610 570
32626 578
32643 581
32659 591
32675 588
32692 593
32708 591
32725 603
32741 604
32757 605
32774 610
32790 611
32807 613
32823 620
32839 625
32856 625
32872 632
32889 633
32905 637
32921 640
32938 648
32954 647
32971 651
32987 651
33003 657
33020 660
33036 667
33053 663
33069 660
33085 665
33102 681
33118 671
33135 670
33151 659
33167 667
33184 669
33200 669
33216 671
33233 672
33249 667
33266 663
33282 660
33298 666
33315 662
33331 661
33348 660
33364 653
33380 653
33397 648
33413 649
33430 648
33446 633
33462 637
33479 633
33495 631
33512 627
33528 632
33544 624
33561 623
33577 619
33594 619
33610 609
