2 0
55 459
71 426
88 406
104 373
120 340
137 310
153 280
170 260
186 220
202 200
219 179
235 150
252 130
268 111
284 92
301 81
317 72
333 42
350 54
366 47
383 44
400 46
417 48
433 58
449 58
466 66
482 79
499 92
515 112
531 126
548 148
564 169
581 187
597 216
613 239
630 270
646 298
663 333
679 362
695 412
712 424
728 463
744 500
761 533
777 568
794 603
810 641
826 673
843 711
859 744
876 775
892 805
908 810
925 870
941 901
958 931
974 959
990 982
1007 1006
1023 1031
1040 1053
1056 1071
1072 1086
1089 1063
1105 1116
1122 1128
1138 1132
1154 1138
1171 1145
1187 1147
1203 1146
1220 1147
1236 1140
1253 1130
1269 1123
1285 1107
1302 1098
1318 1083
1335 1068
1351 1051
1367 1028
1384 986
1401 984
1418 961
1434 929
1451 901
1467 872
1483 843
1500 811
1516 781
1533 745
1549 712
1565 652
1582 645
1598 613
1614 580
1631 550
1647 514
1664 486
1680 451
1696 452
1713 392
1729 361
1746 336
1762 307
1778 285
1795 256
1811 239
1828 218
1844 196
1860 182
1877 164
1893 149
1910 135
1926 132
1942 123
1959 117
1975 117
1992 110
2008 117
2024 113
2041 123
2057 125
2073 134
2090 144
2106 158
2123 176
2139 191
2155 208
2172 226
2188 250
2205 271
2221 299
2237 323
2254 344
2270 379
2287 403
2303 434
2319 460
2336 493
2352 524
2369 556
2385 584
2403 621
2419 651
2435 683
2452 713
2468 743
2484 773
2501 801
2517 829
2534 858
2550 879
2566 904
2583 947
2599 955
2616 973
2632 995
2648 1008
2665 1026
2681 1037
2698 1053
2714 1064
2730 1069
2747 1079
2763 1080
2780 1085
2796 1088
2812 1082
2829 1083
2845 1077
2862 1066
2878 1065
2894 1052
2911 1034
2927 1025
2943 1012
2960 994
2976 975
2993 953
3009 927
3025 904
3042 881
3058 856
3075 827
3091 806
3107 778
3124 750
3140 721
3157 694
3173 663
3189 630
3206 605
3222 574
3239 547
3255 514
3271 487
3288 467
3304 436
3321 407
3337 379
3353 358
3370 338
3386 314
3404 293
3420 270
3436 266
3453 234
3469 223
3486 215
3502 199
3518 190
3535 182
3551 175
3568 171
3584 175
3600 171
3617 173
3633 176
3650 180
3666 183
3682 194
3699 204
3715 216
3731 230
3748 250
3764 264
3781 278
3797 297
3813 322
3830 346
3846 361
3863 388
3879 413
3895 434
3912 466
3928 491
3945 523
3961 547
3977 570
3994 600
4010 628
4027 654
4043 683
4059 710
4076 734
4092 763
4109 786
4125 809
4141 827
4158 856
4174 878
4190 896
4207 918
4223 934
4240 953
4256 970
4272 983
4289 995
4305 1000
4322 1012
4338 1018
4354 1024
4371 1032
4387 1031
4404 1034
4421 1025
4437 1025
4453 1020
4470 1012
4486 1002
4503 995
4519 987
4535 969
4552 951
4568 942
4585 926
4601 904
4617 884
4634 866
4650 843
4667 820
4683 802
4699 777
4716 746
4732 709
4748 702
4765 676
4781 646
4798 615
4814 594
4830 562
4847 539
4863 518
4880 496
4896 469
4912 445
4929 418
4945 405
4962 380
4978 359
4994 343
5011 325
5027 307
5044 289
5060 275
5076 264
5093 258
5109 244
5126 235
5142 230
5158 193
5175 224
5191 226
5207 237
5224 221
5240 226
5257 233
5273 240
5289 248
5306 258
5322 266
5339 278
5355 291
5371 306
5388 320
5404 343
5421 363
5437 381
5454 400
5470 422
5486 442
5503 463
5519 489
5535 515
5552 533
5568 560
5585 583
5601 610
5617 657
5634 660
5650 686
5667 708
5683 726
5699 752
5716 774
5732 795
5749 805
5765 838
5781 855
5798 873
5814 889
5831 906
5847 914
5863 933
5880 943
5896 952
5913 964
5929 969
5945 975
5962 981
5978 982
5994 985
6011 988
6027 982
6044 975
6060 969
6076 969
6093 959
6109 950
6126 938
6142 928
6158 912
6175 891
6191 889
6208 872
6224 854
6240 833
6257 817
6273 791
6290 771
6306 753
6322 732
6339 707
6355 683
6372 661
6388 635
6404 615
6421 592
6437 571
6454 546
6470 525
6486 506
6503 480
6519 459
6535 440
6552 421
6568 399
6585 386
6601 369
6617 356
6634 337
6650 325
6667 312
6683 303
6699 291
6716 275
6732 280
6749 273
6765 263
6781 268
6798 267
6814 268
6831 269
6847 275
6863 275
6880 282
6896 293
6913 294
6929 308
6945 321
6962 326
6978 344
6994 356
7011 373
7027 392
7044 414
7060 425
7076 447
7093 463
7109 484
7126 502
7142 529
7158 551
7175 569
7191 588
7208 617
7224 633
7240 630
7257 679
7273 704
7290 722
7306 739
7322 757
7339 779
7355 796
7372 808
7388 832
7404 845
7421 859
7437 875
7454 888
7470 895
7486 905
7503 917
7519 921
7536 926
7552 937
7568 940
7585 953
7601 941
7618 941
7634 935
7650 933
7667 934
7683 931
7700 918
7716 909
7732 897
7749 887
7765 876
7781 860
7798 853
7814 836
7831 818
7847 803
7863 784
7880 768
7896 750
7913 733
7929 712
7945 695
7962 674
7978 655
7995 629
8011 612
8027 590
8044 569
8060 548
8077 534
8093 511
8109 494
8126 476
8142 455
8159 445
8175 423
8191 410
8208 394
8224 383
8240 369
8257 354
8273 350
8290 341
8306 328
8322 324
8339 316
8355 309
8372 310
8388 308
8404 308
8421 309
8437 309
8454 309
8470 319
8486 326
8503 332
8519 339
8536 344
8552 354
8568 370
8585 376
8601 395
8618 408
8634 422
8650 433
8667 455
8683 471
8700 489
8716 502
8732 524
8749 540
8765 562
8781 581
8798 606
8814 620
8831 633
8847 654
8863 676
8880 692
8896 712
8913 727
8929 748
8945 764
8962 771
8978 798
8995 814
9011 822
9027 834
9044 846
9060 858
9077 872
9093 878
9109 886
9126 891
9142 893
9159 897
9175 902
9191 904
9208 903
9224 904
9240 900
9257 896
9273 893
9290 894
9306 884
9322 873
9339 864
9355 857
9372 846
9388 838
9404 822
9421 808
9437 792
9454 786
9470 770
9486 746
9503 734
9519 716
9536 699
9552 680
9568 664
9585 644
9601 627
9618 609
9634 594
9650 574
9667 555
9683 535
9700 521
9716 505
9732 494
9749 471
9765 458
9782 490
9798 430
9814 420
9831 407
9847 392
9863 380
9880 376
9896 366
9913 360
9929 354
9945 352
9962 344
9978 344
9995 340
10011 339
10027 338
10044 340
10060 345
10077 352
10093 333
10109 361
10126 368
10142 369
10159 386
10175 396
10191 406
10208 413
10224 428
10241 438
10257 453
10273 469
10290 488
10306 500
10322 515
10339 533
10355 552
10372 564
10388 584
10405 600
10421 621
10437 634
10454 649
10470 671
10487 694
10503 700
10519 716
10536 731
10552 748
10569 756
10585 770
10601 787
10618 787
10634 807
10650 820
10667 830
10683 841
10700 842
10716 852
10732 859
10749 863
10765 866
10782 871
10798 873
10814 872
10831 872
10847 866
10864 865
10880 863
10896 859
10913 851
10929 844
10946 837
10962 831
10978 819
10995 805
11011 823
11028 790
11044 773
11060 762
11077 748
11093 736
11109 717
11126 703
11142 691
11159 673
11175 657
11191 640
11208 622
11224 605
11241 590
11257 575
11273 563
11290 546
11306 530
11323 514
11339 502
11355 486
11372 473
11388 464
11405 449
11421 441
11437 428
11454 420
11470 408
11487 405
11503 394
11519 396
11536 385
11552 377
11568 370
11585 370
11601 372
11618 376
11634 371
11650 374
11667 381
11683 382
11700 385
11716 389
11732 395
11749 404
11765 409
11782 416
11798 429
11814 441
11831 458
11847 463
11864 475
11880 492
11896 500
11913 517
11929 527
11946 546
11962 561
11978 576
11995 589
12011 604
12027 619
12044 637
12060 651
12077 663
12093 682
12109 697
12126 708
12142 720
12159 735
12175 746
12191 759
12208 770
12224 780
12241 788
12257 800
12273 808
12290 814
12306 825
12323 824
12339 832
12355 838
12372 843
12388 839
12405 843
12421 842
12437 842
12454 843
12470 836
12487 834
12503 828
12519 824
12536 814
12552 809
12569 807
12585 795
12601 784
12618 775
12634 765
12651 752
12667 746
12683 730
12700 711
12716 705
12733 691
12749 676
12765 660
12782 648
12798 630
12814 620
12831 605
12847 593
12864 577
12880 562
12896 547
12913 538
12929 525
12946 508
12962 495
12978 489
12995 476
13011 475
13028 455
13044 443
13060 439
13077 431
13093 423
13110 417
13126 409
13142 428
13159 404
13175 399
13192 396
13208 397
13224 397
13241 395
13257 399
13273 402
13290 408
13306 411
13323 416
13339 419
13355 429
13372 438
13388 449
13405 454
13421 461
13437 470
13454 482
13470 494
13487 520
13503 520
13519 533
13536 527
13552 552
13569 562
13585 581
13601 594
13618 610
13634 618
13651 634
13667 651
13683 661
13700 675
13716 687
13733 702
13749 709
13765 722
13782 735
13798 745
13814 755
13831 763
13847 769
13864 778
13880 789
13896 794
13913 796
13929 804
13946 807
13962 800
13978 814
13995 819
14011 831
14028 819
14044 820
14060 819
14077 809
14093 807
14110 808
14126 799
14142 795
14159 786
14175 784
14192 772
14208 766
14224 752
14241 750
14257 737
14273 728
14290 714
14306 708
14323 693
14339 684
14355 669
14372 657
14388 644
14405 629
14421 621
14437 602
14454 596
14470 581
14487 568
14503 555
14519 546
14536 520
14552 524
14569 510
14585 501
14601 491
14618 479
14634 467
14651 463
14667 447
14683 452
14700 442
14716 439
14733 435
14749 429
14765 424
14782 427
14798 421
14814 423
14831 418
14847 430
14864 423
14880 425
14896 430
14913 436
14929 439
14946 443
14962 448
14978 455
14995 463
15011 473
15028 476
15044 490
15060 497
15077 511
15093 520
15110 528
15126 543
15142 550
15159 570
15175 577
15192 589
15208 603
15224 606
15241 625
15257 635
15273 644
15290 660
15306 670
15323 680
15339 688
15355 703
15372 714
15388 722
15405 737
15421 741
15437 747
15454 759
15470 763
15487 773
15503 774
15519 782
15536 788
15552 786
15569 789
15585 790
15601 795
15618 799
15634 798
15651 799
15667 792
15683 786
15700 789
15716 785
15733 777
15749 775
15765 766
15782 760
15798 715
15814 746
15831 736
15847 735
15864 719
15880 709
15896 696
15913 687
15929 679
15946 670
15962 657
15978 647
15995 641
16011 625
16028 610
16044 605
16060 590
16077 576
16093 567
16110 560
16126 546
16142 534
16159 529
16175 519
16192 506
16208 499
16224 492
16241 479
16257 476
16273 473
16290 461
16306 456
16323 458
16339 452
16355 447
16372 444
16388 446
16405 444
16421 442
16437 441
16454 446
16470 445
16487 444
16503 449
16519 455
16536 458
16552 461
16569 464
16585 476
16601 480
16618 490
16634 496
16651 507
16667 514
16683 522
16700 535
16716 539
16733 553
16749 562
16765 571
16782 584
16798 597
16814 606
16831 616
16847 627
16864 637
16880 652
16896 659
16913 659
16929 678
16946 689
16962 698
16978 708
16995 716
17011 718
17028 731
17044 758
17060 743
17077 749
17093 758
17110 766
17126 768
17142 772
17159 774
17175 775
17192 779
17208 779
17224 782
17241 781
17257 774
17273 772
17290 774
17306 772
17323 768
17339 763
17355 759
17372 751
17388 750
17405 742
17421 736
17437 724
17454 717
17470 711
17487 704
17503 689
17519 683
17536 674
17552 663
17569 651
17585 641
17601 630
17618 621
17634 613
17651 602
17667 588
17683 585
17700 569
17716 564
17733 553
17749 546
17765 534
17782 528
17798 521
17814 512
17831 501
17847 501
17864 491
17880 491
17896 479
17913 474
17929 470
17946 466
17962 467
17978 464
17995 459
18011 456
18028 460
18044 463
18060 461
18077 458
18093 465
18110 467
18126 473
18142 476
18159 472
18175 484
18192 491
18208 499
18224 503
18241 509
18257 515
18273 523
18290 532
18306 544
18323 552
18339 562
18355 568
18372 581
18388 590
18405 598
18421 609
18437 619
18454 629
18470 635
18487 649
18503 653
18519 664
18536 669
18552 684
18569 688
18585 696
18601 693
18618 713
18634 722
18651 730
18667 733
18683 734
18700 742
18716 746
18733 766
18749 758
18765 755
18782 755
18798 761
18814 758
18831 761
18847 760
18864 761
18880 758
18896 755
18913 753
18929 753
18946 744
18962 744
18978 742
18995 732
19011 726
19028 717
19044 715
19060 709
19077 691
19093 688
19110 681
19126 672
19142 666
19159 653
19175 647
19192 633
19208 629
19224 620
19241 583
19257 595
19273 589
19290 580
19306 569
19323 562
19339 556
19355 546
19372 539
19388 532
19405 524
19421 517
19437 505
19454 504
19470 498
19487 496
19503 488
19519 483
19536 483
19552 480
19569 475
19585 475
19601 471
19618 460
19634 471
19651 472
19667 471
19683 477
19700 482
19716 478
19733 485
19749 490
19765 494
19782 497
19798 509
19814 511
19831 515
19847 520
19864 531
19880 553
19896 543
19913 551
19929 558
19946 572
19962 579
19978 586
19995 593
20011 609
20028 612
20044 623
20060 632
20077 637
20093 645
20110 658
20126 664
20142 671
20159 682
20175 687
20192 694
20208 702
20224 711
20241 713
20257 716
20273 723
20290 735
20306 734
20323 737
20339 747
20355 744
20372 745
20388 751
20405 755
20421 752
20437 749
20454 750
20470 744
20487 748
20503 742
20519 742
20536 736
20552 735
20569 733
20585 724
20601 719
20618 714
20634 707
20651 701
20667 695
20683 685
20700 678
20716 671
20733 658
20749 655
20765 650
20782 612
20798 629
20814 623
20831 616
20847 605
20864 601
20880 583
20896 578
20913 578
20929 565
20946 554
20962 550
20978 534
20995 534
21011 532
21028 524
21044 512
21060 510
21077 507
21093 505
21110 499
21126 496
21142 494
21159 489
21175 487
21192 486
21208 467
21224 485
21241 483
21257 474
21273 485
21290 488
21306 492
21323 494
21339 501
21355 501
21372 504
21388 510
21405 514
21421 524
21437 527
21454 531
21470 537
21487 565
21503 550
21519 561
21536 572
21552 577
21569 583
21585 590
21601 597
21618 605
21634 613
21651 626
21667 636
21683 639
21700 647
21716 653
21733 664
21749 667
21765 676
21782 687
21798 728
21814 693
21831 703
21847 711
21864 707
21880 766
21896 722
21913 725
21929 725
21946 727
21962 731
21978 736
21995 738
22011 733
22028 737
22044 737
22060 736
22077 737
22093 733
22110 733
22126 726
22142 723
22159 723
22175 716
22192 710
22208 710
22224 703
22241 698
22257 692
22273 682
22290 677
22306 670
22323 662
22339 660
22355 649
22372 639
22388 635
22405 628
22421 617
22437 609
22454 600
22470 595
22487 574
22503 580
22519 573
22536 561
22552 561
22569 550
22585 544
22601 538
22618 534
22634 526
22651 523
22667 523
22683 516
22700 514
22716 506
22733 509
22749 505
22765 497
22782 498
22798 498
22814 496
22831 498
22847 497
22864 498
22880 500
22896 501
22913 505
22929 507
22946 510
22962 512
22978 516
22995 525
23011 526
23028 530
23044 537
23060 543
23077 546
23093 551
23110 563
23126 569
23142 576
23159 577
23175 589
23192 591
23208 603
23224 608
23241 614
23257 622
23273 630
23290 639
23306 644
23323 653
23339 661
23355 662
23372 671
23388 677
23405 683
23421 689
23437 693
23454 708
23470 704
23487 707
23503 710
23519 717
23536 720
23552 720
23569 719
23585 723
23601 722
23618 722
23634 731
23651 726
23667 720
23683 722
23700 719
23716 719
23733 711
23749 713
23765 706
23782 710
23798 702
23814 696
23831 692
23847 688
23864 679
23880 675
23896 667
23913 658
23929 658
23946 649
23962 644
23978 635
23995 628
24011 622
24028 617
24044 607
24060 605
24077 602
24093 590
24110 582
24126 575
24142 568
24159 559
24175 557
24192 550
24208 546
24224 541
24241 536
24257 531
24273 524
24290 524
24306 518
24323 516
24339 513
24355 514
24372 513
24388 514
24405 505
24421 507
24437 508
24454 507
24470 508
24487 514
24503 514
24519 516
24536 520
24552 519
24569 519
24585 529
24601 531
24618 533
24634 539
24651 547
24667 549
24683 556
24700 558
24716 568
24733 576
24749 582
24765 586
24782 593
24798 594
24814 609
24831 610
24847 620
24864 625
24880 626
24896 641
24913 644
24929 653
24946 655
24962 663
24978 670
24995 672
25011 682
25028 684
25044 689
25060 694
25077 692
25093 698
25110 702
25126 702
25142 704
25159 709
25175 715
25192 710
25208 733
25224 713
25241 709
25257 716
25273 712
25290 710
25306 709
25323 704
25339 704
25355 699
25372 696
25388 694
25405 693
25421 688
25437 681
25454 675
25470 668
25487 668
25503 660
25519 656
25536 647
25552 644
25569 636
25585 631
25601 626
25618 618
25634 610
25651 604
25667 599
25683 594
25700 589
25716 583
25733 575
25749 571
25765 567
25782 557
25798 555
25814 550
25831 551
25847 544
25864 538
25880 534
25896 532
25913 528
25929 528
25946 526
25962 523
25978 523
25995 518
26011 538
26028 522
26044 522
26060 522
26077 524
26093 527
26110 528
26126 530
26142 531
26159 532
26175 537
26192 540
26208 540
26224 547
26241 552
26257 557
26273 560
26290 566
26306 575
26323 577
26339 581
26355 591
26372 593
26388 600
26405 606
26421 611
26437 615
26454 625
26470 626
26487 622
26503 642
26519 646
26536 657
26552 653
26569 660
26585 669
26601 677
26618 692
26634 680
26651 682
26667 684
26683 684
26700 692
26716 696
26733 695
26749 695
26765 697
26782 697
26798 698
26814 699
26831 701
26847 700
26864 700
26880 694
26896 698
26913 698
26929 694
26946 692
26962 687
26978 684
26995 679
27011 654
27028 674
27044 669
27060 664
27077 661
27093 653
27110 648
27126 645
27142 643
27159 633
27175 626
27192 623
27208 616
27224 610
27241 611
27257 603
27273 594
27290 588
27306 586
27323 579
27339 574
27355 568
27372 566
27388 563
27405 554
27421 553
27437 546
27454 547
27470 543
27487 541
27503 537
27519 534
27536 533
27552 531
27569 532
27585 531
27601 527
27618 527
27634 527
27651 527
27667 533
27683 534
27700 531
27716 531
27733 541
27749 539
27765 543
27782 550
27798 552
27814 551
27831 552
27847 561
27864 572
27880 567
27896 573
27913 578
27929 585
27946 587
27962 592
27978 603
27995 605
28011 612
28028 615
28044 619
28060 629
28077 631
28093 635
28110 638
28126 644
28142 652
28159 657
28175 655
28192 664
28208 684
28224 669
28241 673
28257 675
28273 682
28290 684
28306 684
28323 687
28339 690
28355 684
28372 694
28388 694
28405 693
28421 695
28437 691
28454 689
28470 691
28487 684
28503 689
28519 687
28536 684
28552 680
28569 679
28585 678
28601 670
28618 659
28634 667
28651 656
28667 654
28683 655
28700 651
28716 646
28733 638
28749 633
28765 631
28782 626
28798 653
28814 617
28831 610
28847 606
28864 599
28880 613
28896 587
28913 584
28929 573
28946 575
28962 571
28978 568
28995 562
29011 562
29028 554
29044 552
29060 549
29077 551
29093 547
29110 543
29126 548
29142 542
29159 540
29175 543
29192 536
29208 540
29224 536
29241 539
29257 538
29273 543
29290 544
29306 543
29323 548
29339 547
29355 551
29372 552
29388 554
29405 562
29421 561
29437 566
29454 569
29470 577
29487 601
29503 583
29519 588
29536 589
29552 596
29569 601
29585 608
29601 610
29618 615
29634 615
29651 628
29667 631
29683 632
29700 635
29716 646
29733 645
29749 649
29765 653
29782 654
29798 660
29814 664
29831 668
29847 669
29864 674
29880 675
29896 676
29913 678
29929 680
29946 679
29962 683
29978 680
29995 681
30011 682
30028 680
30044 680
30060 683
30077 685
30093 678
30110 675
30126 666
30142 672
30159 666
30175 667
30192 663
30208 662
30224 658
30241 653
30257 649
30273 643
30290 638
30306 635
30323 634
30339 628
30355 626
30372 619
30388 617
30405 607
30421 606
30437 602
30454 601
30470 594
30487 608
30503 585
30519 582
30536 579
30552 576
30569 571
30585 569
30601 565
30618 534
30634 560
30651 559
30667 550
30683 554
30700 553
30716 548
30733 552
30749 548
30765 546
30782 548
30798 540
30814 549
30831 549
30847 547
30864 551
30880 549
30896 551
30913 554
30929 557
30946 558
30962 562
30978 568
30995 565
31011 569
31028 574
31044 576
31060 581
31077 581
31093 589
31110 591
31126 595
31142 600
31159 606
31175 609
31192 608
31208 617
31224 622
31241 626
31257 628
31273 634
31290 636
31306 639
31323 643
31339 646
31355 647
31372 652
31388 659
31405 663
31421 665
31437 666
31454 669
31470 665
31487 660
31503 671
31519 675
31536 675
31552 677
31569 676
31585 676
31601 677
31618 681
31634 674
31651 671
31667 676
31683 672
31700 668
31716 665
31733 668
31749 665
31765 663
31782 659
31798 652
31814 654
31831 647
31847 641
31864 642
31880 640
31896 632
31913 634
31929 627
31946 621
31962 618
31978 617
31995 611
32011 610
32028 603
32044 599
32060 600
32077 590
32093 589
32110 590
32126 585
32142 579
32159 577
32175 576
32192 569
32208 567
32224 571
32241 569
32257 562
32273 562
32290 559
32306 558
32323 557
32339 556
32355 550
32372 553
32388 555
32405 549
32421 557
32437 560
32454 560
32470 558
32487 558
32503 561
32519 565
32536 564
32552 568
32569 574
32585 573
32601 574
32618 573
32634 580
32651 583
32667 587
32683 588
32700 594
32716 599
32733 602
32749 606
32765 608
32782 623
32798 616
32814 621
32831 623
32847 626
32864 627
32880 633
32896 637
32913 644
32929 643
32946 646
32962 649
32978 650
32995 651
33011 656
33028 655
33044 657
33060 660
33077 667
33093 667
33110 667
33126 665
33142 672
33159 667
33175 677
33192 665
33208 669
33224 669
33241 665
33257 668
33273 664
33290 661
33306 663
33323 664
33339 663
33355 653
33372 655
33388 652
33405 648
33421 646
33437 641
33454 640
33470 641
33487 611
33503 629
33519 627
33536 619
33552 624
33569 617
33585 614
33601 611
33618 606
33634 610
33651 600
33667 595
33683 594
33700 592
33716 585
33733 587
33749 581
33765 580
33782 580
33798 571
33814 571
33831 574
33847 566
33864 568
33880 557
33896 566
33913 564
33929 562
33946 563
33962 560
33978 565
33995 561
34011 556
34028 562
34044 563
34060 560
34077 576
34093 568
34110 565
34126 570
34142 573
34159 576
34175 577
34192 581
34208 589
34224 587
34241 585
34257 589
34273 592
34290 594
34306 597
34323 604
34339 607
34355 610
34372 611
34388 617
34405 620
34421 624
34437 626
34454 630
34470 633
34487 633
34503 636
34519 641
34536 639
34552 650
34569 649
34585 645
34601 655
34618 654
34634 653
34651 658
34667 658
34683 658
34700 661
34716 658
34733 661
34749 665
34765 665
34782 683
34798 662
34814 665
34831 659
34847 661
34864 663
34880 655
34896 655
34913 657
34929 653
34946 648
34962 650
34978 653
34995 646
35011 640
35028 642
35044 639
35060 635
35077 630
35093 630
35110 632
35126 627
35142 621
35159 615
35175 614
35192 610
35208 615
35224 602
35241 601
35257 602
35273 599
35290 593
35306 591
35323 588
35339 586
35355 585
35372 581
35388 577
35405 578
35421 576
35437 577
35454 576
35470 576
35487 573
35503 569
35519 571
35536 570
35552 570
35569 566
35585 572
35601 568
35618 566
35634 571
35651 571
35667 568
35683 566
35700 575
35716 576
35733 574
35749 583
35765 580
35782 583
35798 583
35814 587
35831 592
35847 592
35864 598
35880 598
35896 593
35913 602
35929 603
35946 609
35962 606
35978 614
35995 614
36011 617
36028 616
36044 619
36060 627
36077 624
36093 629
36110 635
36126 637
36142 638
36159 637
36175 641
36192 645
36208 645
36224 651
36241 649
36257 651
36273 647
36290 653
36306 658
36323 653
36339 654
36355 652
36372 656
36388 653
36405 647
36421 653
36437 651
36454 653
36470 649
36487 652
36503 649
36519 649
36536 645
36552 642
36569 645
36585 643
36601 640
36618 636
36634 637
36651 634
36667 630
36683 610
36700 625
36716 624
36733 625
36749 618
36765 616
36782 614
36798 618
36814 608
36831 613
36847 606
36864 599
36880 591
36896 602
36913 597
36929 592
36946 595
36962 588
36978 588
36995 587
37011 584
37028 582
37044 585
37060 580
37077 580
37093 581
37110 589
37126 580
37142 582
37159 568
37175 575
37192 579
37208 573
37224 578
37241 581
37257 583
37273 584
37290 582
37306 584
37323 581
37339 584
37355 586
37372 588
37388 591
37405 588
37421 595
37437 595
37454 601
37470 598
37487 606
37503 605
37519 609
37536 608
37552 614
37569 617
37585 621
37601 615
37618 623
37634 622
37651 626
37667 624
37683 627
37700 633
37716 632
37733 632
37749 636
37765 638
37782 640
37798 640
37814 641
37831 645
37847 651
37864 647
37880 643
37896 650
37913 647
37929 646
37946 650
37962 649
37978 647
37995 646
38011 645
38028 647
38044 646
38060 644
38077 640
38093 643
38110 637
38126 640
38142 640
38159 642
38175 639
38192 639
38208 634
38224 631
38241 632
38257 628
38273 625
38290 625
38306 623
38323 616
38339 619
38355 615
38372 610
38388 614
38405 610
38421 607
38437 605
38454 603
38470 604
38487 603
38503 597
38519 597
38536 589
38552 595
38569 593
38585 591
38601 586
38618 611
38634 587
38651 588
38667 585
38683 585
38700 582
38716 585
38733 582
38749 580
38765 584
38782 585
38798 586
38814 585
38831 585
38847 584
38864 584
38880 587
38896 585
38913 593
38929 590
38946 590
38962 592
38978 590
38995 596
39011 594
39028 596
39044 597
39060 601
39077 601
39093 604
39110 606
39126 610
39142 608
39159 609
39175 618
39192 618
39208 614
39224 618
39241 619
39257 622
39273 619
39290 629
39306 629
39323 625
39339 630
39355 634
39372 634
39388 633
39405 627
39421 641
39437 637
39454 638
39470 640
39487 645
39503 637
39519 633
39536 640
39552 641
39569 637
39585 640
39601 639
39618 640
39634 637
39651 640
39667 639
39683 641
39700 634
39716 634
39733 637
39749 632
39765 629
39782 633
39798 633
39814 631
39831 630
39847 627
39864 638
39880 623
39896 623
39913 624
39929 610
39946 620
39962 615
39978 613
39995 613
40011 611
40028 611
40044 608
40060 607
40077 606
40093 603
40110 602
40126 596
40142 598
40159 597
40175 595
40192 597
40208 595
40224 596
40241 595
40257 592
40273 592
40290 592
40306 592
40323 593
40339 593
40355 592
40372 593
40388 593
40405 591
40421 591
40437 592
40454 595
40470 594
40487 611
40503 596
40519 593
40536 591
40552 599
40569 597
40585 600
40601 600
40618 601
40634 601
40651 604
40667 604
40683 609
40700 610
40716 609
40733 609
40749 608
40765 611
40782 614
40798 618
40814 618
40831 616
40847 621
40864 620
40880 625
40896 622
40913 627
40929 626
40946 623
40962 627
40978 628
40995 628
41011 629
41028 632
41044 629
41060 631
41077 632
41093 628
41110 654
41126 636
41142 641
41159 631
41175 633
41192 633
41208 633
41224 632
41241 635
41257 633
41273 635
41290 629
41306 628
41323 626
41339 629
41355 624
41372 625
41388 629
41405 622
41421 626
41437 620
41454 623
41470 622
41487 616
41503 623
41519 616
41536 618
41552 616
41569 617
41585 613
41601 612
41618 608
41634 612
41651 610
41667 607
41683 608
41700 604
41716 607
41733 592
41749 606
41765 600
41782 599
41798 602
41814 598
41831 611
41847 599
41864 604
41880 597
41896 600
41913 598
41929 595
41946 596
41962 597
41978 599
41995 597
42011 594
42028 597
42044 598
42060 589
42077 595
42093 596
42110 598
42126 600
42142 602
42159 601
42175 604
42192 591
42208 605
42224 605
42241 608
42257 603
42273 615
42290 609
42306 609
42323 612
42339 612
42355 612
42372 615
42388 610
42405 612
42421 617
42437 614
42454 621
42470 620
42487 613
42503 620
42519 626
42536 621
42552 629
42569 624
42585 626
42601 627
42618 631
42634 627
42651 630
42667 629
42683 627
42700 633
42716 630
42733 626
42749 632
42765 629
42782 627
42798 628
42814 628
42831 630
42847 627
42864 628
42880 625
42896 628
42913 630
42929 627
42946 627
42962 623
42978 625
42995 623
43011 623
43028 620
43044 620
43060 616
43077 619
43093 616
43110 617
43126 621
43142 618
43159 613
43175 617
43192 616
43208 610
43224 612
43241 611
43257 607
43273 606
43290 604
43306 604
43323 605
43339 601
43355 605
43372 603
43388 603
43405 597
43421 604
43437 603
43454 597
43470 596
43487 601
43503 604
43519 599
43536 600
43552 600
43569 598
43585 599
43601 597
43618 602
43634 599
43651 602
43667 600
43683 598
43700 601
43716 598
43733 598
43749 601
43765 603
43782 606
43798 604
43814 608
43831 604
43847 606
43864 607
43880 614
43896 608
43913 611
43929 609
43946 606
43962 611
43978 618
43995 613
44011 615
44028 615
44044 616
44060 615
44077 618
44093 616
44110 619
44126 616
44142 618
44159 620
44175 622
44192 618
44208 623
44224 621
44241 622
44257 621
44273 624
44290 624
44306 624
44323 625
44339 625
44355 625
44372 625
44388 624
44405 617
44421 621
44437 622
44454 626
44470 623
44487 599
44503 625
44519 621
44536 625
44552 625
44569 624
44585 622
44601 622
44618 624
44634 618
44651 616
44667 616
44683 618
44700 617
44716 615
44733 614
44749 616
44765 613
44782 609
44798 616
44814 613
44831 613
44847 608
44864 611
44880 606
44896 607
44913 609
44929 609
44946 612
44962 609
44978 607
44995 608
45011 586
45028 602
45044 603
45060 596
45077 599
45093 601
45110 599
45126 603
45142 606
45159 604
45175 603
45192 622
45208 603
45224 600
45241 600
45257 602
45273 607
45290 605
45306 601
45323 603
45339 603
45355 605
45372 607
45388 607
45405 607
45421 603
45437 607
45454 606
45470 608
45487 620
45503 609
45519 611
45536 608
45552 612
45569 613
45585 612
45601 617
45618 613
45634 620
45651 616
45667 617
45683 615
45700 617
45716 596
45733 618
45749 617
45765 615
45782 618
45798 619
45814 650
45831 621
45847 628
45864 625
45880 623
45896 623
45913 627
45929 625
45946 626
45962 620
45978 624
45995 624
46011 626
46028 622
46044 626
46060 626
46077 623
46093 623
46110 623
46126 623
46142 624
46159 621
46175 624
46192 624
46208 620
46224 621
46241 628
46257 623
46273 618
46290 620
46306 623
46323 620
46339 621
46355 618
46372 617
46388 617
46405 619
46421 617
46437 611
46454 611
46470 614
46487 614
46503 619
46519 613
46536 612
46552 612
46569 605
46585 605
46601 606
46618 611
46634 594
46651 608
46667 604
46683 605
46700 605
46716 606
46733 604
46749 601
46765 603
46782 603
46798 602
46814 605
46831 604
46847 605
46864 602
46880 603
46896 601
46913 605
46929 604
46946 590
46962 605
46978 603
46995 604
47011 607
47028 605
47044 607
47060 605
47077 605
47093 605
47110 608
47126 606
47142 609
47159 607
47175 610
47192 607
47208 614
47224 611
47241 612
47257 611
47273 611
47290 614
47306 615
47323 611
47339 616
47355 617
47372 615
47388 617
47405 613
47421 616
47437 620
47454 618
47470 618
47487 622
47503 620
47519 620
47536 622
47552 623
47569 628
47585 622
47601 616
47618 623
47634 622
47651 625
47667 623
47683 625
47700 621
47716 623
47733 623
47749 620
47765 622
47782 621
47798 607
47814 619
47831 620
47847 620
47864 623
47880 628
47896 623
47913 616
47929 619
47946 617
47962 614
47978 620
47995 613
48011 616
48028 616
48044 618
48060 612
48077 604
48093 614
48110 614
48126 609
48142 612
48159 615
48175 612
48192 609
48208 615
48224 609
48241 606
48257 605
48273 611
48290 608
48306 607
48323 611
48339 606
48355 630
48372 607
48388 605
48405 604
48421 606
48437 604
48454 607
48470 608
48487 607
48503 603
48519 606
48536 601
48552 606
48569 609
48585 605
48601 609
48618 604
48634 603
48651 607
48667 611
48683 608
48700 611
48716 609
48733 625
48749 604
48765 608
48782 611
48798 605
48814 609
48831 612
48847 607
48864 612
48880 613
48896 615
48913 615
48929 614
48946 616
48962 615
48978 617
48995 617
49011 616
49028 616
49044 615
49060 620
49077 619
49093 617
49110 622
49126 620
49142 640
49159 618
49175 622
49192 623
49208 620
49224 625
49241 625
49257 623
49273 622
49290 622
49306 628
49323 622
49339 625
49355 558
49372 628
49388 626
49405 621
49421 622
49437 623
49454 622
49470 624
49487 626
49503 627
49519 625
49536 624
49552 619
49569 622
49585 623
49601 624
49618 623
49634 620
49651 620
49667 623
49683 616
49700 621
49716 617
49733 619
49749 616
49765 611
49782 616
49798 613
49814 613
49831 611
49847 614
49864 609
49880 612
49896 606
49913 607
49929 612
49946 608
49962 609
49978 608
49995 605
50011 607
50028 606
50044 606
50060 603
50077 607
50093 600
50110 601
50126 601
50142 602
50159 598
50175 602
50192 596
50208 606
50224 604
50241 604
50257 599
50273 603
50290 598
50306 602
50323 605
50339 605
50355 656
50372 604
50388 605
50405 601
50421 603
50437 603
50454 604
50470 607
50487 609
50503 612
50519 611
50536 607
50552 610
50569 607
50585 611
50601 611
50618 615
50634 611
50651 613
50667 615
50683 617
50700 612
50716 617
50733 619
50749 617
50765 616
50782 621
50798 620
50814 620
50831 620
50847 624
50864 624
50880 624
50896 624
50913 625
50929 623
50946 626
50962 620
50978 630
50995 630
51011 627
51028 629
51044 631
51060 623
51077 631
51093 625
51110 628
51126 627
51142 621
51159 626
51175 620
51192 625
51208 627
51224 622
51241 623
51257 625
51273 623
51290 621
51306 619
51323 622
51339 623
51355 611
51372 615
51388 618
51405 616
51421 618
51437 617
51454 615
51470 613
51487 620
51503 611
51519 615
51536 609
51552 606
51569 612
51585 608
51601 607
51618 611
51634 609
51651 603
51667 602
51683 606
51700 605
51716 604
51733 602
51749 602
51765 602
51782 602
51798 587
51814 600
51831 598
51847 600
51864 604
51880 596
51896 603
51913 597
51929 608
51946 601
51962 597
51978 604
51995 604
52011 617
52028 603
52044 603
52060 600
52077 606
52093 604
52110 607
52126 606
52142 611
52159 606
52175 609
52192 612
52208 609
52224 612
52241 613
52257 614
52273 614
52290 615
52306 615
52323 613
52339 618
52355 620
52372 617
52388 624
52405 618
52421 623
52437 618
52454 618
52470 623
52487 605
52503 624
52519 623
52536 628
52552 625
52569 624
52585 626
52601 627
52618 625
52634 622
52651 629
52667 630
52683 627
52700 627
52716 622
52733 628
52749 629
52765 625
52782 624
52798 621
52814 622
52831 620
52847 622
52864 621
52880 621
52896 623
52913 622
52929 620
52946 623
52962 635
52978 617
52995 615
53011 615
53028 617
53044 614
53060 620
53077 612
53093 615
53110 607
53126 612
53142 609
53159 612
53175 608
53192 606
53208 609
53224 604
53241 607
53257 601
53273 605
53290 604
53306 604
53323 606
53339 602
53355 596
53372 604
53388 602
53405 600
53421 601
53437 600
53454 598
53470 605
53487 599
53503 595
53519 602
53536 603
53552 605
53569 601
53585 603
53601 603
53618 605
53634 605
53651 599
53667 606
53683 606
53700 606
53716 607
53733 604
53749 611
53765 608
53782 609
53798 607
53814 607
53831 610
53847 613
53864 612
53880 614
53896 614
53913 612
53929 618
53946 618
53962 625
53978 618
53995 620
54011 622
54028 622
54044 645
54060 625
54077 624
54093 622
54110 622
54126 624
54142 625
54159 627
54175 624
54192 626
54208 627
54224 628
54241 633
54257 625
54273 626
54290 624
54306 629
54323 627
54339 626
54355 632
54372 629
54388 624
54405 615
54421 627
54437 629
54454 625
54470 624
54487 624
54503 625
54519 623
54536 621
54552 621
54569 623
54585 619
54601 616
54618 615
54634 614
54651 615
54667 612
54683 615
54700 615
54716 612
54733 611
54749 611
54765 611
54782 609
54798 624
54814 607
54831 607
54847 606
54864 603
54880 593
54896 605
54913 604
54929 606
54946 602
54962 599
54978 607
54995 601
55011 600
55028 601
55044 606
55060 601
55077 597
55093 599
55110 601
55126 604
55142 603
55159 600
55175 604
55192 603
55208 598
55224 603
55241 605
55257 608
55273 604
55290 607
55306 608
55323 603
55339 608
55355 610
55372 612
55388 607
55405 608
55421 613
55437 615
55454 613
55470 613
55487 614
55503 614
55519 617
55536 617
55552 617
55569 611
55585 620
55601 620
55618 621
55634 620
55651 625
55667 626
55683 621
55700 621
55716 628
55733 622
55749 624
55765 624
55782 621
55798 624
55814 623
55831 640
55847 625
55864 624
55880 626
55896 622
55913 625
55929 629
55946 624
55962 626
55978 624
55995 620
56011 620
56028 620
56044 621
56060 619
56077 620
56093 621
56110 621
56126 618
56142 616
56159 615
56175 613
56192 614
56208 614
56224 612
56241 612
56257 613
56273 611
56290 612
56306 613
56323 610
56339 606
56355 586
56372 610
56388 608
56405 609
56421 608
56437 604
56454 602
56470 609
56487 603
56503 601
56519 603
56536 603
56552 601
56569 604
56585 599
56601 601
56618 601
56634 605
56651 601
56667 601
56683 604
56700 601
56716 602
56733 600
56749 603
56765 602
56782 605
56798 597
56814 602
56831 604
56847 604
56864 609
56880 605
56896 607
56913 607
56929 609
56946 611
56962 608
56978 611
56995 613
57011 629
57028 615
57044 620
57060 613
57077 612
57093 619
57110 614
57126 622
57142 623
57159 618
57175 620
57192 621
57208 623
57224 628
57241 627
57257 625
57273 626
57290 625
57306 630
57323 626
57339 625
57355 630
57372 627
57388 627
57405 627
57421 627
57437 631
57454 627
57470 625
57487 625
57503 626
57519 626
57536 622
57552 628
57569 626
57585 626
57601 622
57618 625
57634 623
57651 622
57667 618
57683 622
57700 619
57716 615
57733 622
57749 623
57765 619
57782 616
57798 613
57814 616
57831 632
57847 611
57864 609
57880 614
57896 610
57913 609
57929 618
57946 612
57962 608
57978 607
57995 607
58011 606
58028 613
58044 602
58060 605
58077 606
58093 601
58110 601
58126 603
58142 603
58159 600
58175 598
58192 599
58208 602
58224 603
58241 602
58257 590
58273 600
58290 603
58306 600
58323 606
58339 603
58355 625
58372 609
58388 607
58405 600
58421 603
58437 605
58454 607
58470 605
58487 627
58503 604
58519 606
58536 614
58552 613
58569 614
58585 612
58601 615
58618 613
58634 616
58651 618
58667 621
58683 621
58700 618
58716 620
58733 623
58749 620
58765 624
58782 624
58798 600
58814 623
58831 628
58847 627
58864 625
58880 597
58896 625
58913 626
58929 630
58946 627
58962 625
58978 629
58995 628
59011 622
59028 626
59044 629
59060 630
59077 624
59093 630
59110 628
59126 623
59142 626
59159 623
59175 624
59192 615
59208 625
59224 623
59241 629
59257 622
59273 622
59290 620
59306 618
59323 618
59339 618
59355 609
59372 612
59388 614
59405 613
59421 614
59437 606
59454 609
59470 613
59487 605
59503 606
59519 606
59536 605
59552 607
59569 605
59585 605
59601 604
59618 600
59634 603
59651 603
59667 601
59683 605
59700 603
59716 600
59733 599
59749 600
59765 603
59782 590
59798 595
59814 601
59831 598
59847 603
59864 600
59880 603
59896 604
59913 603
59929 602
59946 604
59962 605
59978 611
59995 609
60011 607
60028 608
60044 610
60060 608
60077 607
60093 609
60110 612
60126 617
60142 618
60159 612
60175 617
60192 617
60208 617
60224 617
60241 623
60257 625
60273 623
60290 624
60306 629
60323 624
60339 625
60355 627
60372 628
60388 630
60405 630
60421 631
60437 630
60454 629
60470 632
60487 631
60503 624
60519 627
60536 628
60552 629
60569 631
60585 630
60601 629
60618 628
60634 627
60651 629
60667 628
60683 629
60700 622
60716 626
60733 620
60749 623
60765 625
60782 623
60798 625
60814 617
60831 616
60847 617
60864 616
60880 614
60896 614
60913 617
60929 614
60946 612
60962 612
60978 611
60995 618
61011 606
61028 607
61044 604
61060 606
61077 608
61093 608
61110 601
61126 602
61142 602
61159 596
61175 607
61192 599
61208 597
61224 597
61241 600
61257 596
61273 598
61290 598
61306 598
61323 599
61339 595
61355 602
61372 600
61388 599
61405 595
61421 602
61437 603
61454 601
61470 599
61487 601
61503 603
61519 601
61536 603
61552 603
61569 607
61585 606
61601 612
61618 608
61634 610
61651 613
61667 613
61683 610
61700 616
61716 613
61733 618
61749 617
61765 615
61782 618
61798 621
61814 616
61831 622
61847 618
61864 621
61880 623
61896 623
61913 625
61929 627
61946 629
61962 626
61978 626
61995 613
62011 631
62028 625
62044 620
62060 630
62077 628
62093 546
62110 633
62126 628
62142 631
62159 628
62175 632
62192 623
62208 622
62224 629
62241 624
62257 625
62273 626
62290 624
62306 626
62323 624
62339 622
62355 616
62372 622
62388 619
62405 627
62421 616
62437 621
62454 619
62470 612
62487 614
62503 614
62519 613
62536 614
62552 614
62569 610
62585 608
62601 607
62618 608
62634 609
62651 609
62667 606
62683 606
62700 601
62716 605
62733 601
62749 601
62765 599
62782 600
62798 598
62814 601
62831 582
62847 596
62864 597
62880 598
62896 597
62913 603
62929 602
62946 599
62962 600
62978 603
62995 599
63011 599
63028 595
63044 599
63060 599
63077 602
63093 603
63110 603
63126 606
63142 605
63159 604
63175 607
63192 609
63208 607
63224 611
63241 612
63257 609
63273 612
63290 610
63306 616
63323 612
63339 614
63355 623
63372 618
63388 614
63405 617
63421 622
63437 622
63454 622
63470 626
63487 625
63503 624
63519 624
63536 624
63552 627
63569 627
63585 627
63601 628
63618 626
63634 625
63651 631
63667 630
63683 627
63700 631
63716 631
63733 624
63749 627
63765 625
63782 628
63798 632
63814 632
63831 622
63847 625
63864 624
63880 625
63896 622
63913 625
63929 617
63946 623
63962 624
63978 618
63995 621
64011 619
64028 621
64044 618
64060 614
64077 616
64093 615
64110 614
64126 612
64142 608
64159 636
64175 606
64192 605
64208 605
64224 604
64241 604
64257 602
64273 604
64290 604
64306 604
64323 601
64339 595
64355 603
64372 600
64388 598
64405 594
64421 599
64437 598
64454 602
64470 599
64487 595
64503 597
64519 597
64536 596
64552 600
64569 597
64585 601
64601 602
64618 598
64634 603
64651 602
64667 602
64683 604
64700 602
64716 604
64733 607
64749 607
64765 602
64782 607
64798 611
64814 606
64831 597
64847 610
64864 613
64880 620
64896 616
64913 612
64929 619
64946 626
64962 619
64978 622
64995 621
65011 618
65028 616
65044 626
65060 623
65077 624
65093 624
65110 626
65126 629
65142 627
65159 629
65175 626
65192 628
65208 628
65224 626
65241 627
65257 632
65273 629
65290 627
65306 629
65323 625
65339 628
65355 632
65372 628
65388 627
65405 620
65421 625
65437 626
65454 625
65470 623
65487 623
65503 621
65519 620
65536 620
65552 617
65569 619
65585 618
65601 619
65618 620
65634 614
65651 615
65667 611
65683 613
65700 611
65716 613
65733 607
65749 609
65765 612
65782 609
65798 625
65814 609
65831 605
65847 603
65864 604
65880 618
65896 599
65913 598
65929 603
65946 605
65962 605
65978 600
65995 604
66011 601
66028 601
66044 603
66060 604
66077 604
66093 601
66110 602
66126 604
66142 601
66159 604
66175 607
66192 606
66208 606
66224 604
66241 606
66257 607
66273 605
66290 607
66306 608
66323 608
66339 604
66355 609
66372 612
66388 611
66405 617
66421 616
66437 615
66454 619
66470 613
66487 617
66503 617
66519 614
66536 612
66552 616
66569 621
66585 618
66601 624
66618 620
66634 620
66651 625
66667 623
66683 625
66700 618
66716 625
66733 625
66749 624
66765 626
66782 624
66798 626
66814 626
66831 643
66847 625
66864 626
66880 603
66896 624
66913 624
66929 627
66946 627
66962 620
66978 623
66995 623
67011 620
67028 623
67044 624
67060 620
67077 618
67093 616
67110 619
67126 617
67142 616
67159 617
67175 618
