1.81 0.39 571.75 70.78
20.56 8.90 557.81 31.79
36.93 8.80 518.75 26.49
53.37 8.94 477.75 29.28
69.75 8.85 437.43 24.03
86.06 8.77 397.37 24.79
102.56 8.90 357.87 20.55
118.93 8.80 320.06 20.18
135.31 8.95 283.37 18.58
151.81 8.86 251.62 17.26
168.12 8.77 221.87 16.51
184.62 8.91 191.12 14.98
201.25 8.81 163.87 14.03
217.75 8.92 138.56 12.06
234.06 8.83 116.93 12.93
250.43 8.75 97.06 9.89
267.00 8.86 79.50 7.51
283.31 8.80 65.75 11.24
299.81 8.65 54.43 6.30
316.25 8.79 44.12 5.94
332.56 8.72 40.31 3.78
349.12 8.82 34.68 4.41
365.37 8.78 33.93 4.57
381.75 8.66 38.43 11.03
398.18 8.81 40.50 5.61
414.56 8.72 49.43 6.52
431.06 8.84 60.37 7.58
447.37 8.78 67.06 15.94
463.68 8.68 89.06 9.98
480.25 8.79 104.56 13.04
496.56 8.72 124.12 13.52
513.12 8.82 146.12 14.54
529.50 8.75 170.50 14.58
545.87 8.62 195.43 15.39
562.31 8.78 225.93 14.85
578.68 8.69 254.37 15.54
595.18 8.80 284.00 18.44
611.43 8.74 317.87 18.20
627.93 8.62 352.37 18.18
644.50 8.72 385.31 18.89
660.75 8.67 418.93 20.45
677.31 8.77 455.81 18.96
693.50 8.72 492.18 18.29
709.93 8.62 529.25 18.20
726.50 8.72 562.93 18.56
742.68 8.69 599.62 18.13
759.25 8.53 631.56 12.22
775.50 8.72 669.37 18.41
791.93 8.62 711.68 31.99
808.50 8.72 738.18 13.94
824.81 8.65 772.75 17.40
841.25 8.53 802.87 16.38
857.62 8.69 835.31 15.29
873.93 8.61 862.00 14.14
890.62 8.68 889.12 14.26
906.93 8.61 914.62 12.85
923.37 8.48 940.06 12.82
939.75 8.64 960.68 12.00
956.43 8.72 981.75 10.01
973.00 8.84 999.93 9.06
989.18 8.81 1016.12 8.03
1005.68 8.91 1028.06 6.40
1022.06 8.83 1041.50 6.75
1038.43 8.72 1048.62 7.11
1054.93 8.86 1057.06 4.67
1071.12 8.81 1060.00 4.12
1087.56 8.69 1061.18 4.34
1104.06 8.83 1061.75 3.75
1120.43 8.72 1057.25 9.91
1136.87 8.88 1054.75 6.52
1153.12 8.82 1048.12 6.07
1169.68 8.68 1040.25 7.26
1186.12 8.82 1028.56 7.87
1202.56 8.72 1018.81 15.80
1218.93 8.88 1001.43 11.19
1235.25 8.83 981.87 11.65
1251.75 8.67 964.56 11.53
1268.25 8.81 944.50 11.90
1284.62 8.72 925.93 15.44
1301.12 8.84 900.25 16.01
1317.43 8.79 874.68 15.72
1333.81 8.65 851.31 17.86
1350.37 8.78 825.37 15.97
1366.62 8.72 800.25 16.79
1383.18 8.82 770.37 15.69
1399.43 8.79 740.81 16.80
1415.75 8.67 716.87 21.30
1432.37 8.78 685.12 15.65
1448.50 8.77 653.43 15.53
1465.06 8.85 626.56 16.40
1481.43 8.76 597.18 14.44
1497.87 8.63 568.18 15.23
1514.50 8.75 540.87 14.76
1530.62 8.73 512.25 14.03
1547.18 8.56 485.81 15.78
1563.50 8.75 460.81 14.81
1580.00 8.59 435.00 12.20
1596.50 8.75 412.50 11.90
1612.68 8.71 389.87 11.60
1629.31 8.53 368.87 10.82
1645.62 8.71 349.31 10.01
1662.12 8.56 331.56 9.90
1678.43 8.75 313.31 9.45
1694.75 8.70 302.25 13.57
1711.25 8.53 286.50 8.56
1727.62 8.71 273.56 6.36
1743.93 8.62 259.81 15.50
1760.43 8.75 254.43 10.00
1776.75 8.70 249.12 9.78
1793.25 8.53 244.81 4.53
1809.68 8.69 243.00 4.41
1825.93 8.63 242.12 4.06
1842.56 8.71 243.06 4.22
1858.87 8.66 245.56 6.56
1875.31 8.51 255.00 12.52
1891.75 8.66 257.68 5.72
1908.12 8.56 267.56 6.40
1924.62 8.68 275.50 13.74
1941.00 9.10 289.43 7.89
1957.68 9.18 302.75 8.64
1974.00 9.12 318.68 8.24
1990.43 8.99 333.62 8.74
2006.87 9.15 348.75 12.61
2023.06 9.10 368.50 10.84
2039.62 9.20 388.37 14.60
2056.00 9.12 408.25 13.05
2072.37 9.03 428.68 13.00
2088.81 9.15 451.25 13.35
2105.06 9.10 474.37 13.22
2121.62 9.20 496.43 13.79
2137.93 9.13 517.81 16.04
2154.31 9.06 546.18 16.00
2170.87 9.15 563.00 21.49
2187.12 9.09 590.81 13.95
2203.62 9.23 614.81 14.70
2220.06 9.13 638.37 12.68
2236.37 9.07 662.93 13.81
2253.00 9.14 685.18 11.24
2269.31 9.09 706.68 11.61
2285.75 9.20 725.75 17.84
2302.31 9.07 749.87 10.40
2318.50 9.04 769.56 11.36
2335.12 9.10 791.43 11.02
2351.31 9.07 805.06 10.06
2367.81 9.18 822.18 8.42
2384.31 9.07 838.18 9.03
2400.43 9.06 858.18 17.36
2417.12 9.10 865.56 6.90
2433.31 9.07 875.50 7.03
2449.75 8.94 882.68 12.87
2466.31 9.07 895.56 5.58
2482.50 9.04 907.81 20.30
2499.12 9.10 911.25 10.58
2515.43 9.04 911.25 3.44
2531.81 8.94 912.75 5.82
2548.31 9.06 916.18 3.75
2564.68 8.99 917.62 8.14
2581.31 9.05 914.50 4.60
2597.56 9.01 911.31 4.92
2613.81 8.93 905.62 5.56
2630.43 9.03 901.50 9.00
2646.75 8.97 892.31 6.92
2663.31 9.05 882.93 7.60
2679.62 8.99 873.18 8.68
2695.87 8.91 861.25 9.12
2712.43 9.03 847.81 7.43
2728.75 8.97 834.31 8.29
2745.25 9.06 815.25 23.91
2761.62 8.99 805.00 10.30
2777.81 8.94 788.31 9.89
2794.50 9.01 772.68 10.13
2810.68 8.97 754.68 9.50
2827.31 9.05 734.87 11.27
2843.68 8.97 718.00 11.25
2859.87 8.93 698.50 11.85
2876.50 9.01 681.18 11.77
2892.81 8.92 662.75 12.88
2909.18 8.82 641.06 9.87
2925.81 8.92 622.31 11.88
2942.25 9.33 602.25 11.48
2958.81 9.43 584.50 11.78
2975.00 9.40 565.68 11.76
2991.43 9.27 547.68 9.82
3007.93 9.42 529.62 9.49
3024.18 9.36 510.75 9.92
3040.75 9.44 495.18 8.54
3057.00 9.40 480.31 8.24
3073.37 9.29 464.50 8.80
3089.87 9.43 448.50 10.40
3106.12 9.38 437.00 6.63
3122.68 9.46 427.18 8.53
3139.00 9.40 417.68 8.87
3155.43 9.28 402.31 21.46
3171.93 9.43 397.62 8.57
3188.18 9.37 391.50 12.75
3204.81 9.47 381.25 5.81
3221.12 9.40 378.81 5.31
3237.50 9.29 373.37 3.84
3254.12 9.41 373.93 12.41
3270.31 9.37 368.62 2.83
3286.93 9.44 370.43 2.85
3303.31 9.36 370.31 3.68
3319.62 9.28 374.06 4.68
3336.31 9.36 376.56 4.25
3352.43 9.34 380.81 5.41
3368.87 9.20 385.12 6.92
3385.31 9.36 393.87 5.62
3401.62 9.28 400.12 5.90
3418.12 9.39 409.25 6.73
3434.37 9.36 420.06 7.69
3450.81 9.21 430.87 7.59
3467.31 9.36 442.25 9.64
3483.56 9.30 454.31 7.25
3500.18 9.37 466.62 8.90
3516.50 9.33 479.00 7.99
3533.00 9.16 495.00 7.77
3549.43 9.33 509.56 9.29
3565.62 9.29 524.12 9.27
3582.31 9.34 540.31 9.46
3598.56 9.32 555.62 7.51
3614.93 9.17 570.37 8.42
3631.56 9.30 586.00 9.32
3647.68 9.28 601.87 8.94
3664.37 9.33 618.75 10.14
3680.56 9.30 633.62 10.29
3697.06 9.15 649.93 9.99
3713.56 9.30 663.18 9.15
3729.68 9.28 679.62 10.02
3746.37 9.33 693.25 9.82
3762.56 9.30 704.06 12.33
3778.93 9.20 720.18 9.64
3795.62 9.28 732.37 9.67
3811.81 9.24 744.06 7.49
3828.37 9.07 755.75 6.71
3844.62 9.28 763.62 6.70
3861.00 9.18 774.43 6.51
3877.43 9.31 782.31 9.37
3893.81 9.24 791.75 7.03
3910.31 9.08 797.06 4.84
3926.68 9.26 803.50 5.72
3943.06 9.42 807.00 4.08
3959.68 9.52 811.43 3.69
3975.93 9.47 814.18 5.43
3992.50 9.54 815.18 2.58
4008.81 9.49 815.06 4.09
4025.06 9.44 816.00 4.35
4041.68 9.52 809.87 8.83
4057.93 9.47 810.18 4.33
4074.37 9.58 808.37 3.32
4090.81 9.49 806.25 6.44
4107.06 9.44 798.50 4.36
4123.62 9.52 791.75 5.32
4139.87 9.46 786.87 5.85
4156.50 9.58 777.12 6.77
4172.87 9.49 768.62 5.94
4189.12 9.43 760.00 6.22
4205.68 9.52 751.00 10.19
4221.93 9.49 740.00 6.60
4238.31 9.40 728.43 7.67
4255.00 9.49 715.18 13.92
4271.18 9.42 707.87 8.17
4287.75 9.51 694.43 6.62
4304.06 9.47 683.12 8.04
4320.43 9.35 670.62 7.46
4337.06 9.47 656.06 7.05
4353.18 9.42 643.25 7.55
4369.81 9.49 630.12 7.82
4386.06 9.47 623.00 17.69
4402.37 9.37 605.18 7.30
4419.06 9.47 591.50 6.75
4435.12 9.44 580.12 6.29
4451.75 9.51 567.18 7.21
4468.06 9.47 556.06 6.78
4484.25 9.40 545.31 4.01
4501.06 9.47 533.50 6.01
4517.18 9.43 523.06 6.51
4533.81 9.50 512.56 21.69
4550.12 9.46 505.37 5.29
4566.43 9.37 496.31 5.38
4583.00 9.46 487.75 9.35
4599.25 9.42 481.56 6.29
4615.93 9.48 475.81 5.02
4632.25 9.44 470.68 4.37
4648.50 9.36 464.68 5.23
4665.00 9.47 461.25 2.88
4681.25 9.44 457.43 2.29
4697.93 9.23 453.50 6.09
4714.25 9.44 451.18 4.26
4730.50 9.36 452.06 3.40
4747.00 9.47 456.87 18.31
4763.25 9.44 450.75 9.99
4779.87 9.23 454.00 4.33
4796.31 9.42 458.75 9.13
4812.43 9.37 459.81 4.57
4829.06 9.45 459.68 11.03
4845.31 9.42 467.81 4.56
4861.81 9.25 474.75 4.22
4878.31 9.42 480.12 6.44
4894.43 9.37 482.37 18.69
4911.06 9.45 494.12 4.04
4927.37 9.40 502.50 4.61
4943.93 9.72 510.56 5.02
4960.43 9.64 519.00 8.57
4976.68 9.58 527.00 7.06
4993.25 9.67 536.12 7.01
5009.50 9.64 545.75 8.47
5025.93 9.77 556.37 8.59
5042.31 9.65 565.56 6.88
5058.68 9.58 577.68 7.48
5075.25 9.67 588.56 6.80
5091.43 9.64 597.00 6.93
5107.81 9.54 607.50 7.37
5124.25 9.67 618.75 5.57
5140.68 9.58 630.62 10.89
5157.31 9.67 640.68 7.62
5173.50 9.64 648.56 6.06
5189.87 9.54 659.31 5.55
5206.31 9.67 669.00 6.13
5222.62 9.62 678.68 5.02
5239.31 9.67 687.06 5.09
5255.50 9.64 694.62 2.85
5271.81 9.57 699.43 9.42
5288.37 9.65 709.12 4.79
5304.62 9.62 719.43 11.49
5321.31 9.68 721.87 4.54
5337.56 9.62 726.75 4.97
5353.87 9.55 733.87 15.87
5370.43 9.64 731.81 16.17
5386.62 9.62 741.68 5.88
5403.31 9.68 743.43 4.09
5419.56 9.62 744.87 4.33
5435.87 9.55 746.18 2.65
5452.43 9.64 748.25 4.31
5468.62 9.62 748.31 2.93
5485.25 9.73 748.06 2.86
5501.56 9.62 747.12 2.69
5517.93 9.54 745.62 3.59
5534.50 9.64 743.37 3.24
5550.62 9.62 739.93 3.23
5567.37 9.47 736.06 6.00
5583.62 9.61 734.50 4.56
5599.93 9.54 728.37 4.85
5616.56 9.63 723.50 4.95
5632.75 9.60 717.50 5.68
5649.37 9.46 712.62 4.65
5665.62 9.62 705.31 4.07
5681.87 9.58 699.18 4.61
5698.62 9.62 690.75 5.52
5714.75 9.60 682.43 6.42
5731.25 9.50 676.12 3.10
5747.62 9.62 667.62 6.57
5763.81 9.60 659.25 5.70
5780.62 9.62 645.81 11.98
5796.81 9.59 639.12 7.35
5813.25 9.50 627.93 19.88
5829.68 9.61 626.12 7.57
5845.93 9.57 615.43 5.59
5862.62 9.64 609.50 8.67
5878.81 9.59 598.56 10.91
5895.25 9.50 590.87 6.81
5911.68 9.61 581.56 8.46
5928.06 9.55 577.12 6.33
5944.75 9.86 568.62 7.26
5960.93 9.81 560.18 9.55
5977.31 9.73 554.81 4.68
5993.81 9.83 548.43 4.33
6010.12 9.78 547.50 13.13
6026.68 9.91 535.93 3.99
6042.87 9.81 532.06 8.00
6059.25 9.74 524.81 5.26
6075.81 9.83 522.87 2.74
6092.06 9.79 520.25 9.90
6108.62 9.91 515.62 3.55
6124.81 9.83 511.18 3.83
6141.18 9.75 509.75 3.60
6157.87 9.83 507.81 2.81
6174.06 9.81 506.62 3.24
6190.68 9.92 508.37 3.90
6206.87 9.83 506.68 2.57
6223.25 9.75 508.00 5.43
6239.87 9.83 509.06 10.46
6256.06 9.81 511.43 7.84
6272.56 9.97 511.25 12.33
6288.87 9.83 515.68 3.72
6305.31 9.76 517.68 7.71
6321.87 9.85 523.31 5.62
6338.06 9.80 526.68 6.14
6354.68 9.95 529.50 4.37
6370.93 9.82 536.31 4.62
6387.25 9.77 540.31 6.84
6403.87 9.85 544.68 4.13
6420.06 9.80 551.06 4.23
6436.56 9.72 558.06 6.11
6452.93 9.82 562.50 5.94
6469.25 9.77 570.68 4.43
6485.81 9.91 578.93 7.15
6502.06 9.80 582.93 5.22
6518.62 9.71 588.62 9.92
6535.00 9.82 597.37 4.21
6551.25 9.78 604.43 4.68
6567.93 9.90 613.43 7.19
6584.12 9.80 617.81 5.08
6600.62 9.71 625.25 5.98
6617.06 9.82 633.68 8.01
6633.31 9.78 638.75 7.09
6650.00 9.90 645.75 3.54
6666.18 9.79 650.18 6.65
6682.68 9.71 656.68 4.93
6699.12 9.82 662.31 2.97
6715.31 9.78 666.87 7.52
6731.93 9.93 672.06 5.41
6748.12 9.82 677.50 5.15
6764.62 9.74 681.93 4.98
6781.12 9.82 684.75 10.07
6797.37 9.77 687.18 7.60
6814.00 9.92 693.06 3.11
6830.18 9.80 696.31 4.87
6846.62 9.71 694.87 8.11
6863.18 9.80 702.43 3.34
6879.37 9.77 701.12 2.89
6895.93 9.69 701.93 6.89
6912.18 9.80 703.12 3.18
6928.68 9.71 705.87 6.42
6945.25 10.06 703.56 4.92
6961.50 9.99 703.37 2.06
6978.06 10.14 708.31 26.17
6994.31 10.03 700.50 4.40
7010.68 9.94 695.12 9.97
7027.18 10.11 695.06 2.79
7043.37 10.00 693.18 3.41
7060.00 10.15 689.62 5.96
7076.31 10.03 684.37 3.12
7092.62 9.98 685.68 16.63
7109.18 10.11 676.50 6.99
7125.37 10.00 673.00 3.87
7141.93 10.16 668.37 4.60
7158.37 10.04 664.87 3.18
7174.68 9.98 658.50 4.64
7191.25 10.12 654.50 4.26
7207.37 10.04 650.31 4.77
7224.06 10.17 644.25 3.96
7240.37 10.04 639.12 5.35
7256.68 9.98 634.50 5.85
7273.25 10.12 628.62 7.95
7289.43 10.01 619.81 7.31
7306.06 9.93 616.31 5.19
7322.43 10.03 609.75 4.11
7338.68 9.98 605.43 4.37
7355.25 10.15 597.81 5.58
7371.50 10.00 593.87 5.06
7387.93 9.93 586.25 17.69
7404.37 10.06 580.68 9.05
7420.62 9.99 578.81 3.56
7437.25 10.15 574.37 3.08
7453.50 10.00 569.00 6.85
7469.87 9.94 568.25 4.92
7486.37 10.09 563.06 3.85
7502.56 10.00 558.56 4.43
7519.25 10.16 556.25 6.11
7535.50 10.03 553.43 8.11
7551.87 9.98 549.31 7.09
7568.50 10.09 551.00 6.15
7584.68 10.00 548.62 7.50
7601.37 10.15 547.75 6.16
7617.56 10.03 545.37 3.14
7634.06 9.98 548.75 14.22
7650.56 10.09 544.56 4.33
7666.68 10.00 544.81 2.72
7683.43 10.15 546.18 6.83
7699.62 10.03 550.56 24.13
7716.00 9.97 547.56 3.57
7732.50 10.12 547.18 4.35
7748.68 10.00 548.18 4.73
7765.37 9.92 550.93 5.72
7781.62 10.03 553.18 6.61
7798.00 9.98 557.00 4.72
7814.50 10.15 560.50 5.68
7830.81 9.99 564.50 7.91
7847.31 9.93 569.18 6.25
7863.68 10.02 565.68 16.60
7879.87 9.99 577.50 6.95
7896.56 10.11 579.00 4.61
7912.75 10.00 582.50 3.06
7929.31 9.92 584.87 5.97
7945.81 10.25 592.43 4.34
7962.06 10.21 594.93 3.54
7978.68 10.33 600.50 3.85
7994.81 10.25 605.37 4.79
8011.31 10.43 611.25 5.81
8027.75 10.30 613.75 4.29
8044.06 10.21 617.00 7.47
8060.68 10.33 618.37 15.01
8076.81 10.25 626.93 5.61
8093.31 10.43 632.00 4.61
8109.75 10.30 636.56 6.03
8126.00 10.22 639.12 3.97
8142.62 10.37 642.50 5.90
8158.81 10.25 647.00 4.57
8175.25 10.21 651.56 3.48
8191.68 10.33 654.75 4.83
8208.12 10.21 658.37 4.69
8224.62 10.37 661.50 3.82
8240.81 10.25 664.31 3.18
8257.25 10.21 664.25 4.68
8273.68 10.33 671.12 9.00
8290.00 10.21 670.18 4.52
8306.68 10.37 669.50 3.86
8322.87 10.24 671.43 4.85
8339.31 10.20 672.31 7.73
8355.75 10.33 674.56 3.41
8372.00 10.21 672.43 6.10
8388.62 10.37 674.43 2.91
8404.87 10.24 673.56 10.32
8421.18 10.21 672.00 2.42
8437.75 10.33 671.62 4.14
8453.87 10.24 669.87 5.71
8470.56 10.41 669.93 4.37
8486.81 10.30 669.43 3.34
8503.18 10.21 668.00 5.16
8519.81 10.34 666.06 5.97
8535.93 10.25 659.18 14.14
8552.62 10.42 659.00 10.27
8568.93 10.31 658.00 3.84
8585.31 10.21 657.68 8.55
8601.81 10.38 651.31 3.44
8618.00 10.25 650.06 5.95
8634.68 10.22 646.06 3.11
8650.93 10.35 641.93 3.63
8667.43 10.22 639.06 4.19
8683.87 10.38 634.62 3.71
8700.06 10.26 631.06 3.63
8716.68 10.22 626.56 3.92
8732.93 10.35 619.31 13.04
8749.25 10.21 618.50 3.10
8765.87 10.38 613.31 5.43
8782.06 10.26 614.43 9.36
8798.68 10.21 608.81 5.46
8815.00 10.34 606.37 4.41
8831.31 10.21 602.68 8.18
8847.93 10.38 597.68 8.56
8864.12 10.25 596.68 3.98
8880.56 10.23 592.93 8.02
8897.00 10.34 590.06 7.28
8913.18 10.25 588.56 7.60
8930.00 10.38 583.75 3.17
8946.25 10.48 582.00 3.02
8962.81 10.67 579.93 4.49
8979.12 10.57 577.75 2.61
8995.37 10.48 575.43 2.64
9012.06 10.61 576.06 8.71
9028.18 10.54 573.37 8.35
9044.68 10.44 571.50 5.23
9061.06 10.61 568.50 4.08
9077.37 10.48 567.50 4.06
9094.00 10.63 574.43 24.63
9110.12 10.57 567.87 3.81
9126.68 10.44 569.37 4.28
9143.06 10.61 569.56 4.50
9159.31 10.48 575.50 20.85
9176.00 10.63 569.18 3.84
9192.12 10.57 575.31 14.04
9208.56 10.44 573.68 4.45
9225.06 10.61 575.12 4.39
9241.25 10.48 575.68 3.25
9257.87 10.67 578.18 5.33
9274.12 10.57 580.50 8.24
9290.50 10.44 580.37 6.64
9307.12 10.61 583.50 3.50
9323.31 10.48 587.12 7.65
9339.93 10.67 591.75 15.25
9356.18 10.57 585.25 25.10
9372.50 10.45 594.37 6.89
9389.12 10.61 599.37 9.37
9405.31 10.48 598.87 5.75
9421.93 10.67 601.43 2.96
9438.18 10.57 605.00 3.18
9454.50 10.45 610.12 5.75
9471.12 10.61 611.06 4.51
9487.25 10.54 614.50 3.04
9503.81 10.44 613.12 16.33
9520.18 10.62 620.06 2.56
9536.56 10.46 623.37 3.10
9553.18 10.62 624.12 8.52
9569.37 10.55 629.37 4.01
9586.06 10.47 632.00 2.42
9602.25 10.63 634.12 4.28
9618.56 10.46 637.81 7.05
9635.18 10.65 639.25 2.88
9651.43 10.56 641.87 3.82
9667.93 10.47 643.31 9.40
9684.31 10.63 645.06 2.56
9700.50 10.50 647.00 3.02
9717.12 10.69 643.75 7.13
9733.43 10.56 648.87 3.46
9749.81 10.47 650.25 3.25
9766.25 10.63 650.18 3.11
9782.50 10.50 651.50 5.04
9799.18 10.69 655.25 5.79
9815.50 10.56 654.06 3.85
9831.81 10.48 650.12 10.65
9848.31 10.63 653.00 3.14
9864.62 10.50 653.56 5.10
9881.18 10.69 653.12 6.06
9897.43 10.59 649.81 12.47
9913.75 10.47 652.18 3.09
9930.37 10.63 649.43 7.74
9946.81 10.74 649.93 3.82
9963.31 10.92 648.81 3.45
9979.56 10.82 648.18 2.88
9995.87 10.70 646.31 3.27
10012.43 10.86 643.87 3.90
10028.68 10.79 641.12 5.90
10045.31 10.92 640.25 3.60
10061.56 10.82 638.56 4.37
10077.87 10.70 635.50 3.54
10094.37 10.88 633.93 3.36
10110.62 10.79 632.62 6.92
10127.18 10.93 630.50 3.95
10143.56 10.82 627.50 3.34
10159.81 10.74 627.18 7.61
10176.37 10.88 623.81 4.64
10192.62 10.79 621.37 6.86
10209.06 10.70 617.43 3.61
10225.50 10.82 614.75 3.27
10241.81 10.74 612.50 10.94
10258.31 10.92 603.75 26.19
10274.62 10.79 608.12 3.35
10291.06 10.70 604.81 3.17
10307.50 10.86 605.00 4.62
10323.87 10.74 601.12 2.66
10340.37 10.93 600.18 3.94
10356.62 10.83 597.87 4.47
10373.12 10.70 594.93 4.58
10389.50 10.86 593.75 4.07
10405.87 10.74 591.31 4.41
10422.37 10.93 589.87 3.89
10438.62 10.83 589.37 3.24
10455.12 10.70 590.68 7.78
10471.50 10.86 587.93 4.93
10487.75 10.80 586.37 4.88
10504.37 10.93 585.00 4.11
10520.68 10.84 586.18 4.32
10537.18 10.72 588.06 8.20
10553.56 10.87 586.43 6.09
10569.81 10.81 586.62 5.10
10586.43 10.97 584.87 4.58
10602.75 10.85 586.56 4.61
10619.12 10.74 585.12 4.53
10635.62 10.88 586.56 8.69
10651.81 10.81 586.12 4.36
10668.37 10.75 589.56 6.70
10684.75 10.85 586.18 5.04
10701.06 10.77 588.31 5.94
10717.50 10.95 590.25 3.72
10733.81 10.81 590.25 6.99
10750.37 10.75 592.81 4.42
10766.62 10.88 594.43 6.91
10783.00 10.76 596.87 3.79
10799.56 10.96 597.00 4.20
10815.93 10.82 598.56 6.08
10832.43 10.75 601.87 3.60
10848.68 10.89 604.18 5.88
10865.06 10.77 605.18 3.36
10881.56 10.96 607.56 4.74
10897.87 10.86 614.93 21.99
10914.43 10.75 611.06 4.59
10930.75 10.89 613.06 3.54
10947.18 11.00 615.62 2.93
10963.68 11.19 618.43 4.33
10979.93 11.08 619.06 4.52
10996.50 11.20 620.81 3.43
11012.81 11.12 620.25 6.48
11029.12 11.06 624.43 4.61
11045.68 11.19 625.75 4.44
11061.93 11.08 627.62 6.17
11078.31 10.98 629.62 4.59
11094.81 11.12 630.56 7.06
11111.12 11.06 633.75 5.39
11127.68 11.19 633.25 4.32
11143.93 11.08 635.06 5.72
11160.25 11.01 636.31 5.84
11176.75 11.14 639.18 5.13
11193.12 11.06 638.00 4.62
11209.68 11.19 639.43 4.40
11225.87 11.08 640.18 4.48
11242.18 11.00 639.87 6.33
11258.75 11.17 638.00 8.04
11275.06 11.05 641.43 23.28
11291.68 11.19 638.12 13.83
11307.87 11.13 641.50 4.90
11324.31 11.02 642.18 7.94
11340.81 11.18 638.93 5.62
11357.06 11.10 641.06 4.22
11373.68 11.22 640.87 6.03
11389.87 11.13 637.87 5.01
11406.31 11.02 638.87 6.05
11422.81 11.18 636.56 5.65
11439.00 11.09 636.75 5.06
11455.62 11.21 636.68 7.60
11471.87 11.13 633.18 3.93
11488.18 11.07 635.31 7.78
11504.75 11.20 631.62 4.48
11521.06 11.10 631.25 4.88
11537.56 11.00 629.43 3.02
11553.93 11.14 628.37 6.61
11570.37 11.11 626.50 4.62
11586.87 11.23 624.56 5.39
11603.12 11.12 623.93 4.62
11619.62 11.04 621.43 4.29
11636.00 11.16 621.56 8.25
11652.31 11.09 618.31 3.98
11668.87 11.23 615.43 6.38
11685.12 11.12 614.93 4.31
11701.50 11.06 613.75 4.08
11717.93 11.20 611.12 4.04
11734.25 11.09 610.56 6.42
11750.87 11.23 610.93 7.33
11767.06 11.16 606.75 6.93
11783.50 11.06 606.56 4.62
11800.00 11.21 604.68 4.93
11816.31 11.10 601.81 7.67
11832.87 11.26 600.50 5.76
11849.12 11.17 602.00 6.78
11865.56 11.07 600.62 5.12
11882.00 11.21 597.12 9.71
11898.25 11.14 596.12 6.91
11914.87 11.26 591.37 24.74
11931.12 11.17 597.37 4.12
11947.50 11.06 596.06 3.86
11963.93 11.24 597.18 3.34
11980.31 11.14 596.75 4.91
11996.81 11.26 596.18 4.22
12013.06 11.17 596.12 3.94
12029.43 11.12 595.81 4.49
12045.93 11.24 596.12 4.28
12062.25 11.14 596.00 3.66
12078.68 11.05 595.75 4.49
12095.06 11.17 597.06 4.44
12111.37 11.11 596.87 4.54
12127.93 11.24 596.75 3.72
12144.18 11.12 603.68 17.07
12160.56 11.07 598.06 3.42
12177.06 11.17 599.68 3.65
12193.37 11.11 601.50 5.26
12209.93 11.24 601.37 3.98
12226.18 11.12 600.75 7.50
12242.56 11.07 603.81 4.82
12259.00 11.21 605.25 7.02
12275.37 11.11 604.87 6.52
12291.93 11.24 605.93 3.86
12308.18 11.18 607.62 4.97
12324.62 11.09 607.31 7.94
12341.06 11.23 611.43 6.41
12357.37 11.16 613.81 7.61
12373.93 11.27 617.25 9.73
12390.18 11.18 612.75 7.33
12406.62 11.09 613.93 14.83
12423.00 11.25 616.37 4.23
12439.37 11.16 618.25 4.18
12455.93 11.27 618.93 4.18
12472.12 11.18 619.81 4.67
12488.56 11.15 621.37 4.81
12505.00 11.25 622.56 5.06
12521.31 11.15 622.75 12.10
12537.87 11.05 625.93 5.26
12554.12 11.18 626.06 3.58
12570.62 11.17 627.62 5.93
12587.06 11.27 630.18 16.52
12603.31 11.16 628.25 2.63
12619.75 11.07 628.31 4.30
12636.18 11.20 633.50 14.96
12652.56 11.15 631.31 5.73
12669.06 11.27 629.62 4.27
12685.31 11.16 630.06 3.94
12701.68 11.11 633.37 5.24
12718.12 11.25 631.87 3.39
12734.50 11.13 632.50 4.23
12751.06 11.27 632.31 6.32
12767.25 11.20 631.62 5.00
12783.68 11.11 629.75 9.65
12800.18 11.26 632.56 5.77
12816.56 11.15 629.62 9.42
12833.06 11.30 629.75 8.10
12849.37 11.23 629.06 7.51
12865.75 11.12 630.68 4.57
12882.12 11.28 637.18 25.62
12898.50 11.19 629.50 6.60
12915.00 11.28 627.56 4.30
12931.31 11.21 627.06 4.88
12947.75 11.12 625.50 3.76
12964.12 11.28 626.12 4.15
12980.50 11.19 624.25 4.05
12997.00 11.28 623.50 3.46
13013.25 11.21 623.25 3.67
13029.68 11.18 623.50 5.96
13046.12 11.28 621.62 3.92
13062.43 11.18 619.87 4.30
13078.87 11.31 619.43 3.66
13095.25 11.21 618.12 3.48
13111.62 11.17 616.68 3.79
13128.12 11.28 615.62 3.10
13144.43 11.18 614.68 3.93
13160.87 11.34 613.56 4.05
13177.25 11.21 614.12 7.11
13193.56 11.15 612.93 3.94
13210.12 11.28 611.31 3.92
13226.43 11.18 608.31 7.10
13242.87 11.34 608.62 5.21
13259.18 11.26 608.68 4.83
13275.56 11.15 607.68 4.62
13292.12 11.28 607.50 4.33
13308.37 11.23 607.00 6.79
13324.81 11.12 606.50 4.78
13341.18 11.26 604.50 4.09
13357.56 11.21 604.50 6.86
13374.00 11.28 602.43 8.01
13390.31 11.21 604.31 4.75
13406.75 11.12 601.43 3.72
13423.18 11.26 602.12 3.48
13439.50 11.19 603.62 3.60
13456.00 11.28 602.75 4.21
13472.25 11.21 602.93 3.96
13488.68 11.18 602.12 2.82
13505.18 11.26 603.25 5.25
13521.43 11.18 603.18 4.52
13538.00 11.28 601.93 4.51
13554.25 11.21 602.18 4.61
13570.68 11.18 604.00 3.81
13587.18 11.26 605.00 8.26
13603.43 11.18 603.37 2.85
13620.00 11.32 604.00 3.33
13636.25 11.21 604.00 5.36
13652.68 11.18 604.81 5.14
13669.12 11.28 606.56 4.49
13685.43 11.18 607.37 3.55
13701.87 11.34 607.56 3.35
13718.18 11.26 609.43 3.52
13734.68 11.18 608.87 4.87
13751.12 11.28 609.50 4.49
13767.37 11.23 610.12 3.81
13783.81 11.12 612.37 4.94
13800.18 11.26 611.87 9.79
13816.68 11.18 612.87 4.86
13833.06 11.30 612.37 9.96
13849.37 11.23 614.68 2.91
13865.75 11.12 616.93 4.10
13882.18 11.26 614.12 13.85
13898.50 11.19 618.00 3.57
13915.06 11.30 617.87 3.59
13931.37 11.23 621.87 13.57
13947.75 11.12 620.06 3.21
13964.18 11.26 619.50 3.14
13980.50 11.19 623.56 6.86
13997.06 11.30 622.00 3.92
14013.37 11.23 622.43 3.73
14029.68 11.18 623.31 2.84
14046.18 11.26 623.43 3.41
14062.50 11.19 623.93 3.38
14079.00 11.32 625.75 3.13
14095.31 11.23 626.18 3.49
14111.68 11.18 625.81 5.28
14128.12 11.28 624.68 4.92
14144.50 11.19 626.18 5.07
14160.87 11.34 624.87 4.04
14177.25 11.21 624.62 7.35
14193.68 11.18 626.31 3.65
14210.12 11.28 626.62 11.17
14226.50 11.19 627.18 3.97
14242.87 11.34 624.00 8.96
14259.18 11.26 627.87 4.99
14275.68 11.18 621.56 15.73
14292.12 11.28 624.25 9.50
14308.37 11.23 625.62 9.81
14324.75 11.12 625.62 8.66
14341.18 11.26 625.75 8.78
14357.56 11.21 622.00 9.67
14374.06 11.30 624.37 7.05
14390.37 11.23 622.75 3.49
14406.75 11.12 628.31 23.60
14423.18 11.26 616.18 27.69
14439.50 11.19 621.87 5.31
14456.06 11.30 620.56 3.82
14472.37 11.23 622.81 14.43
14488.68 11.18 618.68 3.87
14505.18 11.26 617.56 2.81
14521.50 11.19 617.56 3.94
14538.06 11.30 617.56 3.61
14554.31 11.23 616.81 3.76
14570.68 11.18 615.18 4.23
14587.18 11.26 614.87 4.50
14603.50 11.19 613.31 3.55
14620.00 11.32 612.68 3.16
14636.31 11.21 620.25 25.93
14652.68 11.18 611.06 3.40
14669.12 11.28 612.12 5.29
14685.50 11.19 610.00 8.31
14701.87 11.34 610.31 4.17
14718.25 11.26 609.87 2.80
14734.68 11.18 608.93 4.05
14751.12 11.28 610.06 4.98
14767.37 11.23 607.81 4.22
14783.75 11.12 608.93 8.78
14800.25 11.26 609.43 8.51
14816.68 11.18 607.68 3.41
14833.06 11.30 606.87 4.69
14849.37 11.23 606.25 3.58
14865.75 11.12 603.62 16.38
14882.18 11.26 609.62 7.35
14898.50 11.19 607.12 3.87
14915.06 11.30 606.12 3.24
14931.37 11.23 606.50 3.43
14947.75 11.12 605.81 5.20
14964.18 11.26 606.31 3.93
14980.50 11.19 606.56 4.26
14997.06 11.30 606.75 4.18
15013.37 11.23 607.25 3.29
15029.68 11.18 605.81 3.80
15046.18 11.26 608.00 3.50
15062.50 11.19 608.06 5.57
15079.00 11.32 608.87 5.34
15095.37 11.23 608.62 2.74
15111.68 11.18 609.81 6.57
15128.12 11.28 610.31 7.74
15144.50 11.19 609.18 2.65
15160.87 11.34 608.06 6.32
15177.31 11.21 609.50 3.00
15193.68 11.18 610.12 4.14
15210.12 11.28 612.87 6.78
15226.50 11.19 611.56 4.37
15242.87 11.34 612.93 3.21
15259.25 11.26 612.62 4.09
15275.68 11.18 617.87 17.79
15292.12 11.28 614.37 6.78
15308.37 11.23 613.18 5.55
15324.87 11.34 616.12 3.22
15341.18 11.26 616.25 3.53
15357.56 11.21 617.56 8.91
15374.06 11.30 614.56 8.62
15390.37 11.23 617.06 2.84
15406.81 11.12 617.25 8.52
15423.18 11.26 618.43 2.74
15439.56 11.21 618.62 3.87
15456.06 11.30 618.06 7.43
15472.37 11.23 619.06 3.27
15488.75 11.18 619.75 3.17
15505.18 11.26 619.56 3.18
15521.56 11.21 621.25 2.84
15538.06 11.30 618.75 7.68
15554.37 11.23 623.06 6.14
15570.68 11.18 621.68 2.69
15587.18 11.26 621.56 3.22
15603.56 11.21 621.37 2.29
15620.00 11.32 621.62 4.33
15636.31 11.21 619.37 4.29
15652.68 11.18 625.81 16.02
15669.12 11.28 621.62 3.26
15685.50 11.19 618.93 8.99
15701.93 11.36 622.87 6.36
15718.25 11.26 622.00 3.00
15734.68 11.18 621.12 4.30
15751.12 11.28 620.43 4.17
15767.37 11.23 621.62 3.53
15783.93 11.36 622.31 3.92
15800.18 11.26 620.75 6.73
15816.68 11.18 620.37 4.61
15833.06 11.30 623.00 14.20
15849.37 11.23 623.75 8.65
15865.87 11.14 618.37 3.46
15882.18 11.26 618.43 7.16
15898.62 11.22 617.37 6.31
15915.06 11.30 619.12 3.22
15931.37 11.23 618.43 3.37
15947.87 11.34 612.06 26.90
15964.18 11.26 616.18 3.22
15980.56 11.21 617.31 4.15
15997.06 11.30 617.12 5.74
16013.37 11.23 615.81 3.71
16029.75 11.40 615.00 2.76
16046.18 11.26 615.43 3.10
16062.56 11.21 614.62 4.01
16079.00 11.32 614.50 3.32
16095.37 11.23 613.75 3.15
16111.75 11.40 613.93 3.32
16128.12 11.28 612.06 3.93
16144.50 11.19 611.62 3.02
16160.93 11.36 612.06 5.36
16177.37 11.23 612.18 5.99
16193.68 11.18 611.37 3.50
16210.12 11.28 611.81 3.11
16226.50 11.19 610.62 4.99
16242.93 11.36 609.93 2.93
16259.18 11.26 608.50 6.23
16275.68 11.18 610.93 4.05
16292.12 11.28 608.87 7.32
16308.43 11.23 611.56 4.65
16324.93 11.36 606.87 14.95
16341.18 11.26 609.12 3.28
16357.62 11.22 608.81 9.82
16374.06 11.30 609.75 2.54
16390.37 11.23 609.68 2.61
16406.87 11.34 603.81 17.14
16423.18 11.26 609.43 3.60
16439.56 11.21 612.25 4.08
16456.06 11.30 609.25 3.01
16472.37 11.23 610.12 3.71
16488.81 11.40 609.37 4.88
16505.18 11.26 609.25 3.31
16521.62 11.22 609.18 2.81
16538.06 11.30 613.62 7.03
16554.37 11.23 610.18 4.98
16570.75 11.40 611.25 3.11
16587.18 11.26 611.06 3.25
16603.62 11.22 612.62 3.69
16620.00 11.32 612.12 2.69
16636.37 11.23 612.87 4.21
16652.68 11.18 611.00 8.92
16669.12 11.28 613.43 3.22
16685.56 11.21 610.75 17.46
16701.93 11.36 614.12 3.95
16718.25 11.26 616.12 3.22
16734.68 11.18 616.87 7.20
16751.12 11.28 613.87 8.43
16767.43 11.23 613.31 13.35
16783.93 11.36 617.56 5.71
