1.87 0.33 571.25 71.26
40.56 8.90 515.12 27.25
76.87 8.82 428.00 24.02
113.25 8.71 349.43 21.56
149.68 8.87 273.12 19.79
186.12 8.75 205.75 17.96
222.50 8.92 145.56 15.32
258.93 8.81 103.75 16.22
295.43 8.68 60.62 7.43
334.31 9.90 32.50 7.62
371.12 9.70 19.43 2.96
407.50 9.90 17.81 4.88
443.93 9.66 28.06 7.10
480.37 9.73 49.18 12.49
516.75 9.77 84.56 12.22
553.06 9.61 131.37 12.56
589.56 9.87 183.87 19.38
626.00 9.64 247.31 18.79
662.43 9.70 316.31 20.74
698.75 9.77 395.37 23.60
735.12 9.58 471.68 22.49
771.75 9.78 556.81 22.49
808.75 9.55 640.56 21.69
845.37 9.47 722.50 21.79
881.81 9.52 799.81 20.52
918.12 9.33 876.93 17.30
954.75 9.72 948.31 30.49
991.18 9.53 1005.75 14.81
1027.31 9.58 1058.81 12.55
1063.93 9.67 1104.56 9.46
1100.25 9.49 1138.75 8.27
1136.68 9.75 1158.25 6.16
1173.18 9.53 1171.12 2.93
1209.31 9.58 1172.56 6.13
1246.00 9.64 1161.43 6.89
1282.37 9.43 1137.81 11.44
1319.00 9.83 1105.68 13.17
1355.50 9.59 1061.56 14.19
1391.81 9.68 1011.43 17.90
1428.25 9.74 953.06 19.02
1464.62 9.66 886.37 20.62
1501.06 9.80 813.68 23.10
1537.56 9.56 740.43 22.88
1573.87 9.64 663.68 21.19
1610.25 9.69 589.31 23.45
1646.62 9.52 509.93 21.20
1683.06 9.80 436.68 20.77
1719.50 9.60 366.87 18.33
1756.00 9.57 304.00 17.88
1792.81 9.89 245.12 14.73
1829.87 9.58 194.93 13.00
1866.50 9.68 153.93 9.16
1902.87 9.52 123.50 7.04
1939.18 9.74 105.18 18.79
1975.87 9.75 93.25 4.55
2012.12 9.65 95.18 8.47
2048.62 9.82 105.00 6.58
2085.00 9.67 126.31 9.28
2121.25 9.70 158.43 12.76
2157.81 9.70 199.06 14.25
2194.06 9.69 247.93 15.91
2230.68 9.79 305.25 18.32
2267.06 9.63 365.62 19.82
2303.50 9.68 431.56 19.80
2340.12 9.75 504.12 20.94
2376.56 9.76 574.81 21.75
2413.00 9.85 640.81 27.24
2449.37 9.69 716.37 21.54
2485.81 9.72 785.18 19.33
2522.25 9.69 850.31 15.85
2558.56 9.63 908.62 14.95
2595.06 9.82 962.87 14.08
2631.31 9.74 1007.37 11.27
2667.87 9.68 1045.87 10.09
2704.18 9.73 1074.12 5.59
2740.62 9.59 1085.93 12.16
2777.25 9.70 1099.62 8.94
2813.50 9.68 1099.43 5.27
2850.00 9.55 1088.37 7.98
2886.50 9.59 1067.18 11.38
2922.87 9.49 1039.56 11.85
2959.43 9.86 999.00 13.96
2995.81 9.70 954.75 13.96
3032.12 9.69 901.18 16.15
3068.68 9.70 842.87 20.88
3104.93 9.69 784.12 16.93
3141.50 9.82 712.93 21.85
3177.75 9.66 647.25 20.49
3214.25 9.63 581.18 23.00
3250.75 9.67 514.68 19.64
3287.25 9.75 449.18 18.44
3323.75 9.90 391.00 15.37
3360.06 9.70 338.81 16.06
3396.68 9.72 286.93 12.65
3433.06 9.73 243.62 9.86
3469.37 9.67 210.37 8.32
3505.93 9.83 185.56 7.70
3542.12 9.69 168.00 3.22
3578.75 9.68 160.75 6.35
3615.00 9.78 161.68 6.91
3651.43 9.63 170.81 7.84
3687.87 9.64 190.81 9.34
3724.18 9.66 218.93 11.20
3760.75 9.57 256.75 15.30
3797.87 10.42 301.56 15.40
3834.37 10.32 349.31 17.61
3870.87 10.25 405.56 19.80
3907.31 10.31 465.06 18.59
3943.62 10.49 522.75 20.37
3980.31 10.38 587.56 19.99
4016.56 10.42 649.50 19.52
4053.12 10.51 710.68 19.50
4089.43 10.44 769.93 21.07
4125.75 10.41 826.93 16.61
4162.31 10.38 877.56 15.03
4198.56 10.42 922.68 13.18
4235.18 10.48 963.62 10.05
4271.50 10.40 993.62 7.73
4308.00 10.39 1018.18 6.87
4344.62 10.41 1033.56 4.46
4381.00 10.37 1040.87 7.16
4417.43 10.56 1037.18 7.09
4453.68 10.39 1028.00 7.08
4490.31 10.41 1009.18 8.04
4526.56 10.48 980.93 12.09
4563.06 10.33 946.62 13.41
4599.43 10.35 906.18 14.12
4635.68 10.39 859.37 15.18
4672.25 10.34 809.18 16.72
4708.56 10.48 754.68 18.15
4745.06 10.28 694.81 19.37
4781.62 10.36 637.93 18.67
4818.00 10.52 580.62 17.64
4854.50 10.36 520.00 17.45
4891.12 10.29 465.18 18.41
4927.50 10.46 411.62 14.95
4964.00 10.59 366.43 13.61
5000.37 10.48 325.06 12.81
5036.75 10.41 288.50 9.59
5073.25 10.43 257.31 8.45
5109.56 10.42 238.56 8.43
5146.06 10.55 222.68 8.15
5182.37 10.48 217.00 5.42
5218.87 10.34 220.87 6.34
5255.31 10.39 230.31 9.35
5291.81 10.38 250.37 11.35
5328.31 10.60 272.62 12.39
5364.62 10.43 307.81 13.77
5401.31 10.41 344.43 14.93
5437.50 10.52 391.31 14.75
5474.00 10.37 437.31 16.79
5511.06 10.24 489.93 17.08
5547.31 10.27 544.06 19.87
5583.87 10.24 597.93 18.18
5620.18 10.37 652.50 18.12
5656.62 10.24 704.81 10.44
5693.06 10.24 756.68 17.56
5729.37 10.23 803.25 14.86
5765.87 10.24 849.37 13.76
5802.43 10.33 889.18 11.72
5838.81 10.30 922.68 10.07
5875.37 10.14 948.06 12.12
5911.81 10.18 968.12 6.67
5948.18 10.36 980.31 7.97
5984.81 10.26 984.75 4.99
6021.12 10.29 983.75 6.61
6057.62 10.40 975.31 10.13
6093.87 10.36 954.43 8.63
6130.31 10.27 935.31 19.17
6166.81 10.26 900.93 14.72
6203.06 10.27 862.06 14.31
6239.62 10.39 823.06 15.35
6275.87 10.22 770.75 34.27
6312.56 10.23 734.06 13.70
6349.00 10.37 678.87 15.76
6385.43 10.20 626.75 18.78
6421.93 10.22 577.37 16.26
6458.18 10.25 526.93 15.37
6495.31 10.47 479.00 15.22
6531.50 10.56 433.06 13.33
6567.81 10.45 393.00 13.02
6604.37 10.44 355.93 11.28
6640.62 10.46 325.50 9.44
6677.06 10.54 301.56 11.77
6713.43 10.61 281.62 10.49
6749.81 10.46 271.25 6.52
6786.56 10.44 268.93 6.63
6823.00 10.51 266.56 16.77
6860.00 10.23 282.68 6.75
6896.68 10.11 297.56 9.09
6932.93 10.32 323.56 11.45
6969.56 10.43 351.75 11.79
7005.87 10.32 384.87 13.63
7042.25 10.25 418.37 20.14
7078.81 10.23 466.25 15.30
7115.00 10.27 511.43 15.59
7151.56 10.41 559.06 15.78
7187.81 10.23 608.68 15.45
7224.31 10.09 653.43 16.04
7260.75 10.29 701.50 14.41
7297.87 10.05 747.25 16.66
7334.50 10.05 787.68 13.70
7370.93 9.99 825.87 13.82
7407.50 9.98 858.87 12.44
7443.81 10.11 887.18 11.50
7480.06 10.02 908.87 7.83
7516.68 10.03 926.31 11.46
7553.00 10.03 936.06 5.24
7589.31 10.12 937.75 6.71
7625.81 10.21 934.93 7.55
7662.06 10.11 925.18 10.04
7698.68 10.03 908.37 8.58
7735.06 9.98 886.56 10.11
7771.43 10.01 859.56 11.72
7808.25 10.07 826.43 13.72
7844.56 10.04 786.62 17.38
7881.12 9.94 748.56 16.90
7917.50 9.88 707.62 17.22
7953.87 10.15 664.43 14.50
7990.62 9.99 619.12 14.71
8026.81 10.03 573.68 16.02
8063.31 10.19 532.37 14.58
8099.62 9.99 488.75 17.24
8135.93 9.98 450.31 13.77
8172.50 10.11 414.87 12.12
8208.81 10.03 386.18 11.25
8245.25 9.93 358.68 11.04
8281.75 9.96 339.37 7.76
8318.50 10.02 325.12 8.66
8354.81 10.14 313.56 8.31
8391.18 10.01 313.12 11.82
8427.62 9.95 316.93 8.19
8464.00 9.99 324.43 7.88
8501.18 11.10 340.87 8.17
8537.62 11.11 363.12 10.04
8573.93 11.00 387.18 9.84
8610.50 10.95 418.18 12.53
8646.81 10.93 456.18 11.55
8683.12 10.99 488.87 10.73
8719.62 11.11 530.62 14.67
8755.87 10.92 572.31 13.95
8792.68 10.91 613.75 13.57
8829.93 11.39 658.37 17.96
8866.31 11.38 696.68 14.19
8903.06 11.32 737.87 14.31
8939.25 11.47 769.68 12.99
8975.87 11.62 802.50 10.75
9012.12 11.46 830.68 7.90
9048.37 11.41 856.43 11.17
9085.06 11.52 874.31 7.12
9121.31 11.41 887.75 7.12
9157.81 11.48 895.50 7.69
9194.12 11.46 896.50 6.72
9230.50 11.30 894.18 5.53
9267.06 11.47 884.75 9.83
9303.43 11.47 869.25 7.25
9340.06 11.40 847.25 10.76
9376.50 11.41 824.12 11.92
9412.81 11.40 795.00 12.28
9449.37 11.53 760.93 11.84
9485.62 11.56 726.68 13.59
9522.25 11.41 690.50 14.49
9558.56 11.50 649.43 15.09
9594.87 11.49 612.81 13.97
9631.43 11.62 574.43 14.99
9667.56 11.50 536.18 15.17
9704.25 11.41 500.81 12.19
9741.25 11.11 465.68 10.10
9777.62 11.09 436.25 12.02
9814.37 11.25 409.81 8.84
9850.62 11.17 389.62 9.60
9887.25 11.14 370.93 8.66
9923.62 11.03 358.43 7.42
9959.93 11.10 353.50 10.60
9996.62 11.17 356.62 17.84
10032.87 11.11 355.37 7.97
10069.43 11.14 365.06 7.39
10105.75 11.10 376.50 10.72
10142.00 11.03 396.75 12.17
10178.62 11.17 423.93 14.52
10214.81 11.17 448.37 11.74
10251.37 11.07 478.75 12.85
10288.50 11.49 514.25 13.33
10325.00 11.46 547.75 14.09
10361.56 11.64 583.68 12.82
10397.81 11.52 620.93 14.50
10434.43 11.35 658.68 16.96
10470.75 11.46 696.18 21.47
10507.12 11.50 724.93 13.18
10543.68 11.68 757.68 11.04
10579.81 11.54 784.37 11.42
10616.37 11.49 808.37 8.72
10652.81 11.54 828.37 10.01
10689.06 11.51 843.12 7.47
10725.75 11.67 854.43 6.77
10761.93 11.47 860.68 7.14
10798.68 11.65 860.75 8.69
10835.12 11.52 851.25 26.10
10871.43 11.47 848.37 7.56
10908.68 11.13 833.31 10.53
10944.93 11.23 815.31 9.98
10981.43 11.26 790.00 16.39
11017.93 11.09 767.50 11.61
11054.12 11.06 738.62 12.39
11090.81 11.19 709.18 11.79
11127.00 11.15 675.62 12.59
11163.37 11.04 641.43 14.29
11199.93 11.09 607.25 11.98
11236.87 10.54 573.62 13.04
11273.93 11.38 543.06 15.26
11310.31 11.38 505.18 22.76
11346.87 11.17 476.37 18.52
11383.93 10.89 454.87 11.10
11420.25 10.96 432.43 10.64
11456.75 11.06 417.06 14.06
11493.12 11.03 399.06 9.21
11529.62 11.00 391.18 8.23
11566.00 10.97 384.93 7.34
11602.31 11.03 386.12 7.59
11638.81 11.14 389.00 8.25
11675.12 11.03 397.68 8.44
11711.62 11.00 411.37 8.97
11748.06 10.95 430.56 10.72
11784.50 10.98 448.87 10.71
11821.12 11.06 472.18 10.58
11857.56 10.96 501.81 11.29
11894.18 10.86 529.50 11.38
11930.50 10.79 562.68 13.42
11966.81 10.94 592.12 12.62
12003.43 10.95 624.81 11.79
12039.75 10.97 654.18 10.33
12076.18 10.77 692.06 18.67
12112.62 10.83 714.31 12.67
12148.87 10.86 744.50 10.72
12185.37 11.03 765.12 9.78
12221.81 10.94 787.00 9.29
12258.31 11.11 800.25 9.88
12294.87 11.15 816.00 8.68
12331.31 11.16 824.00 7.64
12367.87 11.26 828.81 7.32
12404.18 11.16 829.12 6.39
12440.62 11.04 824.68 6.97
12477.12 11.16 813.25 8.09
12513.43 11.23 803.50 11.11
12549.93 11.33 786.75 9.76
12586.25 11.23 766.06 9.50
12622.75 11.19 743.68 10.38
12659.12 11.16 721.25 17.55
12695.43 11.23 693.37 11.97
12731.93 11.19 662.68 13.49
12768.37 11.13 632.75 12.99
12805.12 11.21 602.43 12.28
12841.56 11.01 574.00 11.96
12877.87 11.02 544.12 12.27
12914.43 10.95 518.31 10.66
12950.81 11.12 493.50 10.71
12987.37 10.94 474.62 8.59
13023.81 10.98 452.43 11.25
13060.06 11.02 437.12 10.26
13096.56 11.19 426.06 7.62
13132.87 11.03 416.93 8.19
13169.25 11.00 414.62 6.65
13205.75 11.01 412.87 9.86
13242.12 11.00 418.31 8.22
13279.75 13.52 426.75 10.88
13316.06 13.35 437.93 9.75
13352.68 13.32 454.56 12.01
13389.18 13.31 473.43 8.59
13425.50 13.23 495.06 11.08
13462.00 13.47 519.93 13.46
13498.31 13.34 545.81 13.04
13534.87 13.42 572.37 14.67
13571.25 13.37 600.00 12.58
13607.56 13.29 627.62 15.32
13644.00 13.43 655.31 13.17
13680.31 13.34 681.81 14.39
13716.87 13.42 707.06 11.88
13753.18 13.44 727.68 10.46
13789.62 13.23 749.18 14.39
13826.25 13.36 767.37 13.09
13863.56 13.33 781.31 9.25
13900.06 13.25 789.87 8.33
13936.62 13.35 797.93 9.05
13972.68 13.39 801.06 8.34
14009.43 13.48 799.31 6.79
14045.75 13.31 797.87 12.45
14081.93 13.22 789.43 8.46
14118.62 13.31 774.56 8.36
14154.81 13.23 761.50 10.17
14191.43 13.48 743.18 17.11
14227.75 13.25 723.50 11.11
14264.12 13.50 700.31 12.77
14300.68 13.55 677.12 13.16
14337.18 13.32 653.00 15.93
14373.75 13.51 626.37 12.85
14410.06 13.33 600.31 13.27
14446.50 13.37 574.50 12.32
14483.00 13.50 550.00 13.99
14519.31 13.36 527.75 12.42
14555.75 13.47 505.37 11.74
14592.12 13.39 487.93 11.04
14628.62 13.48 472.37 12.04
14665.00 13.50 459.50 10.32
14701.25 13.34 449.00 6.64
14737.81 13.44 442.62 8.12
14774.25 13.28 439.43 9.01
14810.87 13.34 441.06 9.47
14848.18 12.71 443.75 9.62
14884.31 12.70 453.50 9.59
14921.06 12.68 465.75 6.65
14957.43 12.75 477.56 8.93
14993.68 12.56 494.00 10.74
15030.37 12.67 515.06 10.81
15066.56 12.58 535.81 11.78
15103.25 12.77 559.43 12.61
15139.43 12.63 583.62 14.52
15175.62 12.59 605.75 13.25
15212.31 12.69 630.25 13.36
15248.68 12.70 653.43 14.09
15285.25 12.90 675.37 12.68
15321.62 12.77 697.31 12.56
15358.18 12.70 716.56 11.85
15394.68 12.73 734.18 10.69
15430.93 12.65 748.93 9.81
15467.37 12.74 765.31 16.22
15503.81 12.74 769.56 8.60
15540.31 12.81 774.68 9.63
15576.75 12.78 781.50 9.00
15612.93 12.69 778.50 10.26
15649.43 12.80 774.62 12.02
15685.81 12.74 766.12 8.59
15722.37 12.67 753.93 7.92
15758.87 12.71 740.62 9.74
15795.12 12.64 724.56 11.22
15831.93 12.74 707.75 11.55
15868.25 12.72 687.68 10.16
15904.62 12.48 666.00 12.37
15941.18 12.80 642.00 12.63
15977.43 12.73 621.68 12.41
16014.18 12.80 599.87 12.65
16050.43 12.61 577.81 12.65
16086.62 12.57 556.25 11.45
16123.25 12.72 535.62 11.21
16159.56 12.56 517.87 10.49
16196.06 12.79 501.37 10.88
16232.50 12.58 491.81 9.57
16268.87 12.82 477.56 8.25
16305.43 12.86 467.81 10.21
16341.93 12.63 464.12 7.58
16378.37 12.74 461.56 6.33
16414.81 12.65 463.68 9.33
16451.25 12.66 468.12 5.51
16487.75 12.78 476.93 11.00
16524.00 12.64 484.81 9.50
16560.43 12.80 498.62 9.33
16596.87 12.70 512.00 10.19
16633.31 12.71 529.06 11.42
16669.75 12.78 545.87 11.76
16705.93 12.73 566.81 12.29
16742.43 12.73 586.87 12.17
16778.93 12.63 609.87 11.88
16815.37 12.49 629.68 14.63
16852.00 12.72 653.37 17.44
16888.25 12.65 671.18 10.55
16924.87 12.70 689.50 11.67
16961.31 12.68 705.25 13.75
16997.56 12.55 720.56 9.03
17034.18 12.69 736.06 14.84
17070.50 12.53 743.06 10.14
17107.00 12.77 751.06 12.60
17143.37 12.59 757.18 12.01
17179.56 12.55 757.93 7.52
17216.25 12.66 756.18 10.44
17252.62 12.65 751.25 7.90
17289.06 12.80 744.06 12.26
17325.68 12.65 735.68 10.29
17362.25 12.62 721.75 9.26
17398.68 12.69 711.50 8.72
17434.93 12.55 695.87 12.85
17471.37 12.70 677.56 12.75
17507.81 12.70 658.25 11.00
17544.31 12.67 638.75 12.59
17580.68 12.78 618.12 13.05
17616.87 12.66 598.75 11.69
17653.37 12.72 579.18 12.51
17689.81 12.70 560.68 10.87
17726.25 12.50 544.81 11.64
17762.68 12.82 528.12 11.66
17799.75 13.11 515.56 9.33
17837.31 13.17 501.62 8.77
17873.62 13.16 493.68 8.48
17909.87 12.98 487.81 7.86
17946.62 13.18 483.93 8.10
17982.81 13.15 481.31 7.46
18019.43 13.15 483.06 7.70
18055.87 13.06 485.37 15.63
18092.00 12.98 491.37 13.95
18128.68 13.08 508.12 15.97
18164.93 12.97 512.00 7.93
18201.37 13.06 526.25 10.88
18237.93 13.02 543.06 10.66
18274.25 13.20 560.93 10.84
18310.87 13.20 574.68 11.59
18347.25 12.99 593.43 12.36
18384.62 13.19 615.62 13.81
18421.00 13.22 631.62 12.29
18457.43 12.99 649.93 12.18
18493.87 13.35 666.87 14.33
18530.18 13.25 682.43 9.38
18566.62 13.21 696.37 11.06
18603.06 13.26 709.06 10.45
18639.43 13.07 717.12 8.89
18675.87 13.35 727.25 9.03
18712.18 13.25 734.18 8.66
18748.68 13.17 740.06 15.77
18785.93 12.49 739.06 7.35
18822.31 12.40 737.06 7.64
18859.00 12.54 731.56 7.81
18895.25 12.43 729.93 18.69
18931.81 12.41 717.62 8.60
18968.31 12.51 711.68 21.14
19004.56 12.34 694.87 6.81
19041.18 12.46 680.00 9.25
19077.43 12.31 663.56 10.06
19113.93 12.38 647.62 10.31
19150.37 12.41 629.62 11.72
19186.56 12.34 613.93 11.21
19223.25 12.41 597.06 10.01
19259.56 12.40 581.25 12.69
19296.06 12.48 564.37 10.81
19332.62 12.45 551.00 9.93
19369.12 12.21 536.56 8.51
19405.56 12.48 523.75 11.31
19441.81 12.47 517.31 9.62
19478.18 12.36 510.62 9.23
19514.75 12.52 501.18 9.70
19551.12 12.30 500.12 7.92
19587.62 12.52 495.18 11.17
19623.87 12.50 499.56 8.67
19660.31 12.44 508.62 15.58
19696.62 12.52 511.06 7.27
19733.06 12.35 517.31 8.96
19770.18 12.26 528.75 8.02
19806.56 12.28 542.18 8.43
19843.25 12.26 551.12 11.56
19879.56 12.37 568.87 10.04
19915.93 12.17 582.18 11.42
19952.56 12.39 600.25 10.60
19988.81 12.33 615.43 8.93
20025.43 12.17 631.81 9.85
20061.81 12.23 646.06 8.83
20098.00 12.15 661.43 8.48
20134.62 12.28 673.93 9.28
20170.87 12.22 688.62 9.86
20207.43 12.17 696.06 14.36
20243.87 12.38 706.93 11.24
20280.18 12.19 714.00 7.27
20316.81 12.38 719.56 9.30
20353.31 12.26 718.06 18.04
20389.68 12.14 720.75 9.04
20426.12 12.29 721.75 8.11
20462.56 12.04 717.56 8.29
20499.00 12.32 709.93 7.26
20535.37 12.30 702.25 7.68
20571.81 12.21 694.81 7.54
20608.06 12.33 681.00 8.31
20644.50 12.19 670.18 8.76
20681.00 12.32 653.31 12.14
20717.31 12.26 641.87 9.25
20754.06 12.15 628.00 10.30
20790.50 12.32 609.37 18.83
20826.93 12.22 598.37 11.11
20863.56 12.36 584.06 9.30
20899.87 12.25 568.56 10.11
20936.43 12.20 557.50 10.86
20972.81 12.25 544.81 9.36
21009.81 11.14 535.87 8.62
21046.37 11.15 529.00 8.46
21082.75 11.10 520.00 6.99
21119.25 11.13 517.31 7.26
21155.62 11.17 511.81 11.22
21191.81 11.14 513.93 6.93
21228.43 11.09 515.37 7.42
21264.87 11.20 519.06 7.68
21301.31 11.17 524.12 9.05
21337.93 11.12 532.18 8.52
21374.37 10.98 541.43 6.06
21410.68 11.13 551.18 8.12
21447.12 11.12 562.62 8.99
21483.62 11.15 575.25 8.95
21519.87 11.25 587.62 9.48
21556.31 11.15 602.18 17.61
21592.75 11.17 616.68 7.94
21629.12 11.12 631.43 9.60
21665.62 11.15 646.00 8.76
21701.87 11.25 657.68 9.26
21738.37 11.08 669.50 8.80
21775.87 11.84 675.56 15.32
21812.50 11.83 687.62 7.65
21849.12 11.90 696.81 8.95
21885.43 11.97 703.31 7.54
21921.68 11.79 705.43 6.29
21958.37 11.91 708.93 6.87
21995.31 11.51 709.00 7.92
22031.93 11.54 708.06 11.45
22068.25 11.59 703.75 7.55
22104.43 11.53 699.00 6.87
22141.06 11.55 692.37 9.67
22177.31 11.51 682.50 7.67
22213.75 11.37 673.00 8.20
22250.31 11.61 660.37 8.33
22286.56 11.60 649.50 8.20
22323.18 11.60 639.00 7.87
22359.75 11.46 623.37 12.52
22396.18 11.45 612.56 10.83
22432.50 11.54 598.56 8.02
22468.87 11.44 585.25 9.34
22505.43 11.50 574.93 6.29
22541.75 11.46 561.25 11.71
22578.25 11.43 553.31 7.10
22614.56 11.57 544.75 7.53
22650.93 11.47 539.06 7.07
22687.37 11.50 532.18 7.00
22723.75 11.46 531.93 15.81
22760.37 11.59 524.87 7.38
22796.81 11.67 530.31 11.93
22833.06 11.63 530.31 7.30
22869.87 11.57 536.25 16.74
22906.12 11.53 538.12 6.75
22942.87 11.69 544.68 8.04
22979.25 11.73 551.68 7.74
23015.43 11.68 558.75 10.57
23052.18 11.68 572.43 8.78
23088.31 11.66 581.50 10.93
23124.75 11.52 594.56 8.85
23161.18 11.68 607.87 10.22
23197.43 11.68 617.81 8.87
23234.12 11.69 631.37 7.57
23270.43 11.73 642.62 10.96
23307.00 11.72 657.12 16.19
23343.50 11.59 663.25 6.95
23379.87 11.59 673.62 7.67
23416.43 11.69 680.31 7.26
23452.68 11.59 686.62 8.38
23489.25 11.57 690.56 6.58
23525.62 11.64 693.81 7.89
23561.93 11.62 696.06 7.09
23598.37 11.65 695.68 7.52
23634.75 11.61 695.31 7.43
23671.25 11.57 690.75 9.21
23707.62 11.64 686.37 7.50
23744.56 11.13 680.37 9.02
23781.25 11.13 672.56 7.66
23817.68 11.16 663.75 9.09
23854.37 11.15 654.37 7.82
23890.68 11.24 644.87 8.51
23926.87 11.10 632.31 8.10
23963.68 11.21 621.37 7.73
23999.93 11.13 610.43 9.17
24036.37 10.96 597.12 8.51
24072.81 11.16 588.18 7.94
24109.06 11.14 576.75 8.30
24145.68 11.19 569.93 8.40
24181.93 11.13 561.43 6.97
24218.31 11.04 552.68 6.88
24254.93 11.23 545.68 8.89
24291.18 11.21 543.75 7.96
24327.87 11.25 539.56 6.52
24364.31 11.03 537.50 7.31
24400.75 10.94 537.87 7.80
24437.18 11.07 540.37 6.86
24473.50 11.03 543.00 7.43
24510.00 11.06 547.43 7.24
24546.37 11.06 554.56 9.32
24582.87 10.99 559.93 7.29
24619.25 11.09 569.75 7.20
24655.43 11.08 580.06 6.90
24692.00 11.06 587.25 7.37
24728.43 11.03 594.68 11.72
24765.06 11.12 607.43 11.68
24801.50 11.24 619.81 9.24
24837.81 11.18 629.25 7.31
24874.50 11.15 639.62 9.14
24910.81 11.07 648.37 7.24
24947.25 11.05 658.31 7.25
24983.81 11.16 665.68 8.56
25020.06 11.14 671.75 5.74
25056.68 11.19 677.50 8.10
25092.93 11.13 679.43 11.04
25129.18 11.20 684.43 7.85
25165.81 11.16 686.93 8.91
25202.06 11.14 685.62 8.60
25239.43 10.64 683.87 7.50
25275.75 10.70 681.43 7.65
25312.12 10.79 676.68 7.51
25348.81 10.54 670.18 8.32
25385.18 10.49 664.93 6.51
25421.62 10.54 656.43 7.82
25458.00 10.51 648.43 8.65
25494.56 10.49 638.12 13.60
25530.93 10.58 630.00 7.54
25567.12 10.55 619.00 8.02
25603.68 10.56 609.81 7.21
25640.06 10.53 599.68 5.07
25676.56 10.49 590.81 8.24
25712.93 10.58 582.00 7.37
25749.25 10.60 573.50 7.63
25785.87 10.65 565.50 9.78
25822.31 10.71 562.75 7.64
25858.87 10.47 555.68 6.05
25895.31 10.66 550.93 6.88
25931.56 10.54 550.37 7.09
25968.31 10.68 548.12 6.32
26004.56 10.59 548.81 6.09
26040.87 10.63 549.31 6.09
26077.43 10.64 552.93 7.93
26113.68 10.59 554.50 8.92
26150.31 10.68 562.12 8.14
26186.56 10.59 564.31 14.33
26223.31 10.59 576.50 6.45
26260.06 10.82 583.37 8.62
26296.18 10.77 591.87 9.07
26332.93 10.57 598.06 19.08
26369.37 10.66 611.56 7.32
26405.81 10.51 620.06 8.12
26442.31 10.62 628.12 7.92
26478.50 10.59 638.81 7.66
26515.06 10.61 645.37 8.40
26551.43 10.68 654.87 7.25
26587.93 10.54 660.43 8.36
26624.37 10.64 665.68 7.29
26660.56 10.60 669.93 7.16
26697.06 10.61 666.62 28.89
26733.50 10.65 676.75 7.69
26770.00 10.49 676.75 6.72
26806.56 10.72 677.50 7.25
26842.93 10.67 675.93 9.48
26879.50 10.66 672.37 8.28
26916.68 9.88 669.62 6.16
26952.93 9.89 663.87 7.77
26989.75 9.87 655.87 8.86
27025.93 9.90 648.25 9.46
27062.50 9.94 643.06 7.88
27098.81 9.91 635.12 8.27
27135.00 9.86 625.81 6.44
27171.75 9.87 622.25 15.77
27208.00 10.00 608.68 8.96
27244.56 9.95 602.75 9.56
27281.06 10.14 593.06 8.48
27317.37 10.21 588.37 17.61
27354.12 9.89 582.75 18.11
27390.37 9.92 571.00 8.36
27426.87 9.88 564.93 9.23
27463.31 9.91 563.87 9.25
27499.81 9.84 558.93 6.96
27536.25 9.91 561.62 10.97
27572.43 9.94 556.62 8.97
27608.87 9.91 558.25 6.80
27645.37 9.92 562.12 9.27
27681.75 9.82 561.37 7.19
27718.18 9.96 565.62 8.13
27754.56 9.97 570.56 7.33
27791.06 9.98 576.75 8.19
27827.68 9.97 581.25 8.76
27863.93 9.90 588.25 7.54
27900.68 9.86 594.31 10.88
27936.87 9.94 605.50 8.34
27973.56 10.01 611.37 11.68
28009.93 9.96 614.18 25.36
28046.12 9.91 628.43 6.48
28082.81 9.89 637.25 32.23
28118.93 9.96 643.00 8.15
28155.50 9.92 649.68 8.15
28191.93 9.96 654.81 7.92
28229.25 11.32 660.62 8.68
28265.93 11.39 663.62 6.80
28302.12 11.51 667.81 8.16
28338.81 11.23 668.18 6.67
28375.25 11.20 669.81 6.95
28411.62 11.23 661.25 19.58
28448.06 11.25 670.37 12.91
28484.37 11.32 666.56 10.62
28520.87 11.26 659.87 8.22
28557.31 11.20 656.81 8.90
28593.68 11.23 651.50 8.22
28630.12 11.26 646.06 7.00
28666.43 11.33 636.68 9.33
28702.87 11.26 632.18 7.26
28740.06 11.06 623.62 6.47
28776.31 11.16 616.00 7.09
28813.06 11.13 609.06 7.92
28849.50 11.16 603.37 6.32
28886.06 11.02 592.93 9.44
28922.43 11.02 589.37 8.20
28958.68 11.14 582.62 7.45
28995.43 11.03 572.43 18.49
29031.56 11.03 574.87 7.26
29068.18 11.01 569.25 5.49
29104.56 11.03 567.25 6.77
29140.75 11.10 562.62 6.77
29177.43 11.03 563.50 6.22
29213.68 11.25 564.18 6.76
29250.31 11.25 569.93 10.01
29286.68 11.26 568.56 7.04
29323.00 11.42 571.43 7.36
29359.81 11.02 571.43 20.90
29396.06 11.12 584.31 8.38
29432.50 11.03 588.37 7.74
29468.93 11.01 593.18 6.22
29505.37 11.01 600.37 6.71
29541.87 11.02 603.93 10.68
29578.12 11.13 613.31 6.48
29614.56 11.03 620.87 7.81
29650.87 11.02 624.75 11.16
29687.18 11.09 633.25 7.84
29724.31 11.31 641.00 7.41
29760.75 11.48 645.93 6.47
29797.25 11.40 651.25 7.14
29833.68 11.34 654.37 7.36
29870.06 11.40 658.31 7.90
29907.56 11.21 659.37 5.84
29943.68 11.28 661.37 9.28
29980.37 11.15 662.43 5.79
30016.68 11.18 661.00 6.88
30052.93 11.29 661.62 10.14
30089.56 11.13 656.18 6.17
30125.75 11.23 654.31 8.53
30162.37 11.15 651.06 6.80
30198.75 11.29 646.31 7.32
30235.00 11.40 641.25 7.11
30271.62 11.32 630.93 16.00
30308.06 11.46 628.31 8.36
30344.68 11.09 621.56 6.29
30381.12 11.08 615.50 7.17
30417.62 11.04 608.81 7.45
30453.93 11.00 597.62 19.60
30490.37 11.22 594.75 8.61
30526.81 11.09 590.62 7.11
30563.12 11.05 586.62 7.31
30599.50 11.13 580.06 11.96
30635.93 11.02 578.12 7.91
30672.37 11.22 574.81 7.22
30708.93 11.20 568.93 14.10
30745.37 11.26 570.93 6.89
30781.75 11.35 570.87 6.75
30818.43 11.17 572.50 8.09
30854.75 11.28 573.31 5.69
30891.43 11.22 573.81 7.43
30927.75 11.24 578.56 6.65
30964.62 12.05 581.31 6.64
31001.31 11.75 585.81 8.17
31037.56 11.93 589.87 10.13
31074.18 11.81 597.00 6.85
31110.50 11.87 601.87 8.41
31146.75 11.97 607.81 7.08
31183.31 11.75 615.00 5.70
31219.68 12.12 621.81 7.75
31256.25 12.04 627.18 6.31
31292.62 12.07 630.62 9.78
31329.06 12.18 637.37 7.28
31365.68 11.68 643.00 5.87
31402.00 11.89 644.50 10.51
31438.43 11.79 647.50 7.83
31474.81 11.78 652.12 6.59
31511.25 11.84 657.37 14.96
31547.68 11.71 655.75 6.39
31584.06 11.88 654.25 9.91
31620.50 11.73 656.31 7.09
31656.87 11.78 656.12 7.85
31693.25 11.84 654.18 12.28
31730.81 13.30 648.37 6.45
31767.12 13.39 643.12 7.92
31803.81 13.42 641.00 7.27
31840.25 13.27 635.87 7.59
31876.50 13.37 631.93 7.10
31913.25 13.23 626.62 8.34
31949.50 13.39 619.56 6.37
31986.25 13.31 615.25 7.01
32022.56 13.34 610.06 7.84
32058.75 13.37 605.31 8.72
32095.37 13.25 598.37 6.40
32131.56 13.34 594.18 7.67
32168.18 13.35 588.75 10.35
32204.62 13.42 583.75 6.69
32240.81 13.45 581.37 7.18
32277.50 13.42 578.25 4.97
32313.81 13.55 578.00 7.65
32350.43 13.29 573.43 9.00
32386.87 13.24 576.87 5.54
32423.18 13.23 574.50 10.63
32459.68 13.19 578.06 6.23
32496.12 13.31 579.75 5.62
32532.50 13.10 582.25 6.43
32568.87 13.22 586.87 6.50
32605.25 13.21 586.50 10.86
32641.68 13.22 593.87 8.21
32678.00 13.24 595.87 17.53
32714.62 13.34 605.00 5.47
32750.93 13.31 610.31 7.10
32787.31 13.47 613.75 8.54
32824.06 13.29 620.68 6.72
32860.37 13.31 625.18 6.66
32897.12 13.29 623.75 25.43
32933.37 13.25 634.81 6.18
32969.62 13.46 641.37 9.79
33006.37 13.25 641.93 6.21
33042.56 13.34 644.43 6.73
33079.18 13.35 646.37 5.75
33115.56 13.34 650.68 8.47
33151.75 13.37 646.25 15.22
33188.37 13.25 650.12 5.50
33224.68 13.51 651.56 6.38
33261.25 13.53 647.93 7.44
33297.62 13.50 647.62 6.76
33334.00 13.44 643.12 11.53
33370.56 13.39 640.37 5.92
33406.87 13.44 636.37 6.56
33443.12 13.52 632.43 6.22
33479.68 13.43 626.62 6.41
33516.12 13.42 625.93 7.64
33552.56 13.41 624.06 24.90
33588.87 13.44 614.56 7.32
33625.25 13.50 607.68 8.25
33661.68 13.35 604.75 8.69
33698.06 13.62 601.75 6.83
33734.62 13.54 595.00 6.73
33771.00 13.59 591.81 6.79
33807.56 13.82 590.18 6.93
33844.12 13.43 584.37 7.42
33880.43 13.59 583.25 5.40
33917.12 13.43 580.25 6.46
33953.37 13.59 580.18 7.01
33989.93 13.75 579.75 6.54
34026.43 13.55 582.56 8.16
34062.62 13.57 583.81 7.80
34099.25 13.45 585.87 10.09
34135.43 13.55 586.31 6.62
34171.87 13.76 590.81 8.97
34208.43 13.62 593.18 6.93
34244.68 13.65 596.06 9.49
34281.31 13.65 601.75 6.38
34317.62 13.67 607.18 8.37
34354.06 13.53 611.00 6.98
34390.68 13.43 617.25 8.64
34427.06 13.43 619.18 7.20
34463.50 13.42 626.25 6.73
34499.87 13.44 627.06 9.42
34536.25 13.50 632.18 7.00
34572.68 13.35 637.75 5.76
34609.00 13.51 638.62 7.47
34645.56 13.41 640.50 6.63
34681.87 13.44 643.18 6.80
34718.37 13.74 645.62 5.80
34754.81 13.50 646.06 5.10
34791.18 13.67 645.06 6.81
34827.93 13.49 647.12 6.62
34864.25 13.51 641.06 9.09
34900.81 13.73 643.93 5.64
34937.25 13.46 640.50 6.35
34973.43 13.59 636.81 6.02
35010.18 13.39 640.87 21.25
35046.37 13.48 630.68 8.57
35082.81 13.70 627.25 5.79
35119.31 13.47 624.18 7.22
35155.56 13.50 615.12 8.40
35192.18 13.50 617.93 12.90
35228.43 13.56 609.68 6.63
35264.81 13.72 604.87 8.99
35301.31 13.56 600.50 5.80
35338.06 13.17 597.43 7.48
35374.56 13.16 594.37 6.45
35410.87 13.18 590.06 5.72
35447.31 13.06 589.12 8.35
35483.68 13.09 586.06 5.94
35520.06 13.24 586.50 6.58
35556.62 13.15 585.12 6.88
35592.93 13.17 584.50 7.18
35629.43 13.03 586.18 7.37
35665.75 13.08 586.37 5.96
35702.12 13.36 586.50 5.27
35738.68 13.27 591.50 7.75
35775.06 13.32 594.06 8.66
35811.75 13.35 595.12 8.00
35848.12 13.20 601.62 8.61
35884.43 13.35 603.50 6.83
35921.06 13.23 603.81 12.12
35957.37 13.35 610.56 6.42
35993.87 13.53 616.50 7.39
36030.37 13.30 619.87 6.29
36066.62 13.33 624.06 7.15
36103.12 13.28 629.12 8.68
36139.43 13.31 629.81 7.61
36175.75 13.32 636.06 7.24
36212.31 13.30 635.87 7.06
36248.68 13.41 634.31 12.68
36285.12 13.40 640.62 5.80
36321.56 13.34 641.75 6.10
36358.06 12.92 644.50 11.32
36394.56 13.04 641.75 5.72
36430.87 13.20 643.31 5.44
36467.37 13.14 638.43 7.25
36503.81 13.11 637.06 9.61
36540.25 12.89 637.12 6.58
36576.62 13.03 637.37 13.11
36612.93 13.19 635.56 20.26
36649.43 13.13 628.62 9.75
36685.81 13.11 624.68 7.34
36722.37 13.14 620.50 5.99
36758.75 13.19 618.37 6.99
36795.12 13.35 608.87 9.14
36831.81 13.20 608.87 11.23
36868.18 13.19 605.50 4.85
36904.56 13.21 600.31 6.20
36941.25 13.26 599.18 5.74
36977.50 13.41 594.68 6.42
37014.12 13.26 593.12 4.95
37050.37 13.22 590.31 5.73
37086.75 13.30 589.18 8.65
37123.25 13.20 589.06 5.92
37159.37 13.22 589.37 6.49
37196.06 13.30 589.12 6.61
37232.43 13.30 592.37 8.82
37268.81 13.43 588.68 8.84
37305.37 13.36 590.81 5.96
