1.93 0.24 570.62 70.44
20.56 8.64 570.93 25.70
37.12 8.75 542.25 21.12
53.50 8.66 512.18 21.51
69.93 8.80 479.25 19.88
86.25 8.72 450.06 19.04
102.62 8.63 421.12 18.34
119.25 8.73 390.81 18.25
135.37 8.69 363.87 17.78
152.00 8.79 335.87 15.64
168.31 8.71 308.12 16.08
184.81 8.59 280.37 17.81
201.25 8.73 257.56 14.96
217.43 8.67 235.31 16.25
234.06 8.78 213.31 13.97
250.43 8.68 188.37 13.16
266.75 8.60 171.00 11.87
283.31 8.72 150.25 10.78
299.50 8.66 134.75 11.17
316.12 8.77 115.37 10.82
332.50 8.66 100.62 9.98
348.68 8.61 87.87 11.65
365.81 8.70 73.75 8.08
381.87 8.67 61.00 7.27
398.37 8.57 49.93 7.12
414.87 8.67 43.18 7.28
431.31 8.61 32.68 10.15
447.93 8.67 28.37 4.94
464.06 8.64 23.81 4.92
480.56 8.53 19.18 3.73
497.12 8.61 18.56 3.76
513.50 8.56 15.25 5.42
530.00 8.66 16.87 7.59
546.18 8.61 16.68 5.64
562.81 8.46 21.87 4.73
579.37 9.31 22.68 4.47
595.56 9.54 31.00 3.69
612.25 9.36 38.12 4.99
628.50 9.54 46.50 4.66
645.00 9.44 55.81 9.44
661.31 9.34 64.62 8.61
677.68 9.50 73.31 14.02
694.25 9.36 86.12 7.73
710.56 9.52 102.12 10.23
726.93 9.46 112.12 10.16
743.43 9.30 129.62 10.37
759.68 9.50 143.31 10.76
776.37 9.32 158.81 10.27
792.56 9.51 177.81 9.68
809.00 9.43 195.37 10.32
825.50 9.28 213.06 11.33
841.81 9.46 230.18 14.72
858.31 9.34 254.62 20.91
874.68 9.47 269.75 13.97
891.12 9.40 292.81 13.65
907.56 9.26 312.50 11.20
923.87 9.44 334.31 12.92
940.37 9.32 353.68 13.38
956.75 9.45 377.18 18.39
973.12 9.40 397.81 12.30
989.62 9.23 420.37 14.68
1005.87 9.42 441.87 13.75
1022.43 9.29 462.75 13.17
1038.75 9.19 485.68 13.92
1055.18 9.34 505.06 14.35
1071.68 9.22 528.37 13.57
1087.93 9.40 546.06 14.65
1104.37 9.32 569.31 11.85
1120.87 9.16 590.18 12.69
1137.25 9.32 610.62 12.08
1153.75 9.20 630.87 12.10
1170.00 9.39 649.37 12.42
1186.50 9.29 669.87 11.58
1202.93 9.14 687.12 10.55
1219.25 9.32 704.62 10.96
1235.81 9.19 721.81 12.27
1252.06 9.36 739.75 10.96
1268.50 9.29 756.81 9.75
1285.00 9.12 771.75 10.65
1301.31 9.30 787.12 11.08
1317.87 9.17 800.43 9.18
1334.06 9.36 813.81 8.11
1350.56 9.26 827.06 9.43
1367.00 9.16 839.93 8.63
1383.37 9.36 851.68 10.02
1399.87 9.20 858.25 7.04
1416.12 9.38 869.18 7.14
1432.81 9.31 878.43 5.28
1449.31 9.18 886.62 5.94
1465.43 9.39 893.37 5.49
1482.12 9.20 899.12 5.11
1498.50 9.13 903.75 5.63
1514.93 9.30 910.12 5.23
1531.31 9.17 913.87 5.01
1547.56 9.37 915.37 3.50
1564.25 9.19 917.56 4.00
1580.68 9.58 919.56 2.83
1597.00 9.53 920.87 6.67
1613.43 9.39 920.62 2.93
1629.68 9.58 918.50 5.81
1646.31 9.43 919.00 8.30
1662.68 9.58 915.81 6.16
1679.06 9.51 909.00 6.34
1695.50 9.37 905.62 3.55
1711.75 9.56 902.12 5.27
1728.25 9.45 898.81 7.04
1744.81 9.54 890.25 4.10
1761.12 9.49 884.56 5.12
1777.56 9.35 875.93 6.82
1793.81 9.54 868.06 6.34
1810.43 9.39 860.25 7.41
1826.81 9.55 852.12 6.94
1843.18 9.47 842.25 7.00
1859.56 9.35 832.50 7.17
1875.93 9.50 822.62 7.95
1892.43 9.40 811.62 7.24
1908.81 9.29 800.81 7.98
1925.12 9.44 788.87 8.55
1941.62 9.33 776.18 10.73
1957.93 9.50 765.93 8.64
1974.37 9.42 750.56 9.87
1990.81 9.25 742.18 9.08
2007.12 9.44 728.93 9.61
2023.68 9.30 718.93 11.22
2040.00 9.47 703.75 7.64
2056.37 9.41 690.93 8.03
2072.87 9.23 679.62 9.73
2089.18 9.42 667.18 9.84
2105.81 9.26 652.31 9.48
2122.06 9.46 639.31 10.65
2138.50 9.38 623.81 15.10
2154.93 9.21 615.12 10.76
2171.25 9.40 602.93 8.52
2187.87 9.25 590.87 8.48
2204.12 9.44 581.68 14.83
2220.56 9.36 566.50 5.91
2237.00 9.20 557.12 10.30
2253.31 9.38 544.12 8.95
2269.93 9.23 532.18 12.62
2286.18 9.43 523.00 6.87
2302.62 9.34 513.31 8.94
2319.00 9.21 502.81 8.04
2335.25 9.40 494.12 8.20
2352.00 9.25 483.62 6.12
2368.18 9.21 473.12 10.90
2384.62 9.37 463.18 16.94
2401.06 9.23 458.93 6.20
2417.31 9.42 453.12 7.72
2434.31 9.51 445.56 7.42
2450.62 9.44 436.12 8.85
2466.93 9.62 432.00 10.19
2483.50 9.43 426.50 6.10
2499.81 9.64 422.00 5.07
2516.31 9.53 416.50 5.25
2532.68 9.44 413.62 4.14
2549.06 9.61 408.00 5.33
2565.62 9.40 406.62 4.06
2581.87 9.87 404.25 7.39
2598.37 9.75 402.25 3.98
2614.87 9.87 402.00 6.33
2631.18 9.81 401.68 6.30
2647.68 9.63 400.12 4.17
2663.87 9.87 399.06 4.10
2680.37 9.75 403.68 12.39
2696.93 9.85 400.31 4.10
2713.18 9.81 401.93 5.68
2729.62 9.65 404.06 3.23
2746.00 9.83 405.37 3.66
2762.50 9.71 410.81 4.27
2778.87 9.63 410.00 7.67
2795.06 9.80 415.31 5.40
2811.75 9.61 419.37 4.28
2828.06 9.81 425.56 5.83
2844.50 9.71 427.50 4.80
2860.87 9.56 432.43 5.43
2877.31 9.72 438.87 5.26
2893.75 9.63 447.18 16.38
2910.12 9.78 449.93 4.38
2926.43 9.73 453.31 7.69
2942.93 9.54 463.25 5.27
2959.31 9.72 468.00 8.90
2975.75 9.63 483.06 20.94
2992.12 9.78 484.06 6.78
3008.43 9.73 491.00 7.04
3024.87 9.56 498.50 7.21
3041.31 9.72 505.56 5.78
3057.75 9.63 512.68 7.47
3074.18 9.77 521.50 7.46
3090.50 9.71 527.12 7.67
3106.93 9.55 536.06 4.64
3123.31 9.73 543.68 7.16
3139.75 9.63 551.93 7.30
3156.25 9.75 557.25 9.54
3172.62 9.67 569.81 7.61
3189.06 9.51 573.37 6.37
3205.31 9.73 583.81 9.68
3221.87 9.60 589.06 8.25
3238.25 9.50 598.68 6.89
3254.56 9.65 609.75 8.63
3271.06 9.51 615.12 6.94
3287.31 9.73 620.56 6.62
3303.87 9.60 628.43 6.03
3320.12 9.49 637.18 12.75
3336.50 9.66 641.00 5.74
3353.12 9.53 648.56 7.38
3369.37 9.74 652.56 6.63
3385.81 9.66 661.31 5.68
3402.18 9.51 665.18 8.44
3418.68 9.74 671.25 5.36
3435.18 9.58 677.50 6.01
3451.43 9.80 682.87 4.57
3467.81 9.72 686.00 4.12
3484.25 9.63 692.37 5.09
3500.81 9.73 695.31 5.72
3517.25 9.57 699.00 4.95
3533.50 9.79 702.50 4.81
3549.87 9.72 707.31 5.99
3566.25 9.57 709.31 3.35
3582.81 9.99 713.75 5.91
3599.25 9.82 715.93 5.03
3615.62 10.00 718.00 4.34
3632.00 9.92 719.12 3.84
3648.31 9.80 722.12 3.52
3664.62 10.00 722.18 5.20
3681.18 9.86 720.81 8.60
3697.62 10.00 723.93 3.75
3714.00 9.92 724.87 6.30
3730.37 9.78 724.00 3.77
3746.68 9.98 724.62 3.72
3763.25 9.84 726.68 10.51
3779.62 10.02 721.56 8.64
3796.00 9.92 726.43 14.55
3812.43 9.76 716.75 10.26
3828.81 9.94 720.93 6.19
3845.25 9.85 715.93 4.84
3861.68 10.00 714.43 4.57
3878.12 9.89 715.31 9.39
3894.50 9.75 712.93 9.08
3910.93 9.91 708.31 8.11
3927.25 9.85 705.75 3.93
3943.68 10.00 704.00 7.19
3960.12 9.89 699.37 3.74
3976.50 9.75 694.06 3.68
3992.87 9.92 689.93 3.82
4009.25 9.85 688.31 5.69
4025.62 9.95 684.68 4.09
4042.12 9.89 680.12 4.80
4058.56 9.73 673.18 9.44
4074.87 9.92 671.18 4.96
4091.31 9.83 667.62 4.95
4107.62 9.71 663.25 4.98
4124.18 9.83 660.00 10.88
4140.56 9.77 653.62 4.82
4156.93 9.91 647.87 3.89
4173.31 9.84 645.25 7.08
4189.75 9.68 640.37 4.41
4206.18 9.82 634.12 4.30
4222.62 9.75 629.50 3.46
4239.00 9.89 626.18 8.86
4255.43 9.81 618.81 6.85
4271.68 9.71 616.56 4.76
4288.18 9.82 611.81 5.29
4304.62 9.75 608.50 5.69
4321.00 9.89 602.75 4.85
4337.37 9.82 598.75 4.44
4353.75 9.72 593.75 4.49
4370.25 9.89 589.50 3.95
4386.56 9.81 585.68 3.18
4402.93 9.97 581.12 6.63
4419.56 9.95 578.56 3.84
4435.87 9.83 573.93 5.34
4452.25 9.96 573.87 7.38
4468.68 9.92 567.43 4.30
4485.00 10.02 564.18 3.97
4501.62 9.95 561.50 7.70
4517.93 9.83 557.75 3.90
4534.18 9.96 554.56 4.57
4550.75 9.91 552.00 3.20
4567.00 9.80 550.81 4.82
4583.68 10.17 547.31 9.85
4600.00 10.05 548.00 8.20
4616.25 10.18 540.00 13.69
4632.75 10.16 542.75 6.68
4649.12 10.24 543.18 9.52
4665.62 10.18 539.81 9.20
4681.93 10.09 547.75 23.69
4698.25 10.18 535.43 3.92
4714.75 10.16 535.25 2.82
4731.12 10.24 535.68 5.06
4747.68 10.16 536.06 5.65
4764.00 10.08 532.06 7.08
4780.31 10.16 534.81 3.02
4796.81 10.14 531.75 5.19
4813.12 10.02 532.68 4.66
4829.68 10.19 533.68 4.68
4845.93 10.11 536.31 5.51
4862.31 10.19 534.75 3.05
4878.93 10.11 537.87 6.25
4895.18 10.00 538.00 3.86
4911.68 10.12 538.31 3.74
4928.00 10.09 539.25 3.65
4944.37 10.15 542.81 4.49
4960.93 10.11 542.81 4.17
4977.18 10.00 542.12 8.45
4993.56 10.10 548.00 4.30
5010.00 10.09 547.81 3.39
5026.37 10.15 549.18 3.41
5042.87 10.12 552.87 4.82
5059.18 10.00 554.93 2.70
5075.62 10.09 559.37 5.60
5092.06 10.08 560.68 2.52
5108.37 10.15 561.43 5.51
5125.00 10.10 561.25 13.03
5141.18 10.04 567.93 6.85
5157.68 10.08 569.18 4.58
5174.12 10.07 571.56 3.77
5190.43 10.17 574.25 4.61
5207.06 10.08 578.93 3.51
5223.25 10.03 581.93 5.46
5239.75 10.06 585.43 4.94
5256.18 10.06 586.56 4.01
5272.31 9.98 588.93 5.12
5289.06 10.08 592.00 3.94
5305.25 10.03 595.56 2.87
5321.68 10.08 600.81 6.02
5338.18 10.06 600.50 4.82
5354.37 10.00 606.18 9.60
5371.00 10.09 606.50 4.68
5387.31 10.05 609.37 4.69
5403.56 10.15 611.50 4.54
5420.31 10.13 613.00 4.39
5436.43 10.05 617.43 3.60
5453.06 10.21 620.31 4.78
5469.37 10.10 622.06 3.36
5485.62 10.20 622.50 3.84
5502.31 10.15 625.43 6.55
5518.50 10.06 628.87 4.12
5535.12 10.21 630.50 4.43
5551.43 10.10 632.43 4.99
5567.68 10.20 632.75 6.74
5584.31 10.15 637.93 5.72
5600.56 10.28 637.12 6.35
5617.12 10.21 639.68 4.87
5633.43 10.36 637.68 8.24
5649.62 10.24 642.93 5.95
5666.25 10.16 644.43 3.97
5682.56 10.28 645.06 3.15
5699.12 10.21 643.18 14.54
5715.37 10.14 647.87 5.42
5731.62 10.24 648.25 5.40
5748.31 10.15 649.00 3.08
5764.56 10.31 651.75 4.08
5781.06 10.16 653.68 8.78
5797.43 10.12 649.62 3.69
5813.75 10.22 647.31 16.71
5830.31 10.18 651.18 2.98
5846.62 10.30 651.43 3.37
5862.93 10.14 651.06 2.63
5879.56 10.10 651.56 3.34
5895.81 10.20 650.93 3.07
5912.37 10.17 651.68 4.10
5928.68 10.29 651.93 4.39
5945.06 10.11 650.31 5.13
5961.56 10.10 651.00 3.04
5977.81 10.20 650.25 5.83
5994.31 10.18 648.81 4.38
6010.68 10.29 646.31 4.10
6027.00 10.14 647.06 3.07
6043.50 10.11 645.68 3.92
6059.75 10.24 644.56 3.12
6076.31 10.18 645.68 4.40
6092.62 10.32 641.93 4.37
6108.93 10.18 640.37 2.93
6125.50 10.12 639.43 3.67
6141.81 10.23 642.00 14.11
6158.43 10.16 639.50 11.91
6174.62 10.09 634.12 2.20
6190.93 10.19 634.68 2.89
6207.62 10.10 631.62 3.74
6223.81 10.27 628.62 11.79
6240.43 10.09 629.18 3.15
6256.68 10.08 628.56 6.30
6272.93 10.19 625.56 4.58
6289.62 10.10 623.00 5.71
6305.87 10.22 623.12 3.10
6322.31 10.07 621.18 2.51
6338.68 10.08 623.50 12.40
6355.00 10.21 617.25 3.38
6371.68 10.12 614.93 3.17
6387.93 10.24 614.43 2.48
6404.37 10.12 613.62 4.06
6420.81 10.17 611.43 3.48
6437.06 10.27 608.93 3.72
6453.68 10.23 607.43 3.90
6470.00 10.30 606.12 4.41
6486.43 10.27 604.87 5.31
6502.81 10.19 603.43 2.72
6519.06 10.30 600.68 2.69
6535.68 10.24 595.50 24.05
6552.00 10.36 599.31 4.03
6568.50 10.31 598.00 3.14
6584.81 10.19 596.68 4.65
6601.06 10.30 593.68 8.60
6617.68 10.24 592.75 3.07
6633.93 10.39 592.93 4.58
6650.31 10.27 593.50 7.38
6666.81 10.19 591.00 2.98
6683.06 10.30 590.62 2.78
6699.68 10.24 589.31 3.04
6715.87 10.17 588.12 6.00
6732.18 10.24 588.18 4.57
6748.87 10.17 587.06 1.75
6765.12 10.29 587.25 2.82
6781.75 10.22 585.43 3.95
6797.87 10.17 585.62 4.01
6814.31 10.24 584.43 3.59
6830.93 10.16 584.43 4.37
6847.18 10.28 585.56 5.21
6863.75 10.22 584.43 2.55
6879.93 10.16 585.43 2.00
6896.37 10.23 583.68 4.73
6912.87 10.21 584.68 5.02
6929.25 10.27 583.31 4.16
6945.75 10.22 584.00 3.37
6961.93 10.16 580.37 7.77
6978.37 10.23 583.87 2.85
6994.87 10.17 584.18 3.59
7011.12 10.34 581.43 7.81
7027.75 10.22 585.68 3.04
7043.93 10.16 584.43 4.20
7060.25 10.27 590.00 15.07
7076.87 10.17 586.62 2.78
7093.06 10.37 590.37 13.69
7109.68 10.16 588.25 3.11
7126.00 10.16 589.25 4.21
7142.31 10.27 591.56 9.83
7158.93 10.17 589.43 3.32
7175.06 10.15 591.06 2.95
7191.68 10.14 588.87 11.20
7208.06 10.16 593.06 6.31
7224.37 10.26 594.68 10.20
7240.93 10.21 593.06 2.16
7257.06 10.16 594.06 1.71
7273.56 10.17 594.75 2.84
7290.06 10.16 597.31 4.54
7306.37 10.26 591.00 23.38
7322.93 10.21 600.93 5.81
7339.06 10.16 600.87 4.18
7355.62 10.28 600.43 3.34
7372.12 10.18 602.18 4.79
7388.43 10.29 604.12 10.53
7405.00 10.23 598.87 18.29
7421.18 10.25 611.43 23.40
7437.75 10.40 605.87 3.20
7454.18 10.25 606.25 4.19
7470.37 10.41 606.18 7.21
7487.06 10.30 608.93 3.58
7503.25 10.26 609.56 3.32
7519.68 10.39 612.62 4.76
7536.25 10.26 612.06 3.63
7552.43 10.42 614.31 6.33
7569.12 10.31 615.31 6.98
7585.25 10.26 612.37 5.01
7601.56 10.35 611.81 19.11
7618.25 10.26 616.68 3.02
7634.43 10.42 618.50 4.26
7651.06 10.33 619.68 5.46
7667.25 10.26 617.62 3.64
7683.56 10.35 619.06 16.43
7700.12 10.31 624.75 12.39
7716.31 10.47 621.68 4.55
7732.93 10.36 621.87 7.78
7749.25 10.26 622.75 9.24
7765.56 10.35 622.31 5.38
7782.12 10.31 623.06 2.36
7798.37 10.46 625.43 5.73
7814.93 10.41 623.00 4.61
7831.31 10.25 625.62 3.06
7847.68 10.35 623.75 26.90
7864.18 10.30 625.12 5.35
7880.37 10.46 627.12 4.60
7896.93 10.41 625.18 3.54
7913.31 10.25 624.50 3.90
7929.56 10.40 625.75 3.07
7946.18 10.30 626.06 2.90
7962.31 10.25 626.25 2.70
7978.87 10.35 626.93 2.77
7995.31 10.25 626.43 4.47
8011.50 10.41 625.31 4.36
8028.18 10.30 625.12 7.95
8044.31 10.25 625.56 4.15
8060.75 10.31 625.68 3.70
8077.31 10.25 624.56 3.24
8093.50 10.41 622.56 13.56
8110.18 10.30 623.56 4.12
8126.37 10.25 624.87 6.99
8142.75 10.35 626.18 7.15
8159.25 10.30 623.81 3.36
8175.50 10.45 625.06 6.41
8192.25 10.33 621.62 7.37
8208.43 10.25 621.06 9.54
8224.81 10.34 622.25 15.21
8241.37 10.30 622.93 4.26
8257.62 10.41 620.87 2.67
8274.25 10.33 621.68 5.39
8290.43 10.25 616.12 14.90
8306.81 10.34 619.37 3.77
8323.37 10.30 621.87 5.53
8339.56 10.43 618.93 4.07
8356.25 10.42 619.00 3.20
8372.50 10.28 618.43 5.30
8388.87 10.41 616.50 3.71
