1.87 0.33 551.68 80.90
30.62 8.89 440.12 48.21
57.12 8.76 314.31 52.21
83.43 8.93 210.50 35.74
110.00 8.79 126.37 16.52
136.43 9.19 66.25 10.70
162.81 9.10 38.37 6.26
189.18 9.00 39.37 11.23
215.56 9.16 73.12 20.46
242.00 9.05 132.12 28.25
268.50 9.18 217.12 36.45
294.81 9.10 320.12 41.08
321.37 8.96 439.31 42.89
347.68 9.13 568.87 44.31
374.06 9.04 694.06 42.48
400.56 8.91 817.75 38.29
426.93 9.08 931.00 31.15
453.50 8.93 1023.56 23.52
479.93 9.08 1094.75 14.98
506.25 9.00 1141.62 5.44
532.62 8.89 1160.68 5.86
559.06 9.04 1149.62 14.75
585.56 8.91 1109.81 25.02
611.87 9.08 1046.56 31.04
638.31 8.98 962.25 36.23
664.68 8.87 856.37 39.80
691.31 9.04 741.56 42.15
717.81 8.88 621.31 41.72
744.18 9.06 501.81 38.52
770.68 8.93 390.62 36.00
796.93 8.85 287.50 27.90
823.43 9.01 202.12 24.88
849.93 8.85 145.75 13.42
876.25 9.02 111.43 6.80
902.68 8.93 102.43 7.24
929.12 8.79 119.43 13.35
955.68 8.93 163.43 23.69
982.06 8.81 229.56 22.50
1008.37 8.98 318.56 32.33
1034.81 8.90 421.12 36.82
1061.18 8.78 531.06 38.18
1087.75 8.91 647.12 36.85
1114.12 8.81 758.68 34.54
1140.56 9.19 860.06 30.33
1167.18 9.06 948.31 24.23
1193.50 8.96 1019.87 15.35
1219.93 9.13 1069.87 8.77
1246.37 9.01 1094.68 2.98
1272.62 9.19 1096.00 12.00
1299.18 9.06 1069.31 17.92
1325.56 8.95 1021.75 24.24
1351.87 9.14 950.37 31.64
1378.37 9.00 864.31 34.87
1404.68 9.18 765.37 38.05
1431.31 9.03 653.37 57.03
1457.68 8.92 552.81 36.40
1484.12 9.09 449.00 32.74
1510.50 8.97 356.12 27.59
1536.81 9.15 280.06 24.13
1563.43 8.98 212.43 14.53
1589.81 8.87 174.43 6.45
1616.18 9.04 159.93 3.58
1642.56 8.95 168.18 11.12
1669.12 9.04 199.00 18.44
1695.62 8.95 251.81 24.97
1722.00 8.84 321.93 29.85
1748.43 9.01 407.75 32.27
1774.75 8.91 502.75 30.18
1801.18 8.78 603.50 36.64
1827.68 8.93 708.43 32.72
1854.12 8.80 797.12 31.05
1880.56 8.97 885.18 23.78
1906.87 8.88 950.68 20.24
1933.25 8.76 1004.62 11.10
1959.93 8.85 1035.25 3.01
1986.25 8.76 1041.18 10.34
2012.56 8.96 1027.93 14.44
2039.06 8.82 993.43 21.05
2065.25 8.76 936.25 24.78
2092.06 8.82 865.50 28.73
2118.18 8.77 779.81 32.12
2144.62 8.94 689.31 32.29
2171.18 8.79 596.56 33.04
2197.43 8.72 500.43 29.52
2224.12 8.81 416.37 27.09
2250.31 8.76 340.93 20.74
2276.56 8.94 278.93 13.86
2303.25 8.77 237.25 9.29
2329.56 8.69 212.12 8.61
2356.18 8.79 213.50 8.38
2382.43 8.73 234.87 12.74
2408.68 8.91 272.31 20.16
2435.31 8.76 331.31 24.70
2461.68 8.66 402.62 28.30
2488.18 8.80 483.87 31.52
2514.56 8.70 573.37 30.35
2541.00 8.83 662.87 28.85
2567.43 8.72 748.50 27.00
2593.75 8.63 826.93 22.66
2620.25 8.78 891.93 17.13
2646.68 8.65 945.18 11.78
2672.93 8.83 980.06 8.69
2699.56 8.71 994.81 5.67
2725.87 8.61 988.50 9.04
2752.43 8.75 963.37 15.33
2778.68 8.66 921.12 19.60
2805.06 8.59 861.43 24.30
2831.68 8.68 791.68 27.92
2858.00 8.58 710.75 27.64
2884.62 8.70 626.12 28.02
2910.81 8.63 543.68 26.06
2937.12 8.54 464.43 22.90
2963.81 8.64 392.37 19.41
2990.06 8.56 334.12 16.06
3016.68 8.68 291.37 8.92
3042.81 8.64 265.12 4.37
3069.18 8.52 256.81 4.50
3095.93 8.60 267.50 10.79
3122.37 8.99 298.62 15.65
3148.68 8.94 343.50 20.93
3175.18 9.07 401.93 24.39
3201.43 8.98 471.68 26.63
3228.12 9.07 547.93 27.48
3254.37 9.01 628.06 29.58
3280.75 8.93 705.50 23.92
3307.37 9.02 777.62 25.24
3333.56 8.95 840.62 18.03
3360.25 9.04 891.81 14.03
3386.43 8.99 927.37 8.05
3412.81 8.91 948.25 2.77
3439.25 9.04 949.75 6.56
3465.68 8.92 934.50 11.77
3492.31 9.02 901.31 16.59
3518.50 8.98 854.25 21.44
3545.00 8.86 793.81 21.87
3571.50 8.95 726.68 23.60
3597.81 8.87 652.68 24.88
3624.37 8.73 580.93 19.98
3650.62 8.93 504.50 31.52
3677.12 8.80 439.06 19.24
3703.56 8.96 382.68 16.42
3729.93 8.86 339.75 8.66
3756.43 8.75 310.93 5.09
3782.75 8.92 297.31 3.16
3809.12 8.84 300.43 12.31
3835.68 8.93 321.62 11.19
3862.06 8.83 355.81 16.88
3888.50 8.75 405.43 21.38
3914.87 8.89 464.87 21.87
3941.37 8.77 529.93 22.20
3967.81 8.90 601.25 23.36
3994.12 8.80 670.06 23.05
4020.75 8.66 736.75 20.47
4047.06 8.83 795.56 17.74
4073.43 8.72 845.43 12.68
4099.93 8.86 882.25 15.73
4126.31 9.01 904.87 4.58
4153.00 9.10 912.81 3.59
4179.18 9.06 904.25 7.99
4205.50 8.97 880.50 13.63
4232.06 9.09 846.56 18.58
4258.37 9.00 792.25 20.88
4285.00 8.85 736.06 23.16
4311.37 9.01 674.25 23.43
4337.68 8.92 609.00 23.98
4364.18 9.06 541.62 20.57
4390.43 9.00 481.25 19.37
4417.06 8.83 427.12 13.69
4443.37 9.02 383.87 10.83
4469.75 8.91 353.25 6.13
4496.31 9.02 337.25 3.67
4522.56 8.96 336.06 6.12
4549.31 8.76 345.31 13.30
4575.68 8.91 374.62 10.94
4602.00 8.84 412.56 16.44
4628.56 8.94 460.81 19.40
4654.81 8.87 518.37 20.50
4681.37 8.75 578.75 20.75
4707.81 8.90 641.18 20.45
4734.06 8.83 703.12 19.31
4760.68 8.93 757.43 15.37
4786.87 8.88 807.12 17.71
4813.56 8.72 844.37 9.36
4839.87 8.87 866.50 4.96
4866.18 8.80 879.06 2.86
4892.81 8.90 876.18 7.11
4919.06 8.82 859.12 9.82
4945.81 8.63 830.56 15.13
4972.00 8.83 791.43 15.47
4998.31 8.75 743.62 19.59
5024.87 8.61 688.56 21.13
5051.18 8.78 628.87 20.33
5077.87 8.61 572.37 20.17
5104.06 8.82 516.18 11.63
5130.50 8.96 466.75 15.21
5157.12 9.06 422.68 10.90
5183.43 8.98 393.81 8.56
5209.87 8.89 373.06 4.69
5236.25 9.04 364.93 6.16
5262.43 8.98 370.81 7.95
5289.18 9.05 392.00 9.03
5315.56 8.95 419.12 15.15
5342.00 8.85 460.25 16.67
5368.37 9.00 510.00 17.93
5394.56 8.95 561.00 18.65
5421.37 8.99 615.81 21.91
5447.56 8.94 672.00 16.64
5474.06 8.82 724.18 15.31
5500.43 8.98 769.00 11.68
5526.75 8.90 805.75 9.60
5553.50 8.96 831.43 5.44
5579.75 8.89 846.06 3.93
5606.12 8.80 848.56 4.80
5632.62 8.91 837.87 8.09
5658.93 8.85 816.50 10.63
5685.56 8.71 784.87 13.77
5711.81 8.90 744.68 16.55
5738.37 8.78 696.06 15.52
5764.68 8.93 647.25 16.42
5791.06 8.83 593.43 17.10
5817.62 8.69 542.18 15.79
5843.93 8.86 499.50 15.87
5870.37 8.78 456.31 13.47
5896.81 8.90 427.12 8.15
5923.12 8.80 404.12 5.36
5949.87 8.61 392.93 6.68
5976.06 8.82 396.06 4.76
6002.43 8.75 408.18 8.70
6028.93 8.86 432.56 11.60
6055.25 8.76 466.68 13.46
6081.93 8.60 505.06 15.63
6108.18 8.78 551.25 16.19
6134.62 8.93 600.50 16.31
6161.12 9.06 647.68 15.35
6187.43 8.98 698.43 18.10
6214.06 9.09 737.43 13.21
6240.31 9.02 771.68 10.65
6266.62 8.94 796.75 12.84
6293.25 9.03 815.18 4.49
6319.56 8.95 823.50 4.03
6346.12 8.81 816.75 6.13
6372.43 8.98 799.75 8.95
6398.81 8.88 777.75 10.25
6425.37 8.99 744.87 14.87
6451.68 8.91 703.81 15.17
6478.25 8.78 660.25 16.63
6504.50 8.97 614.12 15.20
6530.81 8.88 569.00 15.11
6557.56 8.94 526.12 14.78
6583.81 8.87 487.62 10.52
6610.31 8.76 461.75 12.10
6636.68 8.91 432.18 5.24
6662.93 8.85 420.68 9.48
6689.68 8.93 420.00 9.55
6715.93 8.86 426.00 8.38
6742.43 8.76 445.56 8.05
6768.81 8.90 470.50 11.76
6795.12 8.82 504.00 14.13
6821.75 8.91 543.62 12.97
6848.00 8.84 584.00 16.17
6874.56 8.72 628.68 14.93
6900.87 8.87 670.81 14.40
6927.31 8.75 709.81 11.16
6953.93 8.86 743.81 9.33
6980.12 8.80 770.25 5.75
7006.75 8.65 791.06 5.80
7033.00 8.83 796.43 2.34
7059.43 8.72 793.00 9.64
7086.00 8.58 786.12 7.49
7112.25 8.77 767.75 9.11
7138.87 8.87 739.50 11.69
7165.12 9.06 707.93 14.44
7191.56 8.95 668.75 13.79
7218.18 9.05 629.37 15.41
7244.37 9.00 587.56 13.65
7270.81 8.90 548.12 11.88
7297.25 9.03 514.43 10.14
7323.56 8.95 483.68 6.94
7350.31 9.01 460.81 5.00
7376.56 8.95 447.75 4.34
7402.93 8.87 440.75 3.21
7429.37 8.99 445.25 4.89
7455.75 8.90 457.37 6.68
7482.37 9.00 478.00 10.90
7508.62 8.93 498.93 21.96
7535.06 8.82 535.43 15.41
7561.62 8.91 581.62 19.26
7587.93 8.85 614.50 13.44
7614.43 8.98 651.43 12.40
7640.75 8.89 687.43 10.95
7667.12 8.80 718.87 9.27
7693.68 8.93 746.31 7.68
7720.06 8.83 764.62 5.17
7746.50 8.73 773.68 4.10
7772.81 8.90 778.31 3.51
7799.31 8.79 769.50 8.07
7825.75 8.91 755.12 13.82
7852.18 8.80 735.81 10.98
7878.68 8.68 707.87 10.93
7904.93 8.86 674.81 12.40
7931.50 8.72 640.75 14.08
7957.93 8.86 604.37 18.19
7984.18 8.78 568.62 11.94
8010.87 8.61 535.68 10.59
8037.00 8.83 508.18 8.05
8063.56 8.71 484.81 5.59
8090.06 8.82 468.75 3.46
8116.31 8.75 462.12 2.55
8143.00 8.84 462.06 3.07
8169.31 9.02 469.87 9.33
8195.62 8.94 485.18 7.25
8222.18 9.05 507.18 11.55
8248.43 8.98 535.81 9.81
8275.00 8.84 565.18 17.56
8301.43 8.98 599.87 13.23
8327.81 8.88 637.56 13.06
8354.31 9.01 667.75 11.59
8380.56 8.95 696.12 5.23
8407.12 8.81 724.81 9.90
8433.43 8.98 741.12 2.57
8459.87 8.86 756.25 7.52
8486.43 8.98 759.75 2.19
8512.75 8.90 756.18 4.20
8539.25 8.77 747.62 5.78
8565.68 8.91 729.37 7.86
8591.93 8.85 706.31 8.82
8618.50 8.69 679.68 11.34
8644.81 8.87 649.12 10.46
8671.50 8.72 617.75 10.64
8697.87 8.89 584.56 10.74
8724.25 8.83 557.62 7.74
8750.68 8.68 526.50 10.78
8777.06 8.85 505.81 5.83
8803.56 8.73 490.75 4.97
8830.06 8.85 480.18 2.16
8856.43 8.76 478.62 3.31
8882.87 8.64 483.43 4.24
8909.18 8.82 493.87 6.55
8935.87 8.63 511.81 10.03
8962.18 8.80 537.00 10.26
8988.56 8.71 561.12 10.09
9015.00 8.59 589.37 12.46
9041.31 8.77 621.56 9.50
9067.93 8.61 651.37 9.03
9094.18 8.80 679.50 7.13
9120.75 8.66 702.43 6.58
9147.18 8.80 721.87 4.63
9173.56 8.97 734.68 4.04
9200.00 8.87 746.12 11.16
9226.37 9.02 743.56 6.47
9252.81 8.90 735.93 4.38
9279.25 8.79 722.81 5.53
9305.75 8.91 703.37 10.72
9332.18 8.80 680.75 9.06
9358.43 8.98 654.50 12.38
9384.81 8.90 627.00 10.15
9411.37 8.74 596.93 9.01
9437.75 8.90 571.68 9.57
9464.31 8.78 542.75 11.76
9490.56 8.95 524.56 5.46
9517.00 8.84 510.81 4.22
9543.50 8.70 497.50 3.24
9569.93 8.85 494.50 5.14
9596.37 8.74 495.62 1.93
9622.75 8.88 503.06 5.79
9649.06 8.81 518.62 8.53
9675.93 8.80 533.25 17.50
9702.37 8.93 559.81 9.09
9728.87 8.80 586.56 10.75
9755.12 8.75 609.43 9.54
9781.50 8.89 637.62 10.80
9808.12 8.76 664.00 9.66
9834.62 8.91 687.62 8.38
9861.06 8.82 710.93 18.25
9887.43 8.72 710.18 24.61
9913.81 8.85 725.43 8.85
9940.56 8.67 728.12 3.41
9966.75 8.86 723.81 3.63
9993.25 8.73 712.75 8.44
10019.56 8.67 700.87 6.60
10045.93 8.79 679.25 10.40
10072.75 8.61 659.75 9.39
10098.93 8.81 633.25 5.83
10125.50 8.92 610.43 10.04
10151.87 9.08 584.43 10.74
10178.18 8.99 561.56 8.02
10204.81 8.85 540.43 6.62
10231.12 9.01 525.18 5.27
10257.37 8.92 516.50 14.95
10283.93 9.06 509.50 2.98
10310.31 8.94 505.43 7.29
10336.87 8.83 514.12 4.66
10363.31 8.94 523.31 4.16
10389.50 8.87 539.87 8.81
10416.00 8.78 556.12 9.18
10442.43 8.89 580.18 7.68
10468.93 8.76 602.25 9.95
10495.31 8.95 626.18 7.26
10521.56 8.85 650.50 7.04
10548.37 8.67 670.68 7.60
10574.68 8.82 686.87 9.27
10601.18 8.70 704.75 8.54
10627.62 8.84 714.00 7.48
10653.81 8.78 712.81 11.14
10680.43 8.70 714.81 6.21
10706.81 8.85 708.87 2.85
10733.37 8.75 696.93 19.78
10759.68 8.89 680.31 6.73
10785.87 8.82 659.93 8.99
10812.56 8.67 642.18 7.35
10838.93 8.83 612.87 11.93
10865.50 8.73 593.62 10.35
10891.75 8.88 576.18 8.50
10918.06 8.77 555.25 7.02
10944.75 8.63 540.68 3.46
10971.06 8.77 527.81 12.74
10997.62 8.67 520.43 6.74
11023.87 8.83 516.56 8.76
11050.25 8.70 522.18 2.30
11077.06 8.58 534.81 14.10
11103.37 8.74 542.75 5.25
11129.93 8.83 557.93 6.51
11156.18 9.04 576.12 7.70
11182.62 8.91 596.12 6.75
11209.18 8.79 620.75 14.57
11235.43 8.98 640.31 7.60
11261.81 8.88 658.00 6.67
11288.31 9.01 675.31 6.15
11314.62 8.91 687.93 3.80
11341.25 8.76 697.68 4.28
11367.50 8.96 703.43 2.37
11393.87 8.83 703.81 3.36
11420.37 8.97 694.68 15.49
11446.68 8.88 693.87 16.26
11473.37 8.72 674.81 13.51
11499.56 8.90 663.18 5.68
11526.06 8.76 642.18 8.92
11552.62 8.88 625.37 7.34
11578.87 8.82 604.00 7.24
11605.43 8.70 585.06 7.06
11631.68 8.86 568.93 5.36
11658.12 8.74 552.06 9.07
11684.68 8.88 540.68 3.69
11711.00 8.84 535.62 4.17
11737.43 8.73 529.50 2.72
11763.81 8.89 532.87 2.67
11790.31 8.77 535.18 7.47
11816.56 8.67 547.31 4.83
11843.06 8.84 557.43 7.76
11869.50 8.74 575.37 5.95
11895.81 8.87 590.81 6.92
11922.37 8.77 611.68 9.00
11948.68 8.65 629.06 5.48
11975.00 8.87 646.31 9.13
12001.56 8.71 661.75 5.74
12027.87 8.84 677.12 4.30
12054.37 8.74 685.75 3.15
12080.81 8.63 693.50 4.27
12107.12 8.85 693.37 3.79
12133.75 8.93 691.18 4.05
12160.00 9.07 684.62 3.62
12186.56 8.97 673.75 7.40
12213.00 9.08 662.25 8.31
12239.25 9.07 647.93 7.12
12265.81 8.91 630.18 5.72
12292.25 8.98 611.75 6.47
12318.62 8.91 594.31 8.15
12345.18 9.00 578.75 5.43
12371.43 8.98 563.75 5.52
12398.00 8.83 553.56 3.34
12424.37 8.93 545.93 3.47
12450.68 8.89 540.50 3.95
12477.12 8.77 540.50 5.69
12503.56 8.94 542.62 5.06
12530.06 8.81 549.18 8.04
12556.50 8.89 561.00 5.04
12582.75 8.88 570.12 10.00
12609.18 8.77 581.68 26.84
12635.56 8.90 605.62 7.53
12662.18 8.77 621.93 5.62
12688.62 8.91 640.31 10.96
12714.87 8.90 652.12 5.43
12741.31 8.79 665.31 3.68
12767.75 8.95 674.06 4.01
12794.37 8.76 682.06 3.01
12820.62 8.90 685.06 3.11
12847.06 8.88 684.25 3.13
12873.50 8.74 679.00 3.34
12899.87 8.89 671.37 8.20
12926.62 8.67 660.87 4.50
12952.81 8.85 648.37 8.24
12979.18 8.78 637.43 15.97
13005.68 8.64 619.25 8.27
13032.06 8.81 602.81 5.11
13058.62 8.68 588.00 5.20
13084.93 8.83 572.68 9.43
13111.37 8.74 563.87 4.77
13137.87 8.86 555.37 2.52
13164.31 9.02 551.56 3.77
13190.81 8.90 547.56 3.00
13217.06 9.06 550.31 8.90
13243.50 8.96 554.87 5.98
13269.93 8.84 564.81 7.43
13296.37 9.01 574.56 6.23
13322.93 8.83 586.56 5.06
13349.18 9.01 602.31 4.19
13375.56 8.94 613.56 7.36
13402.06 8.79 631.31 8.31
13428.37 8.96 642.81 4.26
13455.00 8.78 655.37 3.35
13481.37 8.94 665.31 3.18
13507.75 8.86 672.00 3.00
13534.18 8.74 670.75 15.45
13560.50 8.90 676.68 1.40
13587.18 8.73 674.25 3.80
13613.37 8.93 670.31 8.68
13639.81 8.85 659.68 4.67
13666.50 8.79 649.62 5.85
13692.81 9.02 636.18 5.56
13719.37 8.85 621.62 5.29
13745.62 9.02 607.75 6.24
13772.06 8.94 595.25 4.24
13798.62 8.76 584.62 8.83
13824.93 8.97 572.62 4.61
13851.56 8.83 565.31 2.87
13877.68 8.76 560.12 3.55
13904.18 8.92 555.56 2.81
13930.81 8.70 556.00 5.56
13957.06 8.87 560.37 3.43
13983.62 8.77 565.43 3.26
14009.81 8.70 575.68 4.89
14036.25 8.88 585.68 5.51
14062.87 8.68 591.75 24.24
14089.18 8.88 612.93 14.17
14115.62 8.79 623.56 5.52
14142.06 9.15 634.75 3.99
14168.50 9.08 649.18 6.48
14195.00 8.93 657.00 4.15
14221.25 9.09 663.56 3.04
14247.75 9.01 667.81 2.72
14274.12 9.13 669.56 5.70
14300.56 9.05 668.62 7.00
14327.12 8.87 664.68 3.53
14353.31 9.07 650.56 29.77
14379.75 8.97 649.12 3.67
14406.18 9.10 637.75 4.09
14432.75 8.97 622.87 10.31
14459.25 8.82 613.68 4.43
14485.50 8.99 602.87 4.88
14511.87 8.93 589.56 4.08
14538.25 8.82 582.93 7.79
14564.93 8.90 570.68 7.99
14591.37 8.78 566.18 3.49
14617.62 8.95 563.37 2.45
14644.00 8.88 563.62 2.52
14670.43 8.82 561.00 8.44
14696.93 8.99 570.18 3.09
14723.50 8.82 573.37 16.63
14749.75 8.98 586.25 4.97
14776.12 8.91 596.18 7.33
14802.56 8.79 607.37 5.23
14829.06 8.97 617.06 11.51
14855.56 8.82 632.18 7.97
14881.81 8.99 639.12 5.82
14908.25 8.93 650.81 11.07
14934.75 8.73 658.50 13.22
14961.18 8.88 657.06 11.36
14987.68 8.76 663.62 6.99
15013.81 8.97 663.87 4.29
15040.31 8.86 659.87 3.06
15066.75 8.73 655.75 3.91
15093.37 8.87 649.50 8.38
15119.75 8.77 637.12 10.54
15145.87 8.97 628.81 4.23
15172.50 8.82 617.68 3.72
15198.87 8.72 608.37 6.58
15225.43 8.85 598.37 9.29
15251.75 8.76 587.43 6.72
15278.00 8.94 580.00 3.26
15304.56 8.80 572.56 6.64
15331.00 8.67 569.56 3.92
15357.43 8.79 569.43 3.52
15383.87 8.72 571.68 5.51
15410.12 8.89 573.56 3.41
15436.68 8.74 578.06 3.93
15463.12 8.61 586.18 4.47
15489.50 8.77 594.81 4.68
15515.87 8.69 604.06 6.07
15542.31 8.55 614.68 3.18
15568.87 8.67 624.00 4.36
15595.25 8.58 634.31 6.30
15621.50 8.75 641.06 4.10
15648.06 8.61 649.43 5.44
15674.31 8.61 655.62 4.66
15701.00 8.71 656.81 4.80
15727.37 8.61 657.93 2.63
15753.68 8.82 656.62 2.45
15780.12 8.68 652.75 4.13
15806.43 8.59 647.06 2.54
15833.12 8.69 641.18 6.02
15859.50 8.59 629.25 4.13
15885.87 8.77 622.18 4.03
15912.31 8.66 612.18 5.32
15938.56 8.56 604.56 7.58
15965.25 8.63 593.56 3.32
15991.56 8.56 586.50 3.92
16017.87 8.70 580.56 3.08
16044.37 8.64 576.56 3.61
16070.68 8.54 574.43 2.81
16097.31 8.63 575.18 4.19
16123.81 9.00 574.12 7.41
16150.00 8.97 580.18 2.79
16176.62 9.06 587.12 3.41
16202.93 8.97 593.25 4.19
16229.43 8.85 602.12 8.80
16255.81 9.01 612.81 7.03
16282.00 8.95 618.25 2.86
16308.75 9.00 627.87 3.14
16335.00 8.93 636.56 3.95
16361.56 8.80 643.00 3.79
16387.93 8.94 648.37 3.53
16414.12 8.89 652.50 7.86
16440.68 9.00 650.62 7.62
16467.12 8.88 648.75 13.33
16493.62 8.78 649.18 4.81
16520.00 8.91 643.68 5.97
16546.56 8.79 638.62 3.55
16573.06 8.90 632.43 8.62
16599.37 8.85 623.50 5.24
16625.87 8.74 613.81 5.35
16652.25 8.87 607.93 2.54
16678.62 8.82 598.75 5.72
16705.12 8.96 590.62 3.10
16731.50 8.89 586.56 3.28
16757.93 8.81 583.43 4.91
16784.31 8.91 580.75 3.07
16810.68 8.82 578.12 1.73
16837.31 8.95 579.87 2.55
16863.62 8.87 583.93 3.81
16890.00 8.82 588.43 7.07
16916.37 8.91 592.75 4.55
16942.87 8.76 600.43 4.66
16969.37 8.66 609.50 4.21
16995.68 8.83 616.31 2.87
17022.12 8.72 626.56 7.95
17048.56 8.82 631.37 3.50
17074.87 8.77 637.12 2.78
17101.43 8.63 641.50 2.60
17127.87 9.03 646.81 3.13
17154.43 8.89 650.37 6.45
17180.75 9.04 648.00 3.86
17207.06 8.97 646.81 8.97
17233.62 9.07 645.50 6.36
17259.81 9.01 639.50 3.08
17286.50 8.88 634.50 7.25
17312.87 8.98 625.18 4.50
17339.25 8.89 617.50 3.86
17365.75 9.02 610.43 3.53
17391.93 8.96 603.18 3.52
17418.50 8.82 596.68 4.40
17444.87 8.99 591.37 4.30
17471.37 8.84 586.81 3.00
17497.87 8.96 584.25 3.11
17524.06 8.90 584.25 2.88
17550.62 8.79 583.25 6.95
17577.12 8.90 585.18 7.62
17603.50 8.82 588.43 3.20
17629.93 8.70 594.56 2.52
17656.25 8.88 599.18 3.21
17682.62 8.82 606.93 4.35
17709.25 8.93 614.62 9.31
17735.50 8.89 621.00 4.57
17762.00 8.77 628.18 3.22
17788.31 8.94 634.75 5.44
17814.75 8.79 634.75 10.81
17841.37 8.91 642.50 2.94
17867.62 8.87 645.31 6.26
17894.06 8.71 645.43 2.94
17920.43 8.88 644.12 6.59
17946.93 8.73 642.12 3.04
17973.50 8.85 637.68 2.47
17999.75 8.80 633.87 4.72
18026.25 8.61 625.50 4.85
18052.56 8.82 620.25 2.68
18079.18 8.68 612.68 3.48
18105.56 8.87 607.12 3.39
18131.93 9.00 600.81 3.15
18158.50 9.05 594.56 3.71
18184.75 9.04 590.81 3.64
18211.18 8.96 584.81 12.24
18237.68 9.08 584.68 5.70
18264.00 9.01 588.37 4.83
18290.43 8.84 587.31 2.80
18316.87 8.98 592.00 5.36
18343.31 8.86 595.37 6.01
18369.81 9.02 599.62 4.92
18396.06 8.96 607.25 2.82
18422.50 8.82 610.31 8.17
18448.93 8.95 619.12 4.14
18475.43 8.82 624.06 3.61
18501.87 8.96 630.00 3.74
18528.18 8.88 634.93 4.05
18554.68 8.77 638.87 2.76
18581.12 8.90 641.68 6.09
18607.56 8.79 641.50 3.52
18634.00 8.87 640.18 2.60
18660.31 8.86 639.00 2.35
18686.81 8.80 636.75 3.49
18713.25 8.93 632.31 2.99
18739.68 8.82 628.12 3.52
18766.12 8.96 621.93 4.01
18792.50 8.89 615.56 4.50
18818.87 8.77 610.31 3.92
18845.37 8.91 600.81 5.15
18871.75 8.83 600.81 5.66
18898.31 8.95 592.43 4.33
18924.56 8.89 592.68 3.06
18951.06 8.70 589.56 3.00
18977.50 8.85 590.00 3.02
19003.81 8.78 591.00 3.28
19030.37 8.66 592.37 3.53
19056.68 8.83 595.87 3.16
19083.18 8.68 600.87 4.59
19109.62 8.83 603.18 2.68
19135.93 9.00 608.75 3.36
19162.56 9.09 617.37 4.58
19188.81 9.05 621.25 4.01
19215.31 8.90 627.81 4.76
19241.75 9.04 631.43 3.35
19268.06 8.97 635.25 3.78
19294.68 9.05 635.68 2.93
19320.93 8.96 637.87 2.18
19347.43 8.84 637.81 3.21
19373.87 8.98 636.31 9.56
19400.25 8.89 630.68 13.66
19426.68 8.98 631.68 3.31
19453.06 8.90 627.62 3.61
19479.56 8.79 623.43 3.24
19505.93 8.97 616.50 5.62
19532.31 8.86 608.56 8.55
19558.81 8.96 607.18 5.48
19585.18 8.91 602.06 2.11
19611.62 8.79 597.93 2.68
19638.12 8.90 594.50 6.76
19664.50 8.87 591.68 8.21
19690.93 8.80 592.68 1.65
19717.37 8.94 591.93 2.84
19743.68 8.82 594.68 2.37
19770.25 8.93 596.06 3.66
19796.56 8.86 598.81 2.96
19823.00 8.78 605.12 3.26
19849.37 8.91 607.50 3.76
19875.81 8.80 612.93 3.09
19902.31 8.91 619.06 5.57
19928.75 8.80 624.87 5.46
19955.31 8.65 627.00 3.32
19981.43 8.84 630.87 3.00
20007.93 8.73 630.56 8.32
20034.43 8.84 633.68 6.14
20060.75 8.76 637.75 4.64
20087.31 8.62 628.31 24.94
20113.56 8.82 634.62 4.10
20140.18 8.94 629.12 5.81
20166.68 9.07 627.25 2.63
20193.06 8.97 624.12 2.31
20219.50 9.09 618.68 2.42
20245.75 9.03 613.37 1.80
20272.18 8.98 609.06 3.40
20298.75 9.04 605.12 2.67
20325.12 8.94 602.06 4.38
20351.56 8.80 598.37 15.42
20377.87 8.97 596.06 2.88
20404.31 8.88 591.50 13.63
20430.87 8.98 595.31 5.58
20457.31 8.86 596.75 3.91
20483.62 8.79 596.12 4.24
20510.00 8.91 602.06 4.10
20536.50 8.81 604.87 2.69
20563.12 8.89 607.56 5.11
20589.37 8.84 611.75 3.27
20615.75 8.76 615.81 2.01
20642.12 8.89 621.06 2.68
20668.68 8.81 623.75 2.93
20695.18 8.95 626.25 6.65
20721.56 8.87 634.81 16.96
20747.87 8.79 632.12 3.00
20774.25 8.92 634.81 5.45
20800.68 8.81 629.93 11.26
20827.25 8.93 632.62 4.03
20853.68 8.84 629.68 7.85
20880.00 8.76 627.50 2.24
20906.37 8.89 623.81 4.28
20932.87 8.77 620.12 3.86
20959.43 8.87 616.43 3.22
20985.62 8.84 612.75 2.31
21012.12 8.69 608.43 2.55
21038.50 8.83 604.43 2.85
21064.93 8.74 601.93 2.79
21091.43 8.61 601.06 4.16
21117.75 8.81 598.43 7.72
21144.25 8.89 595.68 2.42
21170.93 9.04 599.25 7.95
21197.31 9.00 597.56 4.00
21223.81 9.08 601.12 3.84
21249.93 9.04 602.68 5.96
21276.50 8.91 604.81 7.65
21302.93 9.01 611.87 3.06
21329.50 8.91 614.87 2.98
21355.93 9.02 618.87 3.43
21382.12 8.96 621.87 3.44
21408.62 8.85 625.25 2.22
21435.00 8.98 627.43 1.87
21461.56 8.88 628.93 4.01
21487.93 8.96 634.06 9.80
21514.31 8.87 634.50 11.84
21540.81 8.76 629.43 4.56
21567.25 8.89 625.18 8.35
21593.56 8.84 626.25 2.56
21619.93 8.73 624.43 3.45
21646.31 8.89 621.50 3.46
21672.87 8.83 614.50 7.26
21699.37 8.92 611.18 6.44
21725.68 8.87 609.56 2.55
21752.12 8.79 605.18 4.81
21778.50 8.92 603.56 3.22
21805.00 8.80 600.87 2.78
21831.50 8.89 600.00 2.87
21857.87 8.84 599.00 3.64
21884.25 8.78 597.31 7.51
21910.56 8.89 599.18 2.41
21937.18 8.73 601.68 3.42
21963.62 8.83 605.18 2.74
21990.00 8.77 608.43 7.20
22016.50 8.64 609.56 2.52
22042.62 8.83 613.43 2.83
22069.31 8.66 618.56 2.71
22095.68 8.84 619.68 2.76
22122.12 8.74 622.75 2.61
22148.56 8.83 625.62 7.30
22174.93 9.04 630.50 8.94
22201.31 9.00 630.75 11.46
22227.81 9.08 628.43 4.14
22254.18 8.98 632.06 6.22
22280.56 8.87 629.62 7.62
22307.06 8.98 628.00 4.81
22333.50 8.91 623.12 2.20
22359.93 9.02 620.87 3.94
22386.18 8.95 616.75 7.43
22412.68 8.81 619.00 14.97
22439.12 8.95 609.87 8.18
22465.68 8.83 608.75 1.82
22492.06 8.96 605.18 2.85
22518.37 8.87 602.93 3.01
22545.00 8.80 602.75 1.71
22571.43 8.92 600.25 2.59
22597.93 8.83 601.43 2.74
22624.37 8.91 601.62 2.12
22650.56 8.86 602.62 3.72
22677.12 8.87 604.12 4.00
22703.56 8.94 605.81 2.19
22730.06 8.86 610.68 3.88
22756.37 8.75 613.81 4.76
22782.75 8.88 614.50 5.20
22809.18 8.79 620.06 3.70
22835.62 8.91 621.93 6.37
22862.06 8.88 623.37 3.06
22888.50 8.72 624.43 3.59
22914.87 8.85 625.62 5.89
22941.37 8.72 625.62 4.69
22967.75 8.85 629.25 8.16
22994.12 8.80 626.43 2.15
23020.62 8.66 625.12 3.67
23046.93 8.81 624.50 4.26
23073.50 8.69 624.81 15.52
23099.93 8.82 620.25 2.44
23126.31 9.00 616.18 3.75
23152.87 9.08 613.62 6.11
23179.12 9.05 612.56 7.72
23205.62 8.93 607.37 3.84
23232.06 9.06 606.93 6.49
23258.37 9.00 608.37 17.35
23284.93 9.09 604.31 3.71
23311.25 8.97 604.68 8.27
23337.75 8.87 601.62 4.20
23364.18 8.99 602.87 3.43
23390.56 8.91 600.75 16.28
23417.00 8.80 605.75 3.56
23443.37 8.91 609.31 3.55
23469.87 8.82 610.93 2.66
23496.18 8.97 614.81 2.35
23522.62 8.89 616.31 3.44
23549.12 8.72 619.56 2.96
23575.50 8.89 621.93 4.24
23601.93 8.83 624.25 2.49
23628.37 8.91 622.31 9.10
23654.68 8.87 626.18 3.36
23681.18 8.83 621.81 13.55
23707.62 8.94 627.00 4.87
23734.06 8.86 627.00 13.62
23760.50 8.94 622.75 3.75
23786.81 8.90 622.93 2.51
23813.31 8.80 619.31 3.67
23839.68 8.91 615.68 2.87
23866.18 8.83 615.81 6.57
23892.62 8.91 605.56 28.68
23919.00 8.82 609.31 7.10
23945.62 8.66 607.43 1.97
23971.81 8.85 605.18 5.42
23998.31 8.75 604.56 2.64
24024.75 8.85 605.56 5.50
24051.12 8.75 605.37 4.73
24077.75 8.63 604.87 6.86
24103.93 8.82 604.43 2.55
24130.56 8.91 607.62 3.02
24156.87 9.08 608.81 2.10
24183.37 9.00 611.62 5.91
24209.75 8.86 615.50 4.24
24236.06 9.06 613.31 6.04
24262.43 9.02 617.56 4.77
24288.93 9.09 620.81 2.88
24315.25 8.99 622.12 3.90
24341.75 8.86 623.25 2.17
24368.12 9.03 624.50 6.07
24394.56 8.96 625.00 2.48
24421.06 9.03 624.93 3.32
24447.37 8.93 624.50 5.74
24473.81 8.85 622.18 3.28
24500.25 8.97 621.87 5.82
24526.75 8.88 618.87 2.64
24553.31 8.95 616.75 2.38
24579.50 8.89 614.18 3.49
24605.93 8.83 611.75 3.36
24632.37 8.95 611.87 3.76
24658.87 8.86 607.68 3.04
24685.43 8.98 607.18 2.65
24711.62 8.95 606.12 3.53
24738.12 8.89 605.12 3.55
24764.50 8.98 604.43 5.50
24791.00 8.89 605.81 3.81
24817.31 8.79 609.43 15.37
24843.75 8.95 606.81 3.86
24870.18 8.90 608.87 3.44
24896.50 8.98 611.43 3.82
24923.00 8.91 612.43 1.93
24949.43 8.75 614.43 2.74
24975.68 8.94 617.06 2.82
25002.18 8.82 617.18 2.43
25028.56 8.94 621.31 1.93
25055.00 8.87 622.25 3.27
25081.56 8.72 622.12 3.82
25107.81 8.92 624.25 1.95
25134.37 9.02 622.81 3.36
25160.81 9.14 621.31 2.78
25187.25 9.12 623.31 5.93
25213.68 9.22 620.18 3.19
25239.87 9.16 619.37 6.75
25266.43 9.03 617.43 3.00
25293.00 9.09 615.50 2.53
25319.37 9.01 613.50 2.83
25345.81 9.17 613.75 13.78
25372.06 9.06 610.12 4.05
25398.56 8.97 608.18 3.07
25425.12 9.03 607.43 5.31
25451.43 8.98 605.31 5.36
25477.81 8.91 602.62 13.35
25504.18 9.00 606.93 4.88
25530.62 8.94 605.43 6.11
25557.18 9.01 608.43 3.46
25583.56 9.01 607.31 8.74
25609.93 8.89 610.93 4.22
25636.25 9.01 611.56 3.00
25662.75 8.99 615.06 3.72
25689.31 9.04 616.50 4.68
25715.56 9.03 620.87 7.33
25742.06 8.93 620.37 3.00
25768.43 9.04 620.25 1.95
25794.93 8.92 621.62 3.90
25821.37 9.01 624.12 4.30
25847.81 8.97 620.87 3.81
25874.18 8.90 624.06 7.53
25900.50 9.01 619.25 9.93
25927.18 8.81 620.43 4.49
25953.56 8.94 617.68 3.31
25979.93 8.85 618.06 3.34
26006.43 8.74 616.43 3.71
26032.62 8.94 615.81 6.02
26059.25 8.78 612.50 3.26
26085.75 8.91 611.31 2.73
26112.06 8.82 608.37 3.12
26138.56 8.98 609.00 3.32
26164.87 9.15 604.93 8.81
26191.43 9.03 607.00 2.45
26217.75 9.18 607.06 3.25
26244.25 9.07 608.62 3.57
26270.62 8.99 607.50 2.35
26296.93 9.12 609.68 2.54
26323.50 8.99 610.75 3.40
26349.87 9.12 608.68 8.00
26376.18 9.02 613.00 3.86
26402.75 8.86 612.00 11.36
26429.06 9.06 618.18 5.16
26455.68 8.90 617.50 3.02
26482.06 9.04 618.00 7.78
26508.43 8.90 622.68 4.51
26534.81 8.84 621.87 3.39
26561.25 9.02 624.25 6.97
26587.81 8.88 619.87 3.72
26614.12 9.04 623.31 8.14
26640.37 8.96 620.31 8.74
26667.06 8.89 621.56 4.56
26693.37 9.05 618.31 2.47
26719.93 8.91 616.68 3.31
26746.25 9.07 614.00 5.39
26772.50 9.02 615.31 4.86
26799.12 8.89 610.87 3.02
26825.43 9.01 608.18 8.84
26852.06 8.88 610.62 3.02
26878.31 8.81 604.81 11.61
26904.75 8.96 608.62 2.69
26931.37 8.78 607.68 3.74
26957.56 8.94 606.62 2.64
26984.12 8.84 609.25 2.59
27010.43 8.74 607.50 4.54
27036.87 8.89 610.93 3.36
