2.00 0.25 571.56 71.09
40.56 8.90 517.68 27.43
77.25 8.97 440.56 21.84
113.43 8.93 363.37 19.37
149.93 9.06 294.43 19.46
186.25 8.97 228.00 15.92
222.56 8.90 173.62 12.82
259.18 8.99 129.62 13.20
295.37 8.94 87.62 13.73
331.93 9.06 65.06 9.16
368.31 8.96 54.06 4.83
404.62 8.89 48.87 8.33
441.18 9.00 59.68 5.71
477.56 8.91 79.37 11.62
514.00 8.81 112.37 9.85
550.43 8.94 153.18 10.57
587.00 8.81 203.12 16.74
623.43 8.95 266.12 22.11
659.87 8.84 328.81 15.42
696.25 8.76 399.68 17.15
732.75 8.86 475.37 17.89
769.18 8.76 552.06 17.53
805.81 8.85 626.81 7.15
843.25 9.66 710.25 18.93
879.81 9.60 785.87 19.11
918.43 13.66 862.50 23.27
954.68 13.66 927.18 22.20
992.25 13.63 988.75 18.36
1028.43 13.61 1039.50 17.81
1064.93 13.53 1080.06 12.28
1101.31 13.59 1119.37 21.74
1137.62 13.62 1135.75 4.90
1174.25 13.63 1145.62 5.68
1210.37 13.64 1145.87 7.98
1246.87 13.56 1136.75 7.75
1283.31 13.59 1111.43 17.65
1319.62 13.62 1087.12 16.31
1356.25 13.63 1045.68 18.02
1392.43 13.61 996.81 20.82
1428.87 13.51 939.50 23.39
1465.37 13.57 878.87 24.10
1501.81 13.45 810.18 28.93
1538.31 13.36 736.06 27.97
1575.37 13.48 663.68 27.35
1611.87 13.37 590.50 26.68
1648.43 13.37 517.12 26.99
1684.75 13.35 444.56 26.51
1721.25 13.23 378.81 22.75
1757.62 13.35 317.81 19.64
1794.06 13.28 260.25 18.45
1830.62 13.36 214.37 15.10
1867.00 13.39 175.62 12.50
1903.81 13.58 145.75 16.45
1939.93 13.59 125.06 7.00
1977.12 14.07 115.87 6.99
2013.62 14.13 113.75 5.84
2050.00 14.14 124.43 7.51
2086.50 14.20 147.75 20.12
2122.68 14.17 174.68 14.64
2159.18 14.04 214.18 17.16
2195.62 14.13 260.00 19.20
2231.93 14.09 313.62 21.21
2268.43 14.24 373.25 22.92
2304.68 14.17 437.62 25.67
2341.12 14.07 504.12 26.12
2377.68 14.10 573.00 25.55
2414.00 14.05 641.93 25.56
2450.43 14.01 712.62 22.92
2486.93 14.04 774.75 25.07
2523.37 13.95 839.87 20.16
2560.37 14.33 899.50 20.47
2596.75 14.28 949.06 12.58
2633.12 14.15 995.56 14.97
2669.62 14.26 1031.50 10.31
2706.12 14.15 1061.43 9.73
2742.62 14.18 1078.81 5.08
2779.56 13.98 1087.12 4.14
2816.87 14.53 1086.81 4.98
2853.25 14.84 1076.43 9.06
2889.81 14.87 1056.62 10.22
2926.31 14.89 1028.25 27.71
2963.12 15.54 989.37 17.64
2999.62 15.56 945.18 20.19
3035.87 15.49 886.56 34.44
3072.50 15.42 837.25 25.84
3108.81 15.47 777.00 24.69
3145.12 15.54 714.93 27.25
3181.62 15.56 649.43 27.43
3217.87 15.49 582.75 26.70
3254.43 15.46 519.18 26.36
3290.81 15.47 455.87 24.30
3327.12 15.54 397.62 22.92
3363.62 15.34 343.68 21.21
3399.93 15.46 295.31 17.46
3436.50 15.43 252.87 15.57
3472.87 15.43 221.37 10.10
3509.25 15.39 193.87 7.84
3546.00 15.45 178.43 7.79
3582.31 15.55 164.06 24.60
3618.87 15.45 168.12 11.64
3656.00 15.23 182.00 13.29
3692.25 15.28 200.93 9.52
3728.87 15.10 228.06 12.44
3765.25 15.19 264.50 16.02
3801.68 15.27 304.37 18.31
3838.25 15.25 353.43 19.64
3874.50 15.27 407.50 22.76
3911.31 15.45 465.87 24.12
3947.68 15.67 525.18 25.41
3984.00 15.58 586.18 24.77
4020.62 15.51 649.18 25.01
4056.87 15.66 710.68 26.65
4093.37 15.56 768.18 23.29
4129.75 15.62 823.93 21.76
4166.12 15.49 873.56 18.55
4202.62 15.51 919.12 17.40
4238.87 15.66 959.37 13.76
4275.31 15.39 990.12 11.75
4311.75 15.62 1007.25 19.16
4348.12 15.49 1030.25 8.18
4384.68 15.47 1036.68 6.81
4420.93 15.62 1033.75 5.94
4457.37 15.35 1024.56 7.26
4493.93 15.50 1004.81 10.33
4530.25 15.41 978.43 13.86
4566.81 15.44 946.62 17.42
4603.18 15.54 906.06 17.35
4639.75 15.32 858.12 19.75
4676.12 15.37 811.93 21.34
4712.50 15.37 755.18 22.66
4749.62 15.10 693.62 24.12
4786.06 15.21 640.37 23.44
4822.56 14.96 580.68 22.48
4858.93 15.10 529.87 36.73
4895.37 15.26 471.18 21.95
4932.00 15.17 418.00 19.88
4968.37 15.39 368.06 18.37
5004.81 15.31 327.87 15.85
5041.37 15.38 291.00 14.27
5077.62 15.19 261.56 11.79
5114.12 15.20 240.87 11.63
5150.43 15.33 224.18 7.16
5186.81 15.09 218.18 5.83
5223.31 15.38 222.31 6.42
5259.62 15.19 230.62 7.40
5296.12 15.20 249.00 9.78
5332.43 15.33 269.68 15.16
5368.87 15.05 301.12 19.43
5405.37 15.34 343.31 17.83
5441.62 15.19 388.75 17.68
5478.12 15.17 434.62 19.01
5514.56 15.25 485.06 20.70
5551.00 15.10 539.18 20.19
5587.43 15.26 595.06 20.38
5623.81 15.16 652.31 26.01
5660.43 15.08 706.25 20.76
5696.81 15.19 754.12 19.80
5733.25 15.05 802.87 18.59
5769.68 15.04 849.81 15.57
5806.18 15.11 889.00 14.75
5842.75 15.07 922.43 12.83
5879.12 15.16 949.56 9.94
5915.56 15.08 970.56 8.31
5952.25 15.41 982.18 5.77
5988.31 15.36 988.87 8.46
6025.00 15.08 986.87 7.46
6061.37 15.31 976.62 5.40
6097.68 15.12 957.62 12.95
6134.25 15.36 936.50 10.72
6170.43 15.26 906.43 14.31
6207.00 15.08 870.75 15.34
6243.37 15.31 829.93 15.89
6279.68 15.12 785.81 16.90
6316.25 15.36 736.93 18.91
6352.50 15.22 686.12 19.78
6389.00 15.05 633.37 19.55
6425.37 15.31 582.93 19.86
6461.68 15.08 533.43 18.30
6499.00 14.86 483.37 13.77
6535.18 14.89 435.43 17.25
6571.81 14.73 390.62 15.43
6608.31 14.89 356.56 13.34
6644.75 14.76 325.25 11.09
6681.12 14.55 299.31 7.94
6717.50 14.78 281.37 7.57
6754.00 14.60 268.31 7.18
6790.50 14.82 263.18 5.62
6827.81 14.35 266.31 4.65
6864.25 14.34 274.50 7.91
6900.56 14.72 292.50 8.48
6937.31 14.40 316.87 12.52
6973.68 14.75 343.75 12.16
7010.12 14.50 375.62 14.21
7046.62 14.75 416.25 13.59
7082.81 14.63 459.87 16.57
7119.37 14.45 506.62 18.89
7155.75 14.69 554.00 17.15
7192.12 14.50 602.68 18.24
7228.62 14.75 650.62 18.56
7264.81 14.63 698.93 16.64
7301.37 14.45 743.68 13.69
7337.68 14.74 787.12 16.67
7374.06 14.48 826.87 13.20
7410.56 14.55 860.31 13.65
7446.81 14.64 888.87 14.08
7483.50 14.38 915.06 9.33
7519.93 14.57 931.93 8.62
7556.31 14.49 944.00 4.47
7592.68 14.35 948.81 9.21
7629.06 14.56 945.87 6.15
7665.62 14.31 934.31 8.11
7702.12 14.51 920.87 8.24
7738.43 14.32 897.81 9.50
7775.00 14.20 872.18 14.82
7811.37 14.55 839.25 13.47
7847.93 14.33 801.56 13.46
7884.37 14.55 761.25 15.27
7921.50 14.15 718.81 16.96
7958.06 14.51 673.00 15.68
7994.25 14.42 624.06 16.28
8030.87 14.14 581.12 16.27
8067.25 14.38 534.37 17.63
8103.62 14.17 491.68 15.81
8140.12 14.45 451.00 13.55
8176.37 14.30 413.93 15.02
8212.87 14.14 379.37 15.21
8249.18 14.43 353.56 10.45
8285.43 14.30 331.56 10.18
8322.00 14.29 316.12 8.31
8358.37 14.30 306.62 6.17
8394.87 14.07 302.62 5.81
8431.25 14.38 306.68 5.95
8467.50 14.19 313.50 6.61
8504.12 13.99 325.37 12.90
8540.50 14.23 350.87 9.89
8576.93 14.13 376.00 9.84
8614.31 13.86 407.06 10.79
8650.75 13.60 442.56 11.35
8687.12 13.53 480.68 13.31
8723.43 13.78 520.93 13.20
8760.18 13.48 565.06 14.20
8796.75 13.78 607.75 14.62
8833.12 13.59 646.93 24.57
8869.43 13.62 694.37 14.03
8906.31 13.88 735.62 14.44
8942.87 13.66 771.43 13.66
8979.18 13.90 807.25 12.12
9015.68 13.73 841.50 13.45
9052.12 13.91 862.56 8.99
9088.50 13.82 883.31 9.64
9125.00 13.67 899.31 9.27
9161.18 13.89 908.87 8.34
9197.56 13.82 911.06 5.78
9234.06 13.84 909.68 7.92
9270.37 13.89 897.75 6.34
9306.93 13.66 885.68 6.94
9343.18 13.89 862.68 11.68
9379.62 13.70 841.43 11.39
9416.06 13.61 810.68 11.37
9452.43 13.82 777.81 12.41
9488.93 13.58 740.50 12.22
9525.43 13.69 703.18 13.06
9562.68 14.45 660.31 15.02
9599.06 14.32 620.06 14.75
9635.56 14.46 579.93 11.87
9672.18 14.21 538.75 14.35
9708.43 14.38 501.12 14.16
9745.12 14.26 467.12 15.31
9781.37 14.16 432.43 11.85
9817.81 14.33 403.31 11.17
9854.43 14.21 381.06 9.20
9890.87 14.52 364.43 9.84
9927.37 14.47 348.50 7.27
9964.43 15.58 340.75 10.48
10000.68 15.57 337.06 6.17
10037.37 15.30 341.37 6.64
10073.56 15.49 350.87 6.57
10109.93 15.42 364.25 10.35
10146.43 15.46 382.12 9.22
10182.75 15.51 407.00 9.34
10219.31 15.30 433.68 11.16
10255.56 15.49 466.18 13.02
10291.81 15.44 501.25 13.15
10328.37 15.30 534.25 14.45
10364.81 15.44 574.56 14.29
10401.31 15.31 611.81 14.29
10437.62 15.43 651.37 15.33
10473.93 15.32 688.62 14.54
10510.50 15.18 723.75 11.33
10546.93 15.46 756.18 15.03
10583.43 15.32 788.18 13.21
10619.81 15.40 813.31 12.66
10656.43 15.26 836.50 9.14
10692.75 15.16 855.81 8.88
10729.12 15.36 869.56 9.16
10765.81 15.11 876.31 7.89
10802.25 15.28 877.93 5.13
10838.62 15.30 874.06 6.64
10875.06 15.21 865.68 7.03
10912.12 15.48 853.81 8.72
10948.87 15.50 834.31 9.38
10985.06 15.67 811.06 10.33
11021.50 15.56 785.75 11.19
11058.00 15.58 754.87 13.21
11094.31 15.61 720.18 12.36
11130.87 15.43 687.81 14.19
11167.12 15.60 652.93 15.70
11203.43 15.58 613.56 18.08
11239.93 15.43 575.00 18.72
11276.31 15.61 544.00 14.97
11312.81 15.50 510.25 13.53
11349.06 15.63 479.75 13.07
11385.56 15.45 453.06 12.82
11422.00 15.37 426.25 11.38
11458.37 15.55 406.31 9.95
11494.93 15.36 390.25 9.63
11531.31 15.41 376.93 8.98
11567.81 15.45 371.25 7.28
11604.25 15.33 369.18 7.99
11640.68 15.49 370.93 7.15
11677.31 15.25 381.43 6.85
11713.56 15.38 394.68 7.70
11750.00 15.34 410.25 9.20
11786.50 15.18 428.75 12.44
11822.93 15.31 457.43 10.22
11859.56 15.23 485.62 12.97
11896.00 15.57 517.93 12.87
11932.37 15.53 548.81 12.93
11968.93 15.65 581.68 14.38
12005.25 15.69 618.93 15.86
12041.87 15.43 651.25 17.28
12078.12 15.60 683.31 12.86
12114.43 15.58 717.56 12.91
12150.93 15.43 745.31 13.93
12187.31 15.61 769.25 16.05
12223.81 15.50 796.93 12.34
12260.06 15.63 812.00 13.63
12296.43 15.58 830.06 8.97
12332.93 15.43 840.25 8.21
12369.37 15.55 846.31 7.81
12405.81 15.45 845.18 11.36
12442.12 15.57 845.25 8.52
12478.62 15.36 842.87 26.98
12515.18 15.24 824.75 8.02
12551.62 15.50 807.43 7.67
12588.12 15.40 785.62 15.07
12624.50 15.44 765.18 11.85
12661.00 15.34 736.75 10.42
12697.37 15.24 706.50 12.87
12733.75 15.30 676.31 13.31
12770.43 15.19 641.68 23.69
12806.87 15.37 612.68 13.68
12843.18 15.30 581.00 12.44
12879.62 15.22 551.93 20.43
12916.18 15.45 519.56 11.54
12952.81 15.50 490.68 14.21
12989.12 15.64 466.25 13.27
13025.50 15.54 445.25 12.41
13061.93 15.43 428.75 11.65
13098.37 15.58 415.25 10.33
13134.81 15.50 404.81 7.13
13171.12 15.60 398.31 6.17
13207.50 15.54 397.37 6.71
13243.93 15.43 401.50 9.29
13280.37 15.58 409.25 9.74
13316.75 15.51 416.50 15.78
13353.12 15.60 437.75 10.01
13389.56 15.39 453.81 9.17
13426.00 15.37 475.50 8.38
13462.43 15.52 500.37 15.12
13498.93 15.36 528.43 11.49
13535.43 15.46 560.81 12.50
13571.75 15.51 588.87 11.78
13608.25 15.33 618.81 12.38
13644.62 15.39 651.06 11.61
13681.31 15.25 678.06 13.55
13717.56 15.42 709.56 12.50
13753.93 15.30 729.75 11.78
13790.50 15.18 756.37 10.80
13827.00 15.28 775.37 10.43
13863.56 15.23 792.93 10.53
13900.06 15.54 804.81 9.96
13936.31 15.58 815.81 6.44
13972.87 15.50 820.87 7.33
14009.31 15.66 821.00 7.43
14045.81 15.50 817.62 6.50
14082.12 15.60 809.75 6.58
14118.50 15.54 793.18 14.18
14154.93 15.43 784.81 15.04
14191.37 15.58 766.87 8.31
14227.75 15.51 743.06 9.74
14264.12 15.60 721.25 9.64
14300.43 15.52 695.18 10.16
14336.93 15.43 667.31 11.18
14373.37 15.41 639.68 10.96
14409.81 15.45 610.68 12.17
14446.18 15.54 583.75 11.11
14482.50 15.49 555.43 12.12
14519.12 15.27 530.87 12.84
14555.50 15.43 503.81 10.97
14592.06 15.43 488.81 22.48
14628.43 15.50 462.87 15.98
14664.81 15.40 447.06 9.99
14701.37 15.24 436.12 8.05
14737.75 15.30 428.12 8.77
14774.43 15.19 421.43 8.57
14810.87 15.37 420.50 10.37
14847.06 15.38 424.68 7.67
14883.56 15.23 431.56 7.72
14920.18 15.45 442.18 7.09
14957.43 16.90 458.31 7.67
14993.81 17.11 471.56 12.69
15030.87 16.34 496.31 9.79
15067.37 16.22 519.68 9.66
15103.87 16.34 543.62 11.13
15140.18 16.31 570.00 11.66
15176.56 16.36 594.12 12.17
15212.87 16.34 620.93 11.70
15249.37 16.22 649.18 14.85
15285.87 16.34 675.43 12.21
15322.18 16.31 699.43 12.20
15358.62 16.30 722.75 11.69
15394.93 16.28 743.00 12.10
15431.37 16.16 756.06 16.86
15467.81 16.34 774.56 10.69
15504.31 16.18 785.06 9.19
15540.81 16.26 793.50 9.29
15577.12 16.24 798.25 8.01
15613.62 16.10 799.12 7.33
15650.12 16.25 794.25 5.57
15686.68 16.08 787.62 5.63
15722.93 16.10 775.62 6.51
15759.37 16.09 762.18 7.24
15795.81 15.98 746.68 9.13
15832.43 16.15 728.00 7.51
15868.81 16.06 706.93 9.83
15905.43 16.26 685.31 10.44
15941.75 16.40 660.00 8.84
15978.25 16.28 633.75 11.70
16014.81 16.38 608.81 10.71
16051.12 16.35 585.31 11.63
16087.56 16.36 560.56 16.44
16123.81 16.38 535.37 12.14
16160.31 16.25 514.81 11.91
16196.81 16.38 495.75 11.12
16233.12 16.35 478.75 12.10
16269.43 16.36 465.12 9.71
16305.81 16.38 453.68 14.55
16342.25 16.26 447.25 13.77
16378.81 16.34 445.25 8.18
16415.12 16.32 438.25 23.99
16451.43 16.32 447.87 6.95
16487.93 16.28 453.50 7.01
16524.43 16.10 462.75 6.30
16561.00 16.31 476.06 6.91
16597.37 16.26 492.43 7.69
16633.75 16.24 510.56 8.41
16670.93 15.65 530.93 7.86
16707.31 15.58 555.75 12.02
16743.87 15.67 576.12 11.12
16780.93 15.28 601.25 10.66
16818.18 16.09 624.93 11.84
16854.56 16.17 648.56 11.26
16891.06 16.17 670.62 11.39
16927.62 16.36 690.31 16.59
16964.00 16.26 712.12 14.21
17000.43 16.48 729.43 11.30
17036.81 16.26 745.43 10.89
17073.25 16.25 756.81 9.51
17109.68 16.32 768.50 9.91
17146.06 16.23 775.25 10.03
17182.50 16.44 776.37 7.42
17218.81 16.26 775.75 6.67
17255.18 16.16 772.37 5.85
17291.62 16.40 766.68 5.33
17328.00 16.31 756.37 6.72
17364.43 16.29 745.37 7.61
17400.81 16.22 729.81 7.87
17437.25 16.09 713.31 7.73
17473.68 16.32 694.37 9.60
17510.12 16.01 673.87 12.58
17546.68 16.19 651.87 10.27
17583.00 16.16 627.06 14.42
17619.50 16.00 605.25 10.47
17656.12 16.09 584.06 11.70
17692.50 15.95 562.87 10.48
17728.87 16.09 542.37 12.08
17765.31 16.02 523.37 12.17
17801.93 16.03 506.56 10.74
17838.37 16.11 491.93 13.33
17874.68 16.00 481.06 9.16
17912.81 18.02 472.18 9.85
17949.18 18.08 464.93 9.76
17985.81 18.17 465.18 7.45
18023.00 17.89 467.06 11.67
18059.37 17.81 468.62 9.82
18095.75 18.01 473.43 6.91
18132.06 17.85 483.43 5.48
18168.56 17.88 496.18 5.91
18204.87 17.96 508.06 10.56
18241.31 17.89 526.25 9.17
18277.68 18.06 542.93 7.12
18314.00 17.89 564.18 9.92
18350.50 17.73 584.50 9.82
18386.93 17.88 604.75 10.95
18423.25 17.71 625.68 14.32
18459.75 17.99 652.93 27.40
18496.18 17.70 665.68 11.76
18532.68 17.54 681.25 16.70
18569.18 17.73 702.18 13.66
18605.56 17.61 717.25 11.71
18642.06 17.83 730.93 11.95
18678.37 17.66 741.81 11.38
18714.87 17.51 751.06 8.92
18751.37 17.61 755.43 9.55
18787.68 17.53 759.50 6.80
18824.31 17.66 756.62 5.64
18860.62 17.64 756.12 8.96
18897.93 18.15 748.93 4.59
18934.37 18.19 740.12 6.12
18970.81 18.19 729.43 7.10
19007.31 18.43 714.25 6.86
19043.56 18.30 700.18 8.13
19080.06 18.26 680.12 10.21
19116.43 18.37 662.81 11.63
19152.75 18.23 644.31 13.18
19189.25 18.48 624.43 10.73
19225.56 18.30 605.18 16.00
19262.00 18.11 584.00 13.26
19298.43 18.37 565.93 11.85
19334.68 18.26 548.43 13.88
19371.31 18.40 531.81 14.36
19407.62 18.22 517.31 11.16
19444.06 18.04 506.93 12.68
19480.50 18.30 497.25 10.35
19516.75 18.08 487.37 9.31
19553.93 18.67 483.43 9.36
19590.37 18.76 481.50 9.17
19626.87 18.44 483.50 8.16
19663.37 18.61 484.75 9.16
19699.68 18.52 489.37 13.69
19736.06 18.50 499.93 4.93
19772.62 18.51 512.43 4.62
19810.06 19.39 524.43 5.87
19846.43 19.52 538.37 7.78
19882.81 19.47 554.25 8.24
19919.37 19.74 570.25 18.39
19955.75 19.78 590.18 11.46
19992.18 19.61 609.56 10.28
20028.68 19.85 626.81 11.34
20065.06 19.76 645.43 13.87
20101.56 19.91 662.81 12.97
20137.81 19.78 682.31 14.14
20174.25 19.60 693.50 14.42
20210.62 19.90 708.37 12.56
20247.00 19.80 719.68 11.47
20283.56 19.91 727.50 9.84
20319.81 19.78 737.12 9.56
20356.25 19.60 739.37 8.30
20392.68 19.82 741.00 6.58
20429.00 19.69 740.62 10.22
20465.56 19.75 736.37 4.37
20502.62 19.25 729.56 9.05
20539.43 19.38 723.75 4.98
20575.87 19.71 714.12 5.36
20612.12 19.54 699.62 9.42
20648.68 19.47 686.81 8.56
20685.12 19.53 671.37 12.81
20721.56 19.27 653.12 12.55
20758.87 19.18 638.50 10.81
20795.25 19.08 623.43 11.29
20831.75 18.95 602.62 12.04
20868.12 19.18 584.00 17.09
20905.56 20.90 570.00 12.89
20942.06 21.17 552.75 12.63
20978.37 20.99 539.93 13.80
21015.00 21.12 528.31 11.68
21051.25 21.08 517.50 10.32
21087.62 20.81 510.87 12.76
21124.12 21.16 503.37 10.37
21160.31 21.07 496.93 11.39
21196.93 21.14 496.43 7.01
21233.25 21.08 499.18 7.46
21269.62 20.81 502.43 9.32
21306.12 21.16 506.93 4.79
21342.25 21.08 515.18 5.22
21378.93 20.98 524.81 7.54
21415.31 21.00 533.93 13.87
21451.68 20.74 544.31 12.78
21488.18 21.09 563.50 9.72
21524.50 20.83 577.43 10.75
21561.06 20.91 597.00 13.59
21597.50 20.94 611.00 11.40
21633.87 20.71 628.31 11.83
21670.50 20.80 644.75 13.43
21706.81 20.71 659.62 11.64
21743.37 20.75 673.37 12.52
21780.43 20.71 687.56 12.08
21817.00 20.46 698.12 11.39
21853.43 20.77 707.12 12.25
21889.87 20.83 719.50 19.57
21926.50 20.86 721.00 9.21
21962.81 21.00 724.18 7.96
21999.31 20.70 733.06 23.57
22035.75 21.00 721.68 17.79
22072.00 20.97 721.87 5.62
22108.62 21.01 716.50 4.57
22144.93 20.98 708.68 5.87
22181.31 20.70 699.25 7.08
22217.75 21.00 689.18 6.58
22253.93 20.98 676.12 9.51
22290.56 20.94 663.75 11.93
22326.87 20.92 648.75 11.83
22363.31 20.70 632.93 11.02
22399.81 20.92 617.68 11.90
22436.06 20.82 605.06 11.30
22472.50 20.75 584.31 14.81
22509.00 20.74 571.62 16.78
22545.43 20.68 561.43 12.23
22582.06 20.81 548.56 10.95
22618.31 20.74 537.25 11.21
22654.87 20.56 533.93 15.90
22691.31 20.72 520.43 12.95
22727.75 20.43 514.93 9.85
22764.75 20.85 512.37 6.87
22801.18 20.80 513.00 9.61
22837.68 20.80 512.75 6.13
22874.00 20.87 515.43 4.24
22910.62 20.74 519.18 8.44
22947.06 21.10 527.56 5.01
22983.37 21.09 541.18 17.59
23020.06 21.10 546.12 7.41
23056.31 21.06 558.56 7.94
23092.75 20.80 570.87 11.04
23129.12 21.09 582.43 13.84
23165.37 21.09 598.62 10.72
23201.93 21.00 615.56 15.53
23238.25 21.00 628.56 12.29
23274.75 20.80 641.31 12.97
23311.12 21.09 654.25 18.05
23347.37 21.09 665.43 13.99
23383.93 20.84 680.50 13.14
23420.25 20.93 689.18 11.33
23456.68 20.82 697.68 10.29
23493.18 21.00 704.06 7.92
23529.62 20.82 709.31 12.03
23566.06 20.65 711.50 7.01
23602.56 20.90 713.00 7.47
23639.00 20.69 711.00 5.24
23675.50 20.83 709.12 4.90
23711.93 20.68 704.87 5.60
23749.31 20.60 697.25 5.23
23785.75 20.97 688.50 6.50
23822.31 20.64 682.12 8.81
23858.68 20.95 673.87 17.25
23895.06 21.11 653.18 15.81
23931.68 21.03 644.43 10.62
23968.00 21.17 631.18 11.91
24004.56 20.87 616.75 12.83
24040.93 21.18 605.87 14.64
24077.18 21.17 589.06 13.05
24113.75 21.06 578.81 12.68
24150.06 21.08 565.87 10.37
24186.56 20.87 555.31 11.50
24222.93 21.18 548.06 14.20
24259.18 21.17 538.12 9.39
24295.68 20.98 532.25 9.39
24332.00 21.09 527.50 7.10
24368.50 20.89 525.56 6.71
24405.00 21.09 525.43 8.13
24441.25 20.98 525.06 6.41
24477.62 20.79 525.50 6.46
24514.18 20.90 531.06 4.76
24550.68 20.84 540.50 8.35
24587.18 21.04 546.06 5.98
24623.50 20.88 555.50 9.63
24660.06 20.55 567.18 10.25
24696.50 20.86 575.87 9.47
24733.00 20.61 589.25 9.73
24770.56 21.85 602.81 11.90
24806.81 21.88 613.81 12.07
24843.37 21.69 624.00 21.99
24879.81 22.03 637.93 13.89
24916.93 21.71 653.00 14.68
24953.50 22.06 661.37 10.96
24989.75 22.02 671.56 11.22
25026.37 21.95 680.93 10.68
25062.68 21.94 689.31 9.50
25099.06 21.75 692.56 9.12
25135.56 22.05 697.25 6.18
25171.81 22.00 702.50 7.30
25208.25 21.91 701.68 6.16
25244.62 21.96 701.06 5.73
25280.93 21.86 693.62 20.93
25317.56 22.05 694.93 4.44
25353.81 22.00 686.31 6.30
25390.25 21.69 680.93 8.50
25426.68 21.88 671.37 8.30
25463.00 21.78 655.43 30.45
25500.37 21.76 651.43 12.20
25536.75 21.67 639.43 10.54
25573.06 21.44 628.62 12.05
25609.56 21.81 615.25 12.68
25645.93 21.51 605.31 12.25
25682.62 21.64 591.25 10.44
25718.87 21.58 582.37 11.84
25755.43 21.43 572.75 11.40
25791.87 21.84 561.31 9.80
25828.37 21.42 553.50 9.94
25864.87 21.73 546.00 8.67
25901.31 21.84 542.31 9.94
25937.87 21.80 537.00 7.18
25974.12 21.95 535.81 6.48
26010.68 21.62 534.43 5.50
26047.18 21.93 535.87 4.21
26083.43 21.88 539.12 4.50
26119.93 21.77 542.50 6.52
26156.18 21.93 548.31 7.91
26192.56 21.74 554.81 7.73
26229.18 21.93 564.18 9.63
26265.43 21.88 569.12 21.06
26301.87 21.64 583.18 11.49
26338.18 21.93 591.68 10.87
26374.62 21.65 604.81 10.51
26411.18 21.84 616.81 12.03
26447.56 21.71 625.62 11.86
26484.37 21.55 636.50 11.62
26520.87 21.83 646.50 11.82
26557.31 21.68 655.00 14.33
26593.81 21.85 665.62 10.04
26630.25 21.77 671.75 8.67
26666.68 21.33 680.12 8.75
26703.18 21.76 676.06 28.18
26739.75 21.47 690.56 6.59
26776.18 21.77 691.75 7.37
26812.62 21.68 690.50 5.18
26849.12 21.51 690.31 4.52
26885.56 21.90 687.81 8.54
26922.18 21.53 683.25 4.92
26958.62 21.94 676.25 9.49
26994.93 21.90 670.43 6.89
27031.43 21.77 666.56 10.47
27067.75 21.94 656.68 8.99
27104.18 21.68 645.56 13.22
27140.68 21.92 635.62 11.67
27177.00 21.88 626.62 11.97
27213.37 21.64 615.68 12.72
27249.75 21.94 605.43 11.38
27286.18 21.68 594.31 11.69
27322.62 21.91 586.18 11.87
27359.00 21.88 576.18 9.54
27395.37 21.48 565.81 11.60
27431.81 21.85 560.93 8.76
27468.37 21.71 550.43 20.46
27505.00 21.71 548.25 8.92
27541.43 21.73 544.37 9.67
27577.75 21.41 544.93 4.92
27614.37 21.70 543.68 4.24
27650.62 21.54 542.75 9.42
27687.25 21.58 547.68 6.27
27723.62 21.56 550.50 5.51
27760.12 21.38 556.43 7.21
27796.62 21.67 562.75 7.45
27833.12 21.39 571.12 10.56
27869.43 21.60 577.87 8.45
27906.06 21.79 586.25 10.05
27942.50 21.68 596.00 10.64
27978.93 21.83 607.06 11.01
28015.37 21.63 616.31 9.81
28051.87 21.87 629.62 12.57
28088.18 21.83 633.68 9.90
28124.56 21.58 644.56 10.24
28160.87 21.87 651.81 9.47
28197.31 21.69 658.68 7.67
28233.81 21.86 666.50 8.95
28270.18 21.83 672.62 6.19
28306.50 21.51 676.56 6.94
28342.87 21.87 679.62 4.97
28379.31 21.66 681.12 5.56
28415.81 21.71 681.37 3.67
28452.25 21.74 681.37 5.53
28489.68 22.24 679.43 7.16
28526.18 22.39 676.31 8.80
28562.56 22.44 671.62 7.08
28599.06 22.46 665.68 6.51
28635.43 22.40 658.18 8.60
28672.75 21.46 648.18 12.10
28709.18 21.68 641.68 8.84
28745.75 21.64 634.81 10.08
28782.12 21.78 624.75 9.90
28818.62 21.74 618.87 13.93
28855.06 21.59 605.43 9.27
28891.56 21.89 596.50 11.06
28928.12 21.72 587.87 9.64
28965.37 22.90 581.81 8.96
29001.62 22.82 573.37 8.66
29038.18 22.69 567.12 6.89
29074.43 22.87 562.37 6.51
29110.93 22.67 552.87 20.62
29147.37 22.87 555.31 5.84
29183.68 22.79 553.00 3.97
29220.12 22.63 553.37 6.46
29256.43 22.87 555.37 7.40
29292.81 22.67 556.25 6.14
29329.37 22.87 559.81 6.35
29365.62 22.80 562.87 7.02
29402.12 22.46 570.31 8.24
29438.50 22.78 576.93 8.30
29475.00 22.70 581.50 8.93
29511.56 22.75 590.87 10.16
29547.87 22.71 595.37 13.65
29584.25 22.53 607.68 10.75
29620.81 22.64 614.56 9.46
29657.81 22.38 623.31 9.93
29694.37 22.43 632.18 9.72
29730.75 22.35 638.37 11.83
29767.31 22.23 645.25 15.25
29803.75 22.46 654.06 7.94
29840.18 22.31 659.62 7.46
29876.68 22.48 666.50 4.94
29913.12 22.55 668.87 6.84
29949.68 22.46 673.75 4.16
29986.00 22.69 673.87 7.61
30022.50 22.48 677.31 17.34
30059.00 22.66 673.31 5.06
30095.31 22.57 670.81 5.59
30131.75 22.43 668.31 5.97
30168.06 22.66 664.75 7.76
30204.37 22.48 659.00 6.84
30241.00 22.66 652.87 8.30
30277.25 22.58 646.43 8.52
30313.68 22.34 638.25 9.88
30350.06 22.66 631.43 10.31
30386.43 22.38 620.31 12.90
30423.06 22.57 614.87 9.91
30459.37 22.54 605.68 10.78
30495.68 22.38 599.68 9.73
30532.31 22.44 591.75 8.91
30568.68 22.45 584.50 7.80
30605.25 22.51 578.12 7.65
30641.62 22.42 573.00 6.89
30678.87 21.52 567.43 7.03
30715.31 21.73 565.43 4.96
30751.81 21.71 562.06 5.37
30788.25 21.83 561.37 7.68
30824.68 21.78 564.87 11.83
30861.12 21.56 559.62 6.39
30897.68 21.99 561.12 4.96
30934.18 21.75 565.56 6.14
30970.68 22.08 568.75 6.69
31007.12 21.91 576.06 8.32
31043.43 21.73 579.06 8.77
31079.81 22.04 586.43 9.07
31116.18 21.81 591.12 13.05
31152.75 22.05 600.62 8.91
31189.00 21.95 609.62 9.07
31225.43 21.73 615.62 9.77
31261.81 22.04 623.31 8.20
31298.12 21.91 631.93 18.71
31334.75 22.05 637.12 8.07
31371.00 21.95 645.43 9.21
31407.31 21.80 648.87 10.91
31443.81 22.04 655.37 6.59
31480.25 22.02 657.68 4.98
31516.81 22.00 664.06 4.53
31553.18 21.95 666.50 5.01
31589.50 21.80 665.25 7.66
31626.12 21.88 667.68 5.53
31663.12 21.66 665.87 6.74
31699.56 21.58 664.50 9.51
31736.06 21.70 662.56 7.02
31772.56 21.46 657.18 9.15
31809.00 21.82 654.50 8.16
31845.43 21.64 648.87 7.08
31881.81 21.56 641.87 9.12
31918.43 21.79 636.00 7.37
31955.75 22.92 631.25 8.91
31992.06 23.13 622.00 9.49
32028.37 22.98 616.18 9.56
32065.06 23.10 606.50 9.64
32101.31 22.99 600.68 8.69
32137.75 22.77 593.62 11.72
32174.12 23.09 588.68 7.17
32210.37 22.98 580.62 8.89
32247.06 23.10 575.50 6.49
32283.31 22.99 577.12 9.51
32319.56 22.96 571.12 4.87
32356.12 23.09 568.81 5.84
32392.43 22.88 564.25 12.50
32429.06 23.00 566.06 6.00
32465.37 22.91 568.43 5.84
32501.68 22.82 569.18 6.79
32538.37 22.85 568.68 11.91
32574.68 22.92 576.18 10.01
32611.25 22.87 578.68 7.62
32647.68 22.82 583.43 8.17
32684.18 22.57 589.62 8.46
32720.56 22.88 595.37 9.10
32757.00 22.87 602.43 7.81
32793.56 22.88 608.56 9.33
32829.93 22.85 616.06 11.61
32866.43 22.60 621.37 7.49
32903.00 23.02 630.12 8.54
32939.31 23.01 637.00 9.36
32976.00 23.13 641.68 6.88
33012.25 22.96 647.18 8.94
33048.75 22.77 651.56 5.72
33085.12 23.09 656.06 5.52
33121.37 22.98 657.81 5.06
33158.06 23.10 661.25 4.82
33194.25 22.96 662.25 5.79
33230.56 22.96 658.87 7.69
33267.12 23.09 660.18 9.86
33303.37 22.98 658.62 6.74
33340.00 23.09 658.62 6.34
33376.37 22.76 654.56 8.36
33412.68 22.67 650.00 7.12
33449.25 22.89 645.68 7.35
33485.68 22.79 639.81 7.77
33522.18 22.81 634.68 8.43
33559.31 23.40 628.62 13.24
33595.62 23.24 622.81 8.51
33632.31 23.43 615.12 8.22
33668.56 23.27 609.62 7.15
33705.00 23.17 603.18 8.57
33741.56 23.36 597.62 11.12
33778.06 23.10 592.43 5.62
33814.56 23.50 587.56 9.64
33850.75 23.35 579.43 14.18
33887.43 23.56 576.25 5.24
33923.81 23.50 576.12 4.00
33960.31 23.36 570.68 10.38
33996.75 23.64 569.50 10.21
34033.06 23.52 571.31 5.86
34069.68 23.61 576.31 14.98
34106.00 23.53 573.18 6.43
34142.25 23.46 575.87 6.19
34178.81 23.60 577.87 7.64
34215.06 23.52 584.06 8.44
34251.68 23.61 587.50 7.11
34288.00 23.53 592.87 6.55
34324.18 23.47 598.00 9.19
34360.81 23.60 604.25 7.39
34397.18 23.32 608.18 7.31
34433.68 23.47 615.81 7.79
34470.06 23.52 621.00 6.88
34506.31 23.42 627.31 6.33
34543.06 23.68 633.93 10.74
34579.25 23.53 638.68 9.29
34615.68 23.26 641.25 11.05
34652.31 23.48 646.00 6.32
34688.75 23.30 650.56 5.20
34725.18 23.59 650.62 4.09
34761.56 23.47 655.00 5.35
34798.12 23.41 657.18 5.74
34835.12 23.07 658.31 7.12
34871.56 22.78 656.00 12.12
34909.00 23.27 655.87 7.99
34945.31 23.27 652.31 8.12
34982.00 23.39 651.37 7.46
35018.25 23.35 645.06 6.86
35054.62 23.19 641.18 9.78
35091.12 23.33 636.68 7.17
35127.37 23.23 632.43 8.44
35164.06 23.35 627.50 8.04
35200.25 23.35 619.06 9.78
35236.56 23.21 614.81 8.37
35273.12 23.33 610.37 6.75
35309.37 23.23 603.31 8.44
35346.00 23.31 598.18 5.24
35382.25 23.29 594.81 6.71
35418.56 23.08 591.37 8.28
35455.25 23.28 585.56 4.89
35491.50 23.18 581.56 11.56
35528.62 21.97 578.37 5.00
35565.06 22.37 577.68 7.09
35601.37 22.17 573.31 9.56
35638.00 22.25 576.75 4.31
35674.37 22.12 576.87 5.98
35710.75 21.98 577.87 6.64
35747.31 22.30 575.87 9.76
35783.75 22.00 580.06 10.98
35820.37 22.24 585.62 6.41
35856.56 22.17 589.62 5.58
35893.93 22.65 594.62 8.90
35930.31 22.93 600.31 6.63
35966.62 22.72 605.81 6.13
36003.25 22.87 609.68 6.42
36039.56 22.74 615.50 6.53
36076.18 22.79 620.06 6.07
36112.43 22.84 626.00 5.96
36148.68 22.67 631.62 5.30
36185.31 22.83 635.62 4.46
36221.56 22.74 648.93 23.45
36258.12 22.75 643.87 4.15
36294.31 22.83 646.18 5.48
36330.68 22.67 651.68 6.27
36367.31 22.83 652.18 5.57
36403.56 22.71 654.87 12.29
36440.00 22.39 653.68 6.05
36476.43 22.77 651.87 5.45
36512.87 22.53 650.68 7.36
36550.31 23.68 648.31 4.65
36586.56 23.52 645.18 6.86
36622.93 23.26 642.31 7.17
36659.56 23.54 641.18 7.38
36696.00 23.24 634.43 7.15
36732.50 23.39 631.37 9.03
36768.81 23.44 630.18 12.79
36805.37 23.34 620.68 6.87
36841.81 23.55 614.81 6.35
36878.18 23.39 610.50 5.92
36914.93 23.59 604.50 7.95
36951.25 23.63 597.93 6.96
36987.87 23.66 598.43 7.47
37024.18 23.68 592.18 9.68
37060.43 23.52 587.62 4.96
37097.06 23.64 586.43 4.65
37133.31 23.58 582.43 7.62
37169.87 23.58 581.18 5.28
37206.12 23.73 574.43 28.93
37242.43 23.52 579.00 4.95
37279.06 23.64 578.50 9.20
37315.25 23.66 585.31 13.44
