#Creator: pendulumviewEventBuffer
#Creation time: Mon Mar  7 10:03:51 2022
#Time A	Pos A	Time B	Pos B
#[s]	[au]	[s]	[au]
0.026	353	0.051	458
0.076	417	0.102	461
0.127	480	0.152	463
0.178	538	0.203	465
0.229	590	0.253	470
0.279	632	0.305	475
0.330	665	0.355	480
0.380	681	0.406	487
0.432	680	0.456	493
0.482	665	0.507	498
0.533	641	0.558	503
0.583	604	0.609	507
0.634	556	0.659	510
0.685	501	0.710	511
0.736	440	0.760	511
0.786	377	0.812	508
0.837	315	0.862	505
0.887	259	0.913	501
0.938	211	0.963	493
0.989	172	1.014	487
1.040	146	1.065	478
1.090	134	1.116	468
1.141	137	1.167	461
1.191	149	1.217	453
1.243	177	1.268	446
1.293	218	1.318	440
1.344	268	1.370	437
1.394	326	1.420	435
1.445	385	1.471	436
1.496	447	1.521	438
1.547	506	1.572	444
1.597	559	1.623	450
1.648	606	1.674	460
1.698	640	1.724	470
1.749	663	1.775	481
1.800	670	1.825	492
1.851	662	1.876	503
1.901	645	1.927	514
1.952	614	1.978	523
2.002	573	2.028	529
2.054	524	2.079	533
2.104	467	2.129	534
2.155	407	2.181	533
2.205	348	2.231	529
2.256	292	2.282	522
2.307	242	2.332	513
2.358	201	2.383	502
2.408	169	2.434	489
2.459	150	2.485	475
2.509	146	2.535	461
2.560	155	2.586	447
2.611	174	2.636	435
2.662	208	2.687	425
2.712	249	2.738	418
2.763	301	2.789	413
2.813	358	2.839	412
2.865	415	2.890	415
2.915	472	2.940	421
2.966	526	2.992	429
3.016	575	3.042	440
3.067	613	3.093	454
3.118	640	3.143	471
3.169	654	3.194	487
3.219	654	3.245	504
3.270	642	3.296	519
3.320	620	3.346	532
3.372	585	3.397	543
3.422	542	3.447	552
3.473	491	3.498	557
3.523	435	3.549	557
3.574	379	3.600	552
3.624	324	3.650	546
3.676	273	3.701	534
3.726	230	3.751	520
3.777	195	3.803	504
3.827	171	3.853	485
3.878	162	3.904	466
3.929	164	3.954	446
3.980	175	4.005	431
4.030	201	4.056	415
4.081	238	4.107	404
4.131	283	4.157	394
4.183	334	4.208	390
4.233	388	4.258	391
4.284	441	4.309	397
4.334	494	4.360	406
4.385	542	4.411	420
4.435	583	4.461	436
4.487	614	4.512	456
4.537	632	4.562	478
4.588	638	4.614	498
4.638	634	4.664	519
4.689	619	4.715	538
4.740	591	4.765	554
4.791	554	4.816	566
4.841	510	4.867	575
4.892	460	4.918	577
4.942	408	4.968	575
4.994	354	5.019	568
5.044	305	5.069	557
5.095	260	5.120	541
5.145	223	5.171	521
5.196	197	5.222	500
5.246	181	5.272	475
5.298	178	5.323	453
5.348	183	5.373	431
5.399	201	5.425	410
5.449	231	5.475	392
5.500	269	5.526	380
5.551	314	5.576	373
5.602	362	5.627	371
5.652	413	5.678	374
5.703	464	5.729	383
5.753	511	5.779	398
5.805	552	5.830	416
5.855	585	5.880	439
5.906	609	5.932	463
5.956	620	5.982	488
6.007	621	6.033	514
6.057	611	6.083	538
6.109	591	6.134	560
6.159	560	6.184	577
6.210	522	6.236	588
6.260	480	6.286	595
6.311	430	6.337	596
6.362	382	6.387	590
6.413	334	6.438	579
6.463	292	6.489	562
6.514	254	6.540	542
6.564	224	6.590	516
6.616	204	6.641	490
6.666	195	6.691	462
6.717	197	6.743	434
6.767	209	6.793	410
6.818	231	6.844	387
6.868	261	6.894	371
6.920	299	6.945	359
6.970	343	6.995	353
7.021	389	7.047	354
7.071	436	7.097	363
7.122	480	7.148	375
7.173	521	7.198	395
7.224	556	7.249	418
7.274	582	7.300	446
7.325	597	7.351	475
7.375	604	7.401	505
7.427	600	7.452	533
7.477	586	7.502	560
7.528	562	7.554	582
7.578	531	7.604	598
7.629	493	7.655	609
7.679	451	7.705	614
7.731	407	7.756	611
7.781	362	7.806	600
7.832	320	7.858	585
7.882	284	7.908	563
7.933	253	7.959	536
7.985	230	8.009	507
8.035	217	8.060	476
8.086	214	8.111	444
8.136	221	8.162	414
8.187	236	8.212	387
8.238	260	8.263	365
8.289	291	8.313	350
8.339	329	8.365	341
8.390	370	8.415	337
8.440	412	8.466	342
8.492	452	8.516	355
8.542	491	8.567	374
8.593	526	8.617	397
8.643	553	8.669	426
8.694	571	8.719	459
8.744	581	8.770	491
8.796	583	8.820	524
8.846	575	8.871	555
8.897	558	8.922	582
8.947	533	8.973	604
8.998	502	9.023	618
9.049	466	9.074	627
9.100	427	9.124	627
9.150	387	9.176	620
9.201	348	9.226	606
9.251	312	9.277	585
9.303	282	9.327	558
9.353	258	9.378	526
9.404	242	9.428	493
9.454	234	9.480	458
9.505	235	9.530	423
9.555	245	9.581	392
9.607	264	9.631	365
9.657	289	9.682	343
9.708	319	9.733	331
9.758	354	9.784	324
9.809	392	9.834	326
9.860	430	9.885	334
9.911	465	9.935	352
9.961	497	9.987	375
10.012	525	10.037	406
10.062	546	10.088	439
10.114	558	10.138	475
10.164	563	10.189	511
10.215	559	10.239	546
10.265	548	10.291	577
10.316	530	10.341	604
10.366	505	10.392	624
10.418	475	10.442	636
10.468	442	10.493	641
10.519	407	10.544	636
10.569	373	10.595	625
10.620	339	10.645	606
10.671	310	10.696	579
10.722	285	10.746	547
10.772	269	10.798	511
10.823	258	10.848	474
10.873	255	10.899	437
10.925	259	10.949	401
10.975	272	11.000	369
11.026	292	11.050	344
11.076	316	11.102	325
11.127	345	11.153	315
11.177	376	11.203	312
11.229	409	11.254	319
11.279	440	11.304	333
11.330	472	11.356	355
11.380	496	11.406	384
11.431	518	11.457	418
11.482	532	11.507	457
11.533	541	11.558	494
11.583	541	11.609	533
11.634	535	11.660	569
11.684	521	11.710	600
11.736	502	11.761	625
11.786	479	11.811	641
11.837	453	11.863	649
11.887	422	11.913	651
11.938	391	11.964	642
11.988	362	12.014	625
12.040	336	12.065	599
12.090	313	12.115	568
12.141	295	12.167	532
12.191	283	12.217	493
12.242	277	12.268	454
12.293	278	12.318	415
12.344	286	12.369	379
12.394	298	12.420	349
12.445	317	12.471	325
12.495	340	12.521	309
12.547	366	12.572	303
12.597	393	12.622	304
12.648	421	12.674	317
12.698	447	12.724	337
12.749	471	12.775	364
12.799	491	12.825	398
12.851	506	12.876	434
12.901	516	12.926	476
12.952	519	12.978	516
13.002	517	13.028	555
13.053	510	13.079	591
13.104	496	13.129	620
13.155	478	13.180	642
13.205	457	13.231	655
13.256	433	13.282	659
13.306	408	13.332	655
13.358	383	13.383	641
13.408	360	13.433	619
13.459	338	13.485	590
13.509	321	13.535	553
13.560	310	13.586	514
13.610	302	13.636	471
13.662	299	13.687	432
13.712	302	13.737	392
13.763	311	13.789	357
13.813	324	13.839	328
13.864	341	13.890	308
13.915	360	13.940	298
13.966	382	13.991	297
14.016	405	14.042	303
14.067	428	14.093	320
14.117	447	14.143	345
14.169	465	14.194	377
14.219	480	14.244	414
14.270	490	14.296	456
14.320	496	14.346	498
14.371	496	14.397	539
14.421	492	14.447	578
14.473	484	14.498	611
14.523	472	14.548	638
14.574	457	14.600	656
14.624	438	14.650	664
14.675	418	14.701	665
14.726	399	14.751	654
14.777	380	14.802	637
14.828	362	14.853	608
14.878	347	14.904	574
14.929	334	14.954	534
14.980	327	15.005	492
15.031	322	15.055	449
15.081	323	15.107	408
15.132	327	15.157	371
15.182	335	15.208	337
15.234	346	15.258	312
15.284	361	15.309	297
15.335	377	15.359	292
15.385	395	15.411	293
15.436	412	15.461	307
15.486	429	15.512	328
15.538	443	15.562	358
15.588	455	15.613	394
15.639	465	15.664	435
15.689	471	15.715	477
15.740	475	15.765	521
15.791	473	15.816	561
15.842	469	15.866	599
15.892	461	15.918	629
15.943	451	15.968	652
15.993	439	16.019	665
16.045	424	16.069	669
16.095	410	16.120	665
16.146	395	16.170	649
16.196	381	16.222	624
16.247	369	16.272	593
16.297	359	16.323	555
16.349	351	16.373	514
16.399	347	16.424	470
16.450	345	16.475	426
16.500	347	16.526	386
16.551	350	16.576	350
16.602	357	16.627	321
16.653	366	16.677	300
16.703	377	16.729	290
16.754	389	16.779	289
16.804	400	16.830	297
16.856	412	16.880	315
16.906	422	16.931	341
16.957	434	16.981	375
17.007	442	17.033	414
17.058	447	17.083	457
17.108	451	17.134	501
17.160	452	17.184	542
17.210	450	17.235	583
17.261	447	17.286	618
17.311	441	17.337	644
17.362	433	17.387	662
17.413	426	17.438	670
17.464	416	17.488	669
17.514	406	17.540	660
17.565	397	17.590	638
17.615	389	17.641	611
17.667	381	17.691	574
17.717	375	17.742	534
17.768	370	17.792	491
17.818	368	17.844	446
17.869	368	17.895	404
17.919	369	17.945	366
17.971	371	17.996	333
18.021	375	18.046	307
18.072	382	18.098	293
18.122	388	18.148	288
18.173	394	18.199	291
18.224	401	18.249	305
18.275	409	18.300	328
18.325	414	18.351	358
18.376	420	18.402	395
18.426	425	18.452	436
18.478	427	18.503	480
18.528	429	18.553	524
18.579	430	18.605	565
18.629	429	18.655	602
18.680	427	18.706	632
18.730	424	18.756	655
18.782	421	18.807	667
18.832	417	18.857	670
18.883	413	18.909	665
18.933	408	18.959	649
18.984	403	19.010	624
19.035	401	19.060	591
19.086	396	19.111	553
19.136	394	19.162	511
19.187	391	19.213	468
19.237	390	19.263	424
19.289	389	19.314	384
19.339	389	19.364	348
19.390	390	19.416	320
19.440	391	19.466	299
19.491	391	19.517	291
19.541	394	19.567	289
19.593	395	19.618	299
19.643	397	19.668	318
19.694	400	19.720	345
19.744	401	19.770	379
19.795	403	19.821	417
19.846	405	19.871	461
19.897	406	19.922	504
19.947	408	19.973	546
19.998	409	20.024	585
20.048	410	20.074	619
20.100	410	20.125	643
20.150	411	20.175	660
20.201	412	20.227	667
20.251	413	20.277	666
20.302	412	20.328	656
20.352	413	20.378	634
20.404	413	20.429	606
20.454	413	20.479	570
20.505	412	20.531	530
20.555	411	20.581	488
20.606	410	20.632	445
20.657	409	20.682	403
20.708	407	20.733	366
20.758	405	20.784	335
20.809	402	20.835	312
20.859	401	20.885	297
20.911	398	20.936	293
20.961	397	20.986	297
21.012	393	21.038	312
21.062	391	21.088	335
21.113	390	21.139	365
21.164	389	21.189	401
21.215	389	21.240	442
21.265	390	21.290	484
21.316	391	21.342	526
21.366	393	21.392	565
21.417	395	21.443	600
21.468	398	21.493	630
21.519	401	21.544	650
21.569	406	21.595	661
21.620	411	21.646	664
21.670	414	21.696	658
21.722	418	21.747	642
21.772	421	21.797	616
21.823	424	21.849	585
21.873	426	21.899	547
21.924	426	21.950	506
21.975	425	22.000	464
22.026	423	22.051	424
22.076	421	22.101	384
22.127	419	22.153	351
22.177	413	22.203	325
22.228	408	22.254	307
22.279	403	22.304	298
22.330	397	22.355	299
22.381	391	22.406	308
22.431	387	22.457	327
22.482	382	22.507	355
22.533	378	22.558	386
22.584	376	22.608	424
22.634	374	22.660	465
22.685	375	22.710	507
22.735	376	22.761	545
22.787	381	22.811	583
22.837	386	22.862	614
22.888	391	22.912	637
22.938	398	22.964	652
22.989	407	23.014	659
23.039	413	23.065	657
23.091	421	23.115	645
23.141	427	23.166	625
23.192	433	23.217	597
23.242	438	23.268	563
23.293	441	23.318	524
23.344	441	23.369	484
23.395	440	23.419	444
23.445	437	23.471	404
23.496	433	23.521	370
23.546	426	23.572	341
23.598	418	23.622	319
23.648	409	23.673	307
23.699	400	23.724	304
23.749	391	23.775	309
23.800	383	23.825	323
23.850	375	23.876	345
23.902	368	23.926	374
23.952	363	23.977	409
24.003	361	24.028	447
24.053	359	24.079	487
24.104	362	24.129	528
24.155	365	24.180	563
24.206	372	24.230	597
24.256	380	24.282	622
24.307	389	24.332	641
24.357	399	24.383	651
24.409	409	24.433	653
24.459	420	24.484	645
24.510	431	24.535	629
24.560	440	24.586	606
24.611	448	24.636	575
24.661	453	24.687	539
24.713	455	24.737	501
24.763	456	24.788	462
24.814	453	24.839	424
24.864	447	24.890	389
24.915	440	24.940	359
24.966	431	24.991	334
25.017	419	25.041	319
25.067	408	25.093	312
25.118	395	25.143	313
25.168	383	25.194	322
25.220	371	25.244	340
25.270	362	25.295	366
25.321	353	25.346	397
25.371	348	25.397	432
25.422	346	25.448	469
25.472	347	25.498	508
25.524	350	25.549	545
25.574	357	25.599	577
25.625	366	25.651	605
25.675	378	25.701	627
25.726	390	25.752	639
25.777	403	25.802	646
25.828	418	25.853	642
25.878	431	25.904	630
25.929	443	25.955	610
25.979	454	26.005	584
26.031	462	26.056	553
26.081	468	26.106	518
26.132	468	26.158	480
26.182	467	26.208	443
26.233	463	26.259	408
26.284	455	26.309	377
26.335	444	26.360	351
26.385	432	26.410	332
26.436	417	26.462	322
26.486	401	26.512	319
26.537	386	26.563	326
26.588	372	26.613	339
26.639	358	26.664	360
26.689	347	26.715	387
26.740	340	26.766	418
26.790	334	26.816	455
26.842	333	26.867	490
26.892	335	26.917	526
26.943	342	26.969	558
26.993	351	27.019	588
27.044	364	27.070	611
27.095	377	27.120	626
27.146	395	27.171	634
27.196	412	27.221	636
27.247	428	27.273	628
27.297	444	27.323	612
27.348	457	27.374	589
27.399	469	27.424	563
27.450	476	27.475	530
27.500	482	27.526	496
27.551	481	27.577	461
27.601	477	27.627	428
27.653	470	27.678	396
27.703	458	27.728	369
27.754	445	27.780	349
27.804	428	27.830	336
27.855	411	27.881	330
27.906	392	27.931	331
27.957	375	27.982	341
28.007	357	28.032	358
28.058	343	28.084	381
28.108	332	28.134	408
28.159	325	28.185	440
28.210	322	28.235	474
28.261	322	28.286	509
28.311	327	28.337	540
28.362	336	28.388	569
28.412	349	28.438	593
28.464	365	28.489	611
28.514	382	28.539	622
28.565	402	28.591	626
28.615	422	28.641	622
28.666	441	28.692	611
28.717	457	28.742	593
28.768	472	28.793	570
28.818	484	28.844	541
28.869	490	28.895	510
28.919	493	28.945	476
28.970	491	28.996	445
29.021	484	29.046	414
29.072	474	29.097	388
29.123	458	29.148	366
29.173	441	29.199	350
29.224	421	29.249	342
29.275	401	29.300	340
29.326	380	29.350	346
29.376	361	29.402	359
29.427	343	29.452	377
29.477	328	29.503	402
29.529	318	29.553	429
29.579	312	29.604	460
29.630	311	29.655	492
29.680	314	29.706	523
29.731	321	29.756	552
29.781	335	29.807	575
29.833	351	29.857	594
29.883	370	29.908	607
29.934	391	29.959	615
29.984	413	30.010	614
30.035	435	30.060	607
30.086	455	30.111	593
30.137	473	30.161	574
30.187	487	30.213	549
30.238	498	30.263	521
30.288	502	30.314	491
30.340	503	30.364	461
30.390	497	30.415	433
30.441	487	30.466	406
30.491	473	30.517	384
30.542	455	30.567	367
30.592	434	30.618	356
30.644	412	30.668	352
30.694	388	30.719	353
30.745	367	30.770	362
30.795	346	30.821	377
30.846	328	30.871	397
30.897	314	30.922	421
30.948	305	30.972	450
30.998	301	31.024	477
31.049	303	31.074	506
31.099	309	31.125	533
31.151	321	31.175	558
31.201	336	31.226	577
31.252	356	31.277	591
31.302	379	31.328	601
31.353	403	31.378	604
31.404	427	31.429	599
31.455	450	31.479	590
31.505	471	31.530	574
31.556	488	31.581	554
31.606	501	31.632	530
31.657	509	31.682	503
31.708	512	31.733	475
31.759	510	31.783	449
31.809	500	31.835	424
31.860	486	31.885	402
31.910	470	31.936	385
31.962	448	31.986	371
32.012	425	32.037	365
32.063	399	32.088	364
32.113	374	32.139	370
32.164	350	32.190	380
32.215	331	32.240	397
32.266	313	32.291	417
32.316	301	32.341	441
32.367	294	32.393	466
32.417	293	32.443	491
32.468	297	32.494	517
32.519	309	32.544	540
32.570	322	32.595	560
32.620	342	32.646	575
32.671	366	32.697	585
32.721	391	32.747	591
32.773	416	32.798	590
32.823	441	32.848	583
32.874	465	32.900	571
32.924	486	32.950	555
32.975	502	33.001	534
33.026	512	33.051	512
33.077	518	33.102	487
33.127	519	33.152	464
33.178	512	33.204	439
33.228	502	33.254	419
33.279	483	33.305	401
33.330	462	33.355	388
33.381	438	33.406	379
33.431	413	33.457	376
33.482	385	33.508	379
33.532	359	33.558	387
33.584	336	33.609	400
33.634	316	33.659	415
33.685	301	33.711	436
33.735	290	33.761	457
33.786	286	33.812	481
33.837	287	33.862	503
33.888	295	33.913	524
33.938	310	33.964	542
33.989	329	34.015	558
34.039	351	34.065	569
34.090	377	34.116	576
34.141	403	34.166	578
34.192	431	34.217	574
34.242	458	34.268	566
34.293	480	34.319	553
34.343	499	34.369	536
34.395	514	34.420	518
34.445	524	34.470	496
34.496	526	34.522	474
34.546	521	34.572	454
34.597	511	34.623	434
34.648	497	34.673	418
34.699	476	34.724	404
34.749	453	34.775	395
34.800	426	34.826	391
34.850	397	34.876	390
34.901	370	34.927	396
34.952	343	34.977	405
35.003	321	35.028	418
35.053	303	35.079	433
35.104	289	35.130	452
35.154	281	35.180	471
35.206	280	35.231	491
35.256	287	35.281	509
35.307	299	35.333	527
35.357	315	35.383	542
35.408	337	35.434	554
35.459	363	35.484	561
35.510	391	35.535	564
35.560	419	35.586	563
35.611	447	35.637	558
35.661	473	35.687	548
35.712	494	35.738	535
35.763	513	35.788	520
35.814	524	35.839	502
35.864	531	35.890	484
35.915	529	35.941	465
35.965	522	35.991	449
36.017	507	36.042	434
36.067	489	36.092	421
36.118	466	36.144	411
36.168	439	36.194	406
36.219	411	36.245	404
36.270	381	36.295	405
36.321	354	36.346	412
36.371	329	36.397	421
36.422	308	36.448	434
36.472	291	36.498	449
36.524	280	36.549	465
36.574	277	36.599	481
36.625	280	36.650	499
36.675	288	36.701	513
36.726	303	36.752	527
36.776	324	36.802	538
36.828	348	36.853	545
36.878	377	36.903	549
36.929	407	36.955	550
36.979	436	37.005	548
37.030	462	37.056	541
37.081	487	37.106	531
37.132	508	37.157	519
37.182	523	37.208	506
37.233	532	37.259	491
37.283	533	37.309	476
37.335	528	37.360	461
37.385	517	37.410	447
37.436	501	37.461	436
37.486	479	37.512	427
37.537	453	37.563	421
37.587	424	37.613	418
37.639	394	37.664	418
37.689	365	37.714	421
37.740	339	37.766	428
37.790	315	37.816	437
37.841	297	37.867	449
37.892	282	37.917	462
37.943	276	37.968	475
37.993	275	38.019	489
38.044	282	38.070	502
38.094	294	38.120	513
38.146	312	38.171	523
38.196	335	38.221	530
38.247	363	38.272	535
38.297	393	38.323	537
38.348	422	38.374	536
38.398	451	38.424	532
38.450	477	38.475	525
38.500	501	38.525	516
38.551	518	38.577	506
38.601	529	38.627	494
38.652	535	38.678	483
38.703	533	38.728	471
38.754	525	38.779	460
38.804	511	38.830	449
38.855	490	38.881	442
38.905	466	38.931	436
38.957	439	38.982	432
39.007	409	39.032	431
39.058	379	39.084	433
39.108	350	39.134	437
39.159	324	39.185	443
39.209	303	39.235	451
39.261	287	39.286	461
39.311	276	39.336	471
39.362	274	39.388	482
39.412	277	39.438	492
39.463	286	39.489	501
39.514	303	39.539	509
39.565	325	39.590	516
39.615	350	39.641	521
39.666	379	39.692	523
39.716	410	39.742	523
39.768	439	39.793	521
39.818	466	39.843	516
39.869	491	39.895	511
39.919	511	39.945	503
39.970	524	39.996	495
40.020	534	40.046	487
40.072	535	40.097	477
40.122	530	40.147	469
40.173	518	40.199	462
40.223	500	40.249	455
40.274	478	40.300	450
40.325	451	40.350	446
40.376	422	40.401	446
40.426	392	40.452	446
40.477	364	40.503	448
40.527	336	40.553	452
40.579	313	40.604	457
40.629	294	40.654	463
40.680	281	40.706	471
40.730	275	40.756	477
40.781	275	40.807	484
40.831	282	40.857	492
40.883	295	40.908	498
40.933	315	40.958	503
40.984	338	41.010	506
41.034	366	41.060	509
41.085	395	41.111	509
41.136	425	41.161	509
41.187	453	41.212	506
41.237	480	41.263	503
41.288	501	41.314	498
41.338	519	41.364	493
41.390	530	41.415	488
41.440	535	41.465	481
41.491	532	41.517	476
41.541	524	41.567	471
41.592	508	41.618	467
41.642	488	41.668	463
41.694	463	41.719	460
41.745	436	41.769	459
41.795	407	41.821	458
41.846	376	41.871	460
41.896	348	41.922	462
41.948	323	41.972	465
41.998	304	42.023	467
42.049	287	42.074	472
42.099	278	42.125	477
42.150	276	42.175	481
42.201	280	42.226	484
42.252	290	42.276	489
42.302	307	42.328	491
42.353	328	42.378	494
42.403	354	42.429	494
42.455	382	42.479	495
42.505	411	42.530	496
42.556	440	42.580	495
42.606	467	42.632	493
42.657	491	42.682	491
42.707	510	42.733	489
42.759	524	42.783	486
42.809	530	42.834	484
42.860	531	42.885	481
42.910	526	42.936	479
42.961	514	42.986	475
43.012	496	43.037	474
43.063	473	43.087	474
43.113	447	43.139	472
43.164	419	43.189	472
43.214	391	43.240	472
43.266	363	43.290	473
43.316	336	43.341	474
43.367	314	43.391	475
43.417	296	43.443	475
43.468	285	43.493	477
43.518	279	43.544	479
43.570	280	43.594	481
43.620	287	43.645	482
43.671	302	43.696	482
43.721	321	43.747	482
43.772	343	43.797	483
43.823	370	43.848	482
43.874	399	43.898	482
43.924	427	43.950	482
43.975	454	44.000	482
44.025	479	44.051	482
44.077	499	44.101	482
44.127	515	44.152	483
44.178	525	44.202	482
44.228	529	44.254	483
44.279	525	44.304	484
44.329	517	44.355	484
44.381	502	44.405	484
44.431	482	44.456	483
44.482	458	44.507	483
44.532	431	44.558	485
44.583	404	44.608	484
44.634	376	44.659	483
44.685	349	44.710	483
44.735	326	44.761	482
44.786	307	44.812	482
44.836	293	44.862	480
44.888	285	44.913	479
44.938	283	44.963	478
44.989	288	45.015	477
45.039	298	45.065	476
45.090	315	45.116	474
45.140	336	45.166	474
45.192	360	45.217	472
45.242	386	45.267	473
45.293	414	45.319	472
45.343	441	45.369	473
45.394	466	45.420	473
45.445	486	45.470	476
45.496	503	45.521	477
45.546	515	45.572	479
45.597	522	45.623	482
45.647	523	45.673	485
45.699	516	45.724	488
45.749	505	45.774	491
45.800	488	45.826	492
45.850	467	45.876	494
45.901	444	45.927	495
45.951	416	45.977	495
46.003	389	46.028	495
46.053	363	46.078	493
46.104	339	46.130	491
46.154	319	46.180	488
46.205	303	46.231	484
46.256	292	46.281	481
46.307	288	46.332	477
46.357	290	46.383	474
46.408	299	46.434	470
46.458	311	46.484	466
46.510	329	46.535	464
46.560	351	46.585	464
46.611	376	46.637	461
46.661	401	46.687	462
46.712	428	46.738	463
46.762	453	46.788	466
46.814	475	46.839	469
46.864	493	46.889	472
46.915	507	46.941	476
46.965	515	46.991	480
47.016	517	47.042	486
47.067	514	47.092	490
47.118	505	47.143	494
47.168	491	47.194	498
47.219	473	47.245	501
47.269	450	47.295	503
47.321	426	47.346	504
47.371	401	47.396	504
47.422	377	47.448	502
47.472	352	47.498	500
47.523	332	47.549	496
47.573	315	47.599	491
47.625	303	47.650	485
47.675	296	47.700	480
47.726	295	47.752	474
47.776	300	47.802	468
47.827	310	47.853	462
47.878	326	47.903	458
47.929	344	47.954	455
47.980	367	48.005	452
48.030	389	48.056	452
48.081	416	48.106	453
48.132	439	48.157	456
48.183	461	48.207	459
48.233	480	48.259	465
48.284	495	48.309	471
48.334	506	48.360	477
48.386	511	48.410	484
48.436	510	48.461	492
48.487	504	48.511	498
48.537	493	48.563	504
48.588	477	48.613	508
48.638	457	48.664	512
48.690	435	48.714	514
48.740	412	48.765	513
48.791	388	48.816	511
48.841	366	48.867	508
48.892	345	48.917	504
48.943	328	48.968	497
48.994	313	49.018	491
49.044	305	49.070	482
49.095	303	49.120	475
49.145	305	49.171	467
49.197	312	49.221	460
49.247	323	49.272	453
49.298	341	49.322	449
49.348	360	49.374	445
49.399	381	49.424	444
49.449	404	49.475	444
49.501	427	49.525	448
49.551	448	49.576	451
49.602	468	49.627	457
49.652	483	49.678	465
49.703	495	49.728	473
49.754	501	49.779	481
49.805	504	49.829	489
49.855	500	49.881	498
49.906	492	49.931	506
49.956	479	49.982	513
50.008	462	50.032	517
50.058	443	50.083	520
50.109	422	50.133	521
50.159	400	50.185	521
50.210	378	50.235	517
50.260	357	50.286	512
50.312	340	50.336	505
50.362	326	50.387	497
50.413	316	50.438	489
50.463	311	50.489	478
50.514	311	50.539	468
50.565	315	50.590	459
50.616	324	50.640	451
50.666	337	50.692	444
50.717	354	50.742	439
50.767	374	50.793	436
50.819	395	50.843	436
50.869	416	50.894	439
50.920	436	50.944	441
50.970	456	50.996	448
51.021	471	51.047	457
51.071	484	51.097	466
51.123	491	51.148	477
51.173	495	51.198	487
51.224	494	51.250	497
51.274	489	51.300	507
51.325	479	51.351	516
51.376	465	51.401	523
51.427	448	51.452	526
51.477	430	51.503	529
51.528	409	51.554	528
51.578	389	51.604	527
51.630	370	51.655	521
51.680	353	51.705	512
51.731	338	51.757	504
51.781	328	51.807	493
51.832	322	51.858	483
51.882	318	51.908	472
51.934	321	51.959	461
51.984	327	52.009	450
52.035	339	52.061	442
52.085	352	52.111	435
52.136	368	52.162	432
52.187	386	52.212	429
52.238	406	52.263	430
52.288	426	52.314	434
52.339	443	52.365	440
52.389	458	52.415	449
52.441	471	52.466	459
52.491	480	52.516	470
52.542	486	52.568	482
52.592	487	52.618	494
52.643	483	52.669	506
52.693	476	52.719	516
52.745	464	52.770	525
52.795	451	52.820	531
52.846	435	52.872	535
52.896	418	52.922	536
52.947	398	52.973	534
52.998	381	53.023	529
53.049	365	53.074	521
53.099	351	53.125	513
53.150	340	53.176	501
53.200	332	53.226	489
53.252	329	53.277	475
53.302	328	53.327	463
53.353	333	53.379	451
53.403	340	53.429	441
53.454	352	53.480	432
53.504	365	53.530	426
53.556	381	53.581	424
53.606	398	53.631	424
53.657	416	53.683	426
53.707	432	53.733	433
53.758	446	53.784	441
53.809	459	53.834	452
53.860	469	53.885	464
53.910	475	53.936	477
53.961	477	53.987	490
54.011	476	54.037	503
54.063	471	54.088	515
54.113	462	54.138	526
54.164	452	54.190	534
54.214	438	54.240	538
54.265	423	54.291	542
54.316	407	54.341	540
54.367	392	54.392	537
54.417	376	54.442	530
54.468	362	54.494	520
54.518	352	54.544	508
54.569	344	54.595	495
54.620	339	54.645	482
54.671	337	54.696	467
54.721	339	54.747	455
54.772	345	54.798	442
54.822	353	54.848	432
54.874	365	54.899	424
54.924	379	54.949	420
54.975	392	55.001	418
55.025	407	55.051	420
55.076	422	55.102	424
55.127	435	55.152	434
55.178	447	55.203	444
55.228	457	55.253	457
55.279	464	55.305	470
55.329	467	55.355	484
55.380	467	55.406	499
55.431	465	55.456	513
55.482	459	55.507	525
55.533	450	55.558	534
55.583	439	55.609	542
55.634	427	55.659	545
55.685	413	55.710	546
55.736	400	55.760	543
55.786	387	55.812	536
55.837	374	55.862	527
55.887	363	55.913	516
55.939	356	55.963	503
55.989	350	56.014	488
56.040	348	56.064	473
56.090	348	56.116	459
56.141	352	56.166	445
56.191	358	56.217	433
56.243	367	56.267	424
56.293	376	56.318	417
56.344	388	56.369	415
56.394	400	56.420	416
56.445	413	56.470	419
56.496	426	56.521	426
56.547	436	56.571	436
56.597	445	56.623	449
56.648	452	56.673	462
56.698	457	56.724	478
56.750	457	56.774	493
56.800	456	56.825	509
56.851	452	56.876	521
56.901	446	56.927	533
56.952	437	56.977	541
57.002	429	57.028	547
57.054	418	57.078	550
57.104	406	57.129	548
57.155	394	57.180	544
57.205	384	57.231	535
57.256	375	57.281	524
57.307	367	57.332	510
57.358	361	57.382	495
57.408	359	57.434	480
57.459	358	57.484	464
57.509	360	57.535	448
57.561	363	57.585	436
57.611	370	57.636	425
57.662	377	57.687	417
57.712	386	57.738	412
57.763	397	57.788	411
57.813	407	57.839	414
57.865	417	57.889	420
57.915	426	57.940	429
57.966	435	57.991	441
58.016	440	58.042	456
58.067	445	58.092	470
58.118	447	58.143	487
58.169	447	58.193	502
58.219	445	58.245	518
58.270	440	58.295	530
58.320	434	58.346	541
58.372	428	58.396	548
58.422	420	58.447	552
58.473	410	58.498	552
58.523	402	58.549	549
58.574	392	58.600	541
58.624	385	58.650	530
58.676	379	58.701	518
58.726	373	58.751	503
58.777	369	58.803	487
58.827	368	58.853	470
58.878	369	58.904	454
58.929	371	58.954	440
58.980	375	59.005	428
59.030	380	59.056	418
59.081	387	59.107	412
59.131	394	59.157	409
59.183	403	59.208	410
59.233	411	59.258	415
59.284	417	59.310	423
59.334	424	59.360	435
59.385	429	59.411	448
59.436	434	59.461	464
59.487	436	59.512	479
59.537	437	59.562	497
59.588	436	59.614	512
59.638	434	59.664	527
59.689	429	59.715	538
59.740	424	59.765	546
59.791	419	59.816	552
59.841	412	59.867	553
59.892	406	59.918	551
59.942	399	59.968	545
59.994	394	60.019	536
60.044	388	60.069	524
60.095	384	60.121	510
60.145	380	60.171	495
60.196	380	60.222	477
60.247	379	60.272	461
60.298	380	60.323	446
60.348	381	60.373	432
60.399	385	60.425	421
60.449	390	60.475	413
60.500	395	60.526	408
60.551	400	60.576	409
60.602	406	60.627	412
60.652	411	60.678	419
60.703	416	60.729	428
60.753	420	60.779	442
60.805	423	60.830	457
60.855	425	60.880	473
60.906	426	60.932	489
60.956	426	60.982	506
61.007	425	61.033	521
61.058	423	61.083	534
61.109	420	61.134	544
61.159	417	61.184	551
61.210	412	61.236	555
61.260	408	61.286	553
61.311	404	61.337	549
61.362	399	61.387	541
61.413	397	61.438	530
61.463	394	61.489	516
61.514	391	61.540	501
61.564	390	61.590	484
61.616	390	61.641	467
61.666	390	61.691	451
61.717	390	61.743	438
61.767	392	61.793	425
61.818	395	61.844	416
61.869	397	61.894	410
61.920	401	61.945	408
61.970	404	61.996	410
62.021	406	62.047	415
62.071	408	62.097	424
62.122	412	62.148	436
62.173	414	62.198	450
62.224	415	62.249	467
62.275	415	62.300	483
62.325	416	62.351	499
62.376	416	62.401	515
62.427	415	62.452	528
62.478	414	62.502	540
62.528	412	62.554	549
62.579	410	62.604	552
62.629	409	62.655	554
62.681	407	62.705	550
62.731	405	62.756	545
62.782	402	62.807	534
62.832	402	62.858	522
62.883	401	62.908	507
62.933	400	62.959	491
62.985	400	63.009	474
63.035	400	63.060	458
63.086	400	63.111	443
63.136	400	63.162	430
63.187	401	63.212	420
63.238	402	63.263	413
63.289	403	63.313	410
63.339	403	63.365	408
63.390	405	63.415	414
63.440	405	63.466	421
63.492	405	63.516	432
63.542	405	63.567	446
63.593	407	63.618	460
63.643	406	63.669	476
63.694	407	63.719	492
63.744	405	63.770	509
63.796	406	63.820	522
63.846	406	63.871	535
63.897	406	63.922	543
63.947	406	63.973	550
63.998	406	64.023	553
64.049	406	64.074	551
64.100	407	64.124	546
64.150	407	64.176	537
64.201	406	64.226	527
64.251	407	64.277	513
64.303	407	64.327	497
64.353	407	64.378	480
64.404	407	64.429	465
64.454	407	64.480	450
64.505	406	64.530	436
64.556	406	64.581	425
64.607	405	64.631	417
64.657	405	64.682	411
64.708	404	64.733	411
64.758	402	64.784	413
64.809	403	64.834	419
64.860	402	64.885	428
64.911	402	64.935	440
64.961	401	64.987	455
65.012	401	65.037	470
65.062	401	65.088	486
65.114	402	65.138	502
65.164	402	65.189	517
65.215	402	65.240	529
65.265	404	65.291	539
65.316	404	65.342	546
65.367	405	65.392	550
65.418	406	65.443	550
65.468	409	65.493	546
65.519	410	65.545	540
65.569	410	65.595	530
65.620	411	65.646	517
65.671	412	65.696	503
65.722	412	65.747	488
65.772	412	65.798	471
65.823	412	65.849	456
65.873	410	65.899	443
65.925	410	65.950	432
65.975	408	66.000	421
66.026	406	66.052	416
66.076	404	66.102	413
66.127	403	66.153	414
66.178	401	66.203	418
66.229	400	66.254	425
66.279	399	66.304	436
66.330	397	66.356	449
66.380	397	66.406	464
66.431	396	66.457	480
66.482	397	66.507	495
66.533	398	66.558	509
66.583	400	66.609	522
66.634	401	66.660	533
66.684	403	66.710	541
66.736	405	66.761	546
66.786	407	66.811	548
66.837	410	66.863	547
66.887	411	66.913	541
66.938	412	66.964	533
66.989	414	67.014	521
67.040	415	67.065	509
67.090	415	67.116	494
67.141	416	67.167	479
67.191	415	67.217	463
67.242	414	67.268	450
67.293	413	67.318	437
67.344	411	67.369	427
67.394	409	67.420	421
67.445	406	67.471	416
67.495	403	67.521	416
67.547	401	67.572	418
67.597	399	67.622	425
67.648	397	67.674	434
67.698	395	67.724	446
67.749	393	67.775	459
67.800	393	67.825	474
67.851	394	67.876	488
67.901	394	67.927	503
67.952	395	67.978	516
68.002	397	68.028	527
68.053	400	68.079	536
68.104	402	68.129	542
68.155	406	68.180	546
68.205	408	68.231	545
68.256	411	68.282	541
68.306	414	68.332	535
68.358	417	68.383	525
68.408	418	68.433	512
68.459	420	68.485	499
68.509	419	68.535	484
68.560	419	68.586	471
68.611	418	68.636	455
68.662	416	68.687	444
68.712	414	68.738	433
68.763	411	68.789	424
68.813	407	68.839	421
68.864	405	68.890	417
68.915	402	68.940	420
68.966	398	68.991	424
69.016	395	69.042	433
69.067	392	69.093	442
69.117	391	69.143	454
69.169	390	69.194	468
69.219	391	69.244	482
69.270	390	69.296	496
69.320	391	69.346	510
69.371	393	69.397	522
69.422	397	69.447	530
69.473	401	69.498	537
69.523	404	69.549	541
69.574	407	69.600	543
69.624	411	69.650	540
69.676	415	69.701	535
69.726	418	69.751	526
69.777	420	69.802	517
69.827	422	69.853	504
69.878	423	69.904	490
69.928	423	69.954	477
69.980	422	70.005	463
70.030	419	70.055	450
70.081	418	70.107	439
70.131	414	70.157	431
70.182	410	70.208	425
70.233	406	70.258	422
70.284	403	70.309	421
70.334	399	70.360	424
70.385	394	70.411	431
70.435	391	70.461	440
70.487	389	70.512	450
70.537	388	70.562	463
70.588	387	70.613	476
70.638	387	70.664	489
70.689	388	70.715	503
70.739	390	70.765	514
70.791	393	70.816	525
70.841	397	70.866	532
70.892	401	70.918	538
70.942	406	70.968	539
70.993	409	71.019	538
71.044	413	71.069	534
71.095	418	71.120	527
71.145	421	71.171	518
71.196	424	71.222	509
71.246	424	71.272	496
71.298	426	71.323	482
71.348	424	71.373	469
71.399	424	71.424	457
71.449	421	71.475	446
71.500	417	71.526	437
71.550	413	71.576	431
71.602	408	71.627	425
71.652	405	71.677	425
71.703	400	71.729	427
71.753	395	71.779	431
71.804	391	71.830	438
71.855	387	71.880	448
71.906	385	71.931	460
71.956	385	71.982	471
72.007	384	72.033	484
72.057	385	72.083	497
72.109	387	72.134	508
72.159	390	72.184	518
72.210	395	72.236	526
72.260	398	72.286	532
72.311	403	72.337	536
72.361	408	72.387	536
72.413	414	72.438	533
72.463	418	72.488	528
72.514	421	72.540	521
72.564	425	72.590	511
72.615	427	72.641	499
72.666	428	72.691	487
72.717	428	72.742	475
72.767	426	72.793	463
72.818	424	72.844	452
72.868	420	72.894	443
72.920	416	72.945	435
72.970	412	72.995	430
73.021	405	73.047	428
73.071	401	73.097	429
73.122	396	73.148	432
73.172	392	73.198	438
73.224	388	73.249	446
73.274	385	73.299	456
73.325	382	73.351	467
73.375	382	73.401	479
73.426	383	73.452	491
73.477	384	73.502	501
73.528	388	73.553	513
73.578	390	73.604	521
73.629	396	73.655	527
73.679	401	73.705	530
73.731	406	73.756	533
73.781	411	73.806	531
73.832	417	73.858	527
73.882	421	73.908	521
73.933	425	73.959	513
73.983	429	74.009	503
74.035	430	74.060	491
74.085	430	74.110	481
74.136	429	74.162	468
74.186	428	74.212	458
74.237	424	74.263	449
74.289	419	74.313	442
74.339	414	74.364	436
74.390	409	74.415	432
74.440	403	74.466	432
74.491	397	74.516	434
74.542	392	74.567	439
74.593	387	74.617	446
74.643	384	74.669	454
74.694	381	74.719	463
74.744	380	74.770	475
74.796	379	74.820	485
74.846	382	74.871	496
74.897	384	74.921	505
74.947	389	74.973	514
74.998	392	75.023	522
75.048	398	75.074	526
75.100	404	75.124	528
75.150	410	75.175	529
75.201	415	75.226	526
75.251	420	75.277	520
75.302	424	75.327	514
75.353	429	75.378	505
75.404	431	75.428	496
75.454	432	75.480	484
75.505	432	75.530	475
75.555	430	75.581	464
75.607	426	75.631	455
75.657	423	75.682	447
75.708	417	75.732	441
75.758	412	75.784	438
75.809	406	75.834	436
75.859	399	75.885	437
75.911	394	75.935	439
75.961	390	75.986	446
76.012	384	76.037	453
76.062	381	76.088	461
76.113	378	76.138	470
76.164	379	76.189	481
76.215	380	76.239	490
76.265	381	76.291	501
76.316	385	76.341	508
76.366	389	76.392	516
76.418	395	76.442	522
76.468	402	76.493	525
76.519	407	76.543	525
76.569	414	76.595	523
76.620	420	76.645	519
76.670	425	76.696	514
76.722	428	76.746	507
76.772	432	76.797	498
76.823	433	76.848	489
76.873	433	76.899	478
76.924	431	76.949	469
76.975	429	77.000	461
77.026	425	77.050	453
77.076	421	77.102	446
77.127	415	77.152	442
77.177	409	77.203	440
77.229	402	77.253	440
77.279	395	77.304	443
77.330	389	77.354	445
77.380	386	77.406	453
77.431	382	77.457	460
77.481	379	77.507	469
77.533	377	77.558	477
77.583	378	77.608	486
77.634	380	77.660	495
77.684	383	77.710	504
77.735	386	77.761	511
77.786	392	77.811	516
77.837	398	77.862	519
77.887	405	77.913	520
77.938	411	77.964	521
77.988	417	78.014	517
78.040	422	78.065	514
78.090	428	78.115	507
78.141	431	78.167	500
78.191	433	78.217	492
78.242	434	78.268	483
78.292	434	78.318	474
78.344	431	78.369	465
78.394	429	78.419	458
78.445	424	78.471	452
78.495	417	78.521	448
78.546	411	78.572	445
78.597	405	78.622	443
78.648	398	78.673	444
78.698	393	78.724	448
78.749	387	78.775	453
78.799	382	78.825	459
78.851	378	78.876	465
78.901	377	78.926	473
78.952	377	78.978	482
79.002	378	79.028	490
79.053	380	79.079	499
79.103	385	79.129	505
79.155	390	79.180	510
79.205	395	79.230	515
79.256	403	79.282	517
79.306	408	79.332	517
79.357	414	79.383	516
79.408	420	79.433	512
79.459	427	79.484	507
79.509	431	79.535	501
79.560	433	79.586	494
79.610	434	79.636	485
79.662	434	79.687	478
79.712	433	79.737	471
79.763	429	79.789	464
79.813	425	79.839	458
79.864	420	79.890	452
79.914	415	79.940	449
79.966	408	79.991	447
80.016	401	80.041	448
80.067	394	80.093	450
80.117	389	80.143	453
80.168	384	80.194	458
80.219	380	80.244	464
80.270	377	80.295	472
80.320	376	80.346	479
80.371	377	80.397	486
80.421	379	80.447	493
80.473	383	80.498	500
80.523	387	80.548	505
80.574	393	80.600	510
80.624	399	80.650	512
80.675	407	80.701	513
80.725	413	80.751	512
80.777	418	80.802	509
80.827	424	80.852	506
80.878	429	80.904	501
80.928	432	80.954	496
80.979	434	81.005	488
81.030	435	81.055	482
81.081	434	81.106	474
81.132	432	81.157	468
81.182	428	81.208	461
81.233	423	81.258	458
81.284	416	81.309	454
81.335	411	81.359	452
81.385	404	81.411	452
81.436	397	81.461	453
81.486	391	81.512	455
81.538	385	81.562	459
81.588	381	81.613	464
81.639	379	81.663	470
81.689	377	81.715	477
81.740	376	81.765	483
81.790	378	81.816	490
81.842	381	81.866	495
81.892	386	81.917	501
81.943	390	81.968	505
81.993	397	82.019	508
82.044	403	82.069	509
82.095	410	82.120	508
82.146	416	82.170	508
82.196	423	82.222	505
82.247	428	82.272	501
82.297	431	82.323	496
82.349	434	82.373	490
82.399	435	82.424	483
82.450	434	82.474	479
82.500	433	82.526	472
82.551	429	82.576	467
82.601	425	82.627	462
82.653	420	82.677	459
82.703	413	82.728	457
82.754	406	82.779	454
82.804	399	82.830	457
82.855	394	82.880	457
82.906	389	82.931	461
82.957	383	82.981	464
83.007	380	83.033	470
83.058	377	83.083	475
83.108	377	83.134	480
83.160	378	83.184	485
83.210	380	83.235	491
83.261	383	83.285	496
83.311	388	83.337	499
83.362	394	83.387	503
83.412	400	83.438	504
83.464	407	83.488	506
83.514	413	83.539	504
83.565	420	83.590	502
83.615	424	83.641	499
83.666	429	83.691	496
83.717	432	83.742	490
83.768	434	83.792	486
83.818	434	83.844	481
83.869	433	83.894	475
83.919	430	83.945	471
83.971	426	83.995	467
84.021	421	84.046	463
84.072	416	84.096	461
84.122	408	84.148	460
84.173	402	84.199	460
84.223	397	84.249	461
84.275	390	84.300	462
84.325	386	84.350	465
84.376	382	84.402	469
84.426	379	84.452	474
84.477	377	84.503	479
84.528	379	84.553	483
84.579	380	84.604	488
84.629	383	84.655	492
84.680	387	84.706	496
84.730	392	84.756	499
84.782	398	84.807	500
84.832	405	84.857	502
84.883	411	84.909	501
84.933	416	84.959	499
84.984	422	85.010	498
85.034	427	85.060	495
85.086	431	85.111	490
85.136	433	85.161	487
85.187	434	85.213	483
85.237	432	85.263	479
85.288	431	85.314	473
85.339	427	85.364	471
85.390	422	85.415	467
85.440	417	85.466	465
85.491	411	85.517	464
85.541	405	85.567	463
85.593	399	85.618	463
85.643	393	85.668	465
85.694	387	85.720	467
85.744	384	85.770	470
85.795	381	85.821	473
85.845	379	85.871	477
85.897	379	85.922	482
85.947	381	85.972	485
85.998	382	86.024	489
86.048	386	86.074	492
86.099	392	86.125	495
86.150	397	86.175	496
86.201	402	86.226	498
86.251	408	86.277	499
86.302	414	86.328	498
86.352	420	86.378	495
86.404	425	86.429	494
86.454	427	86.479	491
86.505	430	86.531	488
86.555	432	86.581	484
86.606	432	86.632	480
86.656	430	86.682	477
86.708	426	86.733	473
86.758	424	86.783	472
86.809	418	86.835	469
86.859	413	86.885	468
86.910	407	86.936	466
86.961	401	86.986	467
87.012	396	87.037	468
87.062	391	87.088	470
87.113	386	87.139	471
87.163	384	87.189	473
87.215	382	87.240	477
87.265	380	87.290	480
87.316	381	87.342	483
87.366	383	87.392	486
87.417	386	87.443	489
87.468	390	87.493	491
87.519	395	87.544	494
87.569	400	87.594	494
87.620	407	87.646	494
87.670	413	87.696	494
87.721	417	87.747	494
87.772	422	87.797	492
87.823	425	87.848	490
87.873	429	87.899	488
87.924	431	87.950	484
87.974	430	88.000	481
88.026	429	88.051	479
88.076	427	88.101	477
88.127	424	88.153	473
88.177	420	88.203	473
88.228	414	88.254	471
88.279	409	88.304	470
88.330	403	88.355	470
88.380	398	88.405	469
88.431	393	88.457	471
88.481	389	88.507	473
88.532	385	88.558	474
88.583	384	88.608	476
88.634	382	88.659	479
88.685	383	88.710	482
88.735	384	88.761	484
88.786	386	88.811	486
88.837	390	88.862	488
88.888	394	88.912	489
88.938	399	88.964	491
88.989	403	89.014	492
89.039	409	89.065	491
89.091	415	89.115	490
89.141	420	89.166	489
89.192	422	89.216	489
89.242	426	89.268	486
89.293	428	89.318	484
89.343	429	89.369	482
89.395	428	89.419	480
89.445	426	89.470	479
89.496	424	89.521	477
89.546	419	89.572	475
89.597	416	89.622	474
89.648	411	89.673	473
89.699	406	89.723	473
89.749	400	89.775	474
