#Creator: pendulumviewEventBuffer
#Creation time: Mon Mar  7 10:03:51 2022
#Time A	Pos A	Time B	Pos B
#[s]	[au]	[s]	[au]
0.026	387	0.051	465
0.077	421	0.102	465
0.127	459	0.153	466
0.178	497	0.203	466
0.228	534	0.254	467
0.280	569	0.304	467
0.330	596	0.355	468
0.381	618	0.406	469
0.431	632	0.457	469
0.482	639	0.507	469
0.533	636	0.558	471
0.584	626	0.608	470
0.634	608	0.660	470
0.685	582	0.710	470
0.735	551	0.761	470
0.787	516	0.811	470
0.837	480	0.862	470
0.888	442	0.913	469
0.938	406	0.964	468
0.989	374	1.015	467
1.040	348	1.065	467
1.091	325	1.116	466
1.141	312	1.166	466
1.192	306	1.218	466
1.242	309	1.268	466
1.293	320	1.319	465
1.344	338	1.369	466
1.395	362	1.420	465
1.445	393	1.471	466
1.496	427	1.522	467
1.546	463	1.572	467
1.598	501	1.623	467
1.648	537	1.673	467
1.699	568	1.725	468
1.749	594	1.775	469
1.800	616	1.826	469
1.851	628	1.876	469
1.902	634	1.927	470
1.952	631	1.977	470
2.003	620	2.029	469
2.053	602	2.079	469
2.104	577	2.130	470
2.155	546	2.180	470
2.206	512	2.231	468
2.256	476	2.282	468
2.307	439	2.333	468
2.357	405	2.383	468
2.409	373	2.434	467
2.459	347	2.484	466
2.510	328	2.536	466
2.560	317	2.586	465
2.611	311	2.637	465
2.662	316	2.687	465
2.713	326	2.738	466
2.763	343	2.788	466
2.814	369	2.840	466
2.864	399	2.890	466
2.915	433	2.941	468
2.966	469	2.991	468
3.017	505	3.042	468
3.067	538	3.093	468
3.118	569	3.144	469
3.168	594	3.194	469
3.220	614	3.245	468
3.270	625	3.295	470
3.321	629	3.347	470
3.371	625	3.397	469
3.422	614	3.448	469
3.473	595	3.498	470
3.524	570	3.549	468
3.574	541	3.600	468
3.625	508	3.651	468
3.675	471	3.701	468
3.726	436	3.752	468
3.777	403	3.802	467
3.828	373	3.853	467
3.879	348	3.904	465
3.929	331	3.955	466
3.980	320	4.005	466
4.031	315	4.056	466
4.082	320	4.106	466
4.132	332	4.158	466
4.183	350	4.208	467
4.233	374	4.259	467
4.285	404	4.309	467
4.335	437	4.360	468
4.386	472	4.411	468
4.436	508	4.462	468
4.487	540	4.512	469
4.537	570	4.563	469
4.589	594	4.613	469
4.639	611	4.664	469
4.690	621	4.715	469
4.740	626	4.766	469
4.791	620	4.816	469
4.842	608	4.867	469
4.893	589	4.917	469
4.943	564	4.969	467
4.994	535	5.019	467
5.044	501	5.070	467
5.096	467	5.120	467
5.146	433	5.171	466
5.197	401	5.222	467
5.247	372	5.273	466
5.298	349	5.323	466
5.348	333	5.374	466
5.400	323	5.424	466
5.450	320	5.475	467
5.501	325	5.526	467
5.551	337	5.577	467
5.602	356	5.627	467
5.653	381	5.678	468
5.704	409	5.728	468
5.754	443	5.780	467
5.805	476	5.830	469
5.855	510	5.881	468
5.907	541	5.931	469
5.957	569	5.982	468
6.008	593	6.033	469
6.058	609	6.084	468
6.109	618	6.134	468
6.160	620	6.185	467
6.211	616	6.235	468
6.261	602	6.286	468
6.312	583	6.337	467
6.362	559	6.388	468
6.413	529	6.438	468
6.464	496	6.489	467
6.515	463	6.539	466
6.565	430	6.591	467
6.616	399	6.641	467
6.666	372	6.692	467
6.718	351	6.742	467
6.768	336	6.793	467
6.819	326	6.844	468
6.869	324	6.895	468
6.920	330	6.946	467
6.971	343	6.996	468
7.022	362	7.047	469
7.072	387	7.097	468
7.123	416	7.149	468
7.173	448	7.199	468
7.224	480	7.250	469
7.275	512	7.300	469
7.326	544	7.351	468
7.376	570	7.402	468
7.427	590	7.453	469
7.477	606	7.503	468
7.529	615	7.554	468
7.579	616	7.604	468
7.630	610	7.656	468
7.680	596	7.706	468
7.731	577	7.757	468
7.782	553	7.807	468
7.833	524	7.858	467
7.883	492	7.908	467
7.934	460	7.960	467
7.984	428	8.010	467
8.035	398	8.061	467
8.086	373	8.111	468
8.137	351	8.162	467
8.187	339	8.213	467
8.238	329	8.264	468
8.288	329	8.314	467
8.340	336	8.365	467
8.390	348	8.415	468
8.441	367	8.467	468
8.491	392	8.517	468
8.542	421	8.568	468
8.593	452	8.618	468
8.644	484	8.669	468
8.694	515	8.720	468
8.745	544	8.771	468
8.795	570	8.821	467
8.846	590	8.872	468
8.897	603	8.922	468
8.948	611	8.973	468
8.998	612	9.024	467
9.049	605	9.075	468
9.099	592	9.125	468
9.151	572	9.176	467
9.201	547	9.226	468
9.252	519	9.278	467
9.302	488	9.328	468
9.353	456	9.379	467
9.404	427	9.429	467
9.455	398	9.480	468
9.505	373	9.531	467
9.556	354	9.582	468
9.606	341	9.632	467
9.657	334	9.683	468
9.708	334	9.733	468
9.759	340	9.784	467
9.809	353	9.835	468
9.860	374	9.886	468
9.910	398	9.936	468
9.962	425	9.987	468
10.012	456	10.037	467
10.063	486	10.089	467
10.113	518	10.139	468
10.164	545	10.190	467
10.215	569	10.240	467
10.266	589	10.291	467
10.316	601	10.342	467
10.367	608	10.393	469
10.417	607	10.443	467
10.468	600	10.494	467
10.519	586	10.544	468
10.570	567	10.595	468
10.620	542	10.646	468
10.671	513	10.697	468
10.721	484	10.747	469
10.773	453	10.798	468
10.823	424	10.848	469
10.874	396	10.900	468
10.924	373	10.950	467
10.975	355	11.001	467
11.026	343	11.051	467
11.077	337	11.102	468
11.127	338	11.153	467
11.178	346	11.204	467
11.228	359	11.254	467
11.280	379	11.305	467
11.330	403	11.355	467
11.381	431	11.406	467
11.431	461	11.457	467
11.482	490	11.508	467
11.532	520	11.558	467
11.584	546	11.609	467
11.634	569	11.659	467
11.685	586	11.711	468
11.735	598	11.761	468
11.786	604	11.812	467
11.837	603	11.862	468
11.888	594	11.913	468
11.938	581	11.964	469
11.989	561	12.015	468
12.039	537	12.065	468
12.091	508	12.116	468
12.141	480	12.166	469
12.192	450	12.217	468
12.242	423	12.268	468
12.293	395	12.319	468
12.343	374	12.369	467
12.395	357	12.420	467
12.445	347	12.470	467
12.496	341	12.522	468
12.546	342	12.572	468
12.597	350	12.623	467
12.648	364	12.673	466
12.699	384	12.724	467
12.749	408	12.775	467
12.800	436	12.826	468
12.850	464	12.876	467
12.902	494	12.927	467
12.952	521	12.977	468
13.003	546	13.028	467
13.053	568	13.079	468
13.104	585	13.130	467
13.154	596	13.180	468
13.206	600	13.231	468
13.256	598	13.281	468
13.307	590	13.333	468
13.357	576	13.383	469
13.408	555	13.434	468
13.459	532	13.484	468
13.510	504	13.535	468
13.560	476	13.586	468
13.611	447	13.637	469
13.661	419	13.687	468
13.713	395	13.738	467
13.763	375	13.788	467
13.814	359	13.840	468
13.864	348	13.890	467
13.915	344	13.941	467
13.965	347	13.991	468
14.017	355	14.042	467
14.067	370	14.092	467
14.118	390	14.144	467
14.168	413	14.194	466
14.219	440	14.245	467
14.270	468	14.295	467
14.321	497	14.346	468
14.371	523	14.397	467
14.422	547	14.448	468
14.472	567	14.498	468
14.524	583	14.549	468
14.574	593	14.599	468
14.625	597	14.651	468
14.675	594	14.701	469
14.726	585	14.752	468
14.776	571	14.802	468
14.828	550	14.853	469
14.878	527	14.903	468
14.929	500	14.955	468
14.979	473	15.005	467
15.030	445	15.056	467
15.081	418	15.106	468
15.132	395	15.157	467
15.182	375	15.208	466
15.233	360	15.259	467
15.283	351	15.309	466
15.335	349	15.360	467
15.385	351	15.410	467
15.436	360	15.462	467
15.486	375	15.512	467
15.537	395	15.563	468
15.587	418	15.613	468
15.639	444	15.664	468
15.689	471	15.714	469
15.740	499	15.766	468
15.790	525	15.816	468
15.841	547	15.867	468
15.893	567	15.917	468
15.943	582	15.968	469
15.994	590	16.019	468
16.044	592	16.070	469
16.095	590	16.120	468
16.146	580	16.171	468
16.197	566	16.221	468
16.247	545	16.273	468
16.298	522	16.323	468
16.348	497	16.374	468
16.400	470	16.424	468
16.450	442	16.475	468
16.501	417	16.525	467
16.551	395	16.577	467
16.602	376	16.627	467
16.652	362	16.678	467
16.704	354	16.728	466
16.754	352	16.779	467
16.805	355	16.830	468
16.855	365	16.881	468
16.906	380	16.931	468
16.957	400	16.982	467
17.008	423	17.032	468
17.058	448	17.084	468
17.109	475	17.134	468
17.159	501	17.185	468
17.211	527	17.235	468
17.261	548	17.286	468
17.312	567	17.336	468
17.362	580	17.388	467
17.413	588	17.438	469
17.463	589	17.489	468
17.515	585	17.539	467
17.565	575	17.590	467
17.616	560	17.641	468
17.666	540	17.692	468
17.717	518	17.742	467
17.768	492	17.793	467
17.819	466	17.843	467
17.869	440	17.895	467
17.920	416	17.945	468
17.970	394	17.996	468
18.022	377	18.046	468
