48 812
95 717
141 639
187 564
234 500
280 447
326 397
373 356
419 320
466 289
512 257
558 238
605 215
651 195
698 180
744 166
790 152
837 142
883 132
929 125
976 116
1022 110
1070 104
1116 109
1162 96
1209 91
1255 89
1302 86
1348 83
1394 66
1441 77
1487 78
1534 78
1580 75
1626 74
1673 73
1719 81
1765 73
1812 71
1858 70
1905 71
1951 69
1997 69
2045 68
2091 68
2138 86
2184 68
2230 68
2277 67
2323 68
2370 67
2416 66
2462 71
2509 66
2555 66
2601 67
2648 66
2694 66
2741 66
2787 94
2833 66
2880 67
2926 67
2972 66
3019 68
3066 66
3113 58
3159 66
3205 67
3252 66
3298 66
3345 67
3391 67
3437 69
3484 67
3530 66
3577 66
3623 66
3669 66
3716 67
3762 77
3808 67
3855 66
3901 67
3948 66
3994 67
4042 67
4088 66
4135 60
4181 67
4228 67
4274 66
4320 66
4367 82
4413 94
4460 201
4506 294
4552 375
4599 446
4645 508
4691 563
4738 609
4784 652
4831 687
4877 719
4923 749
4970 771
5016 792
5064 809
5110 826
5156 840
5203 853
5249 864
5296 868
5342 881
5388 889
5435 894
5481 900
5527 905
5574 909
5620 913
5667 919
5713 919
5759 921
5806 923
5852 925
5898 927
5945 928
5991 929
6038 924
6085 931
6132 932
6178 933
6224 934
6271 933
6317 935
6363 936
6410 936
6456 933
6503 936
6549 937
6595 937
6642 934
6688 938
6734 938
6781 937
6827 937
6874 939
6920 937
6966 937
7013 930
7060 938
7107 938
7153 938
7199 939
7246 935
7292 938
7339 939
7385 938
7431 938
7478 939
7524 938
7570 938
7617 938
7663 944
7710 938
7756 938
7802 938
7849 958
7895 939
7942 939
7988 945
8034 939
8082 938
8128 938
8175 938
8221 931
8267 939
8314 939
8360 938
8406 939
8453 938
8499 937
8546 939
8592 938
8638 939
8685 939
8731 938
8777 938
8824 893
8870 797
8917 699
8963 619
9009 551
9057 487
9103 434
9150 388
9196 347
9242 312
9289 270
9335 255
9382 231
9428 210
9474 192
9521 177
9567 162
9613 150
9660 140
9706 131
9753 122
9799 116
9845 110
9892 103
9938 100
9985 93
10031 91
10078 89
10125 86
10171 82
10218 81
10264 75
10310 77
10357 77
10403 75
10449 74
10496 73
10542 73
10589 75
10635 69
10681 72
10728 69
10774 70
10821 69
10867 67
10913 63
10960 68
11006 67
11054 68
11100 68
11146 67
11193 67
11239 68
11285 63
11332 68
11378 68
11425 67
11471 67
11517 68
11564 67
11610 67
11657 67
11703 66
11749 66
11796 68
11842 66
11888 67
11935 66
11981 67
12028 67
12075 67
12121 66
12168 72
12214 67
12261 66
12307 66
12353 66
12400 66
12446 66
12492 65
12539 66
12585 64
12632 66
12678 66
12724 66
12771 76
12817 66
12864 66
12910 67
12956 66
13003 66
13050 68
13097 66
13143 74
13189 66
13236 118
13282 223
13328 313
13375 393
13421 461
13468 521
13514 573
13560 619
13607 659
13653 692
13700 725
13746 757
13792 775
13839 795
13885 813
13931 829
13978 842
14024 855
14072 865
14118 875
14164 882
14211 889
14257 895
14304 901
14350 884
14396 910
14443 913
14489 916
14536 920
14582 923
14628 924
14675 925
14721 927
14767 926
14814 929
14860 930
14907 932
14953 932
14999 933
15047 934
15093 935
15140 935
15186 935
15232 936
15279 938
15325 947
15372 937
15418 937
15464 937
15511 937
15557 937
15603 937
15650 933
15696 936
15743 938
15789 936
15835 937
15882 939
15928 938
15974 937
16021 939
16068 938
16115 938
16161 936
16207 938
16254 939
16300 938
16347 938
16393 939
16439 938
16486 935
16532 938
16579 939
16625 939
16671 939
16718 938
16764 940
16810 937
16857 938
16903 938
16950 939
16996 939
17043 939
17090 940
17136 939
17183 938
17229 939
17275 938
17322 938
17368 939
17415 938
17461 937
17507 939
17554 938
17600 939
17646 871
17693 769
17739 681
17786 611
17832 535
17878 476
17925 425
17971 379
18017 339
18065 309
18111 275
18158 249
18204 226
18251 206
18297 188
18343 173
18390 161
18436 148
18482 139
18529 129
18575 121
18622 115
18668 107
18714 102
18761 98
18807 95
18853 91
18900 89
18946 85
18993 82
19039 80
19087 79
19133 77
19179 77
19226 75
19272 71
19318 73
19365 72
19411 71
19458 71
19504 70
19550 69
19597 70
19643 69
19690 67
19736 68
19782 67
19829 67
19875 74
19921 68
19968 68
20014 67
20062 67
20108 67
20154 66
20201 67
20247 55
20294 67
20340 66
20386 66
20433 66
20479 67
20525 66
20572 65
20618 66
20665 69
20711 66
20757 66
20804 65
20850 66
20897 66
20943 66
20989 66
21036 67
21083 65
21130 66
21176 65
21222 66
21269 67
21315 65
21362 66
21408 66
21454 56
21501 65
21547 66
21593 67
21640 75
21686 66
21733 67
21779 64
21825 66
21872 66
21918 65
21965 66
22011 63
22058 144
22105 245
22151 331
22198 408
22244 476
22290 533
22337 585
22383 629
22429 665
22476 702
22522 732
22569 757
22615 765
22661 800
22708 817
22754 832
22801 845
22847 835
22893 867
22940 876
22986 886
23032 891
23080 898
23126 902
23173 906
23219 911
23265 914
23312 922
23358 919
23405 921
23451 924
23497 925
23544 928
23590 929
23636 931
23683 931
23729 931
23776 933
