47 644
64 615
80 591
96 567
113 552
129 522
146 500
162 481
178 461
195 443
211 425
227 409
244 393
260 378
277 365
293 350
309 336
326 323
342 311
359 301
375 291
391 278
408 265
424 267
440 299
457 330
473 358
490 386
506 412
522 436
539 462
555 482
571 504
588 523
604 543
621 561
637 578
653 594
670 615
686 626
703 641
719 654
735 668
752 677
768 691
784 703
801 712
817 726
834 735
850 736
866 705
883 676
901 642
918 615
934 594
951 563
967 541
983 519
1000 498
1016 478
1032 459
1049 439
1065 427
1082 406
1098 391
1114 378
1131 362
1147 348
1164 336
1180 323
1196 312
1213 299
1229 307
1245 277
1262 268
1278 269
1295 303
1311 332
1327 362
1344 388
1360 413
1376 438
1393 461
1409 485
1426 505
1442 524
1458 544
1475 563
1491 580
1508 596
1524 611
1540 608
1557 642
1573 657
1589 677
1606 682
1622 693
1639 705
1655 716
1671 730
1688 737
1704 733
1720 701
1737 671
1753 663
1770 617
1786 591
1802 570
1819 543
1835 521
1852 499
1868 479
1884 460
1902 440
1918 423
1935 404
1951 391
1967 376
1984 362
2000 348
2016 335
2033 322
2049 311
2066 298
2082 289
2098 278
2115 269
2131 273
2147 304
2164 334
2180 362
2197 388
2213 415
2229 441
2246 462
2262 484
2279 506
2295 526
2311 544
2328 563
2344 580
2360 597
2377 613
2393 629
2410 651
2426 656
2442 669
2459 684
2475 694
2491 704
2508 716
2524 727
2541 733
2557 733
2573 703
2590 672
2606 645
2623 616
2639 590
2655 567
2672 544
2688 520
2704 499
2721 480
2737 460
2754 442
2770 424
2786 407
2803 394
2819 378
2835 362
2852 354
2868 335
2885 323
2902 316
2919 301
2935 288
2951 274
2968 269
2984 272
3000 299
3017 334
3033 363
3050 383
3066 414
3082 439
3099 460
3115 484
3131 506
3148 526
3164 544
3181 564
3197 581
3213 597
3230 591
3246 628
3263 642
3279 671
3295 669
3312 682
3328 694
3344 705
3361 716
3377 721
3394 736
3410 733
3426 700
3443 671
3459 643
3475 616
3492 591
3508 566
3525 543
3541 521
3557 500
3574 480
3590 459
3607 441
3623 423
3639 407
3656 392
3672 376
3688 361
3705 349
3721 335
3738 323
3754 310
3770 299
3787 289
3803 278
3819 269
3836 271
3852 298
3869 332
3885 360
3902 389
3919 416
3935 440
3952 462
3968 486
3984 505
4001 526
4017 545
4034 563
4050 581
4066 597
4083 613
4099 627
4115 643
4132 657
4148 669
4165 682
4181 694
4197 705
4214 716
4230 729
