47 628
64 603
80 577
96 554
113 546
129 509
145 487
162 468
178 450
195 433
211 416
227 399
244 376
260 369
276 354
293 342
309 328
326 316
342 304
358 295
375 280
391 314
408 344
424 372
441 398
457 422
473 447
490 470
506 490
522 513
539 533
555 552
572 571
588 587
604 603
621 619
637 628
653 647
670 661
686 672
703 686
719 698
735 709
752 720
768 702
785 667
801 639
817 612
834 586
850 563
866 539
883 517
899 496
916 476
932 460
948 438
965 421
981 402
997 389
1014 373
1030 360
1047 347
1063 333
1079 321
1096 309
1112 299
1129 286
1145 302
1161 335
1178 362
1194 388
1210 414
1227 440
1243 459
1260 485
1276 505
1292 524
1309 545
1325 563
1341 580
1358 596
1374 611
1391 629
1408 644
1424 657
1441 670
1457 682
1473 694
1490 706
1506 716
1523 705
1539 675
1555 648
1572 620
1588 594
1604 569
1621 546
1637 513
1654 502
1670 483
1686 463
1703 444
1719 426
1735 411
1752 394
1768 379
1785 365
1801 351
1817 337
1834 326
1850 313
1867 301
1883 292
1899 295
1916 325
1932 353
1948 381
1965 407
1981 433
1998 455
2014 477
2030 498
2047 520
2063 537
2079 557
2096 576
2112 592
2129 607
2145 623
2161 638
2178 653
2194 666
2211 678
2227 690
2243 717
2260 713
2276 718
2292 687
2309 658
2325 629
2342 603
2358 579
2374 557
2391 531
2408 509
2424 489
2441 469
2457 450
2473 432
2490 416
2506 398
2523 384
2539 368
2555 355
2572 341
2588 329
2604 315
2621 306
2637 287
2654 284
2670 314
2686 344
2703 372
2719 398
2735 424
2752 447
2768 469
2785 492
2801 513
2817 534
2834 552
2850 570
2867 587
2883 604
2899 619
2916 634
2932 664
2948 661
2965 675
2981 686
2998 698
3014 710
3030 718
3047 696
3063 666
3079 644
3096 612
3112 586
3129 562
3145 540
3161 519
3178 497
3194 476
3211 457
3227 439
3243 422
3260 406
3276 389
3292 374
3309 360
3325 345
3342 333
3358 321
3374 309
3392 298
3408 285
3424 305
3441 334
3457 382
3473 390
3490 416
3506 440
3523 463
3539 485
3555 507
3572 526
3588 546
3604 563
3621 581
3637 597
3654 614
3670 628
3686 643
3703 657
3719 670
3736 682
3752 694
3768 705
3785 716
3801 706
3817 676
3834 648
3850 619
3867 594
3883 570
3899 547
3916 525
3932 502
3948 483
3965 464
3981 441
3998 427
4014 410
4030 382
4047 379
4063 364
4080 350
4096 338
4112 325
4129 312
4145 302
4161 291
4178 291
4194 324
4211 352
4227 382
