48 814
254 476
461 272
667 189
873 133
1081 102
1287 86
1494 76
1700 71
1906 69
2114 66
2320 64
2527 66
2733 62
2941 63
3147 64
3353 65
3560 64
3766 64
3974 64
4180 65
4386 65
4593 65
4799 64
5007 65
5213 65
5419 65
5626 64
5832 65
6040 66
6246 64
6452 65
6659 58
6865 67
7073 65
7279 64
7486 65
7692 65
7898 65
8106 65
8312 70
8519 57
8725 63
8932 64
9139 63
9345 64
9552 64
9758 64
9965 66
10172 65
10378 64
10585 64
10791 65
10998 64
11205 64
11411 65
11618 65
11824 65
12032 64
12238 64
12444 56
12651 65
12857 65
13065 64
13271 64
13477 65
13684 61
13890 73
14098 70
14304 64
14510 66
14717 64
14924 65
15131 64
15337 65
15543 64
15750 65
15957 64
16164 65
16370 64
16576 64
16783 64
16990 71
17197 64
17403 65
17609 64
17816 66
18023 65
18230 64
18436 65
18642 65
18849 65
19056 63
19263 67
19469 55
19676 117
19882 64
20089 65
20296 65
20502 64
20709 65
20915 65
21123 65
21329 65
21535 65
21742 64
21949 64
22156 65
22362 58
22568 65
22775 64
22982 63
23189 63
23395 303
23601 591
23808 747
24015 835
24222 882
24428 909
24634 922
24841 930
25048 935
25255 938
25461 939
25667 939
25874 940
26081 941
26288 936
26494 941
26700 938
26907 937
27114 940
27321 940
27527 940
27734 942
27941 941
28147 941
28354 941
28560 940
28767 941
28974 941
29180 940
29387 940
29593 941
29800 941
30007 940
30213 940
30420 940
30626 925
30833 939
31040 940
31247 941
31453 940
31659 941
31866 941
32073 940
32280 940
32486 941
32692 941
32899 940
33106 940
33313 942
33519 940
33725 940
33933 936
34139 940
34346 940
34552 940
34758 943
34966 941
35172 942
35379 941
35585 940
35791 941
35999 940
36205 944
36412 942
36618 940
36824 941
37032 940
37238 943
37445 941
37651 914
37857 940
38065 941
38271 940
38478 940
38684 942
38891 941
39098 939
39304 941
39511 941
39717 940
39925 941
40131 941
40337 941
40544 944
40750 941
40958 940
41164 941
41370 941
41577 941
41783 942
41991 941
42197 939
42404 941
42610 941
42816 940
43024 942
43230 941
43437 940
43643 941
43849 941
44057 940
44263 941
44470 954
44676 940
44882 941
45090 940
45296 941
45503 941
45709 941
45915 940
46123 959
46329 941
46536 771
46742 453
46950 278
47156 180
47362 130
47569 100
47775 84
47983 75
48189 72
48395 68
48602 66
48808 60
49016 64
49222 65
49428 65
49635 65
49841 64
50049 64
50255 64
50462 65
50668 63
50874 65
51082 65
51288 51
51495 65
51701 65
51907 65
52115 63
52321 64
52528 66
52734 76
52941 58
53148 64
53354 64
53561 64
53767 65
53974 64
54181 64
54387 65
54594 63
54800 63
55008 65
55214 64
55420 65
55627 64
55833 68
56041 65
56247 66
56453 64
56660 64
56866 65
57074 64
57280 65
57486 64
57693 64
57899 63
58107 65
58313 83
58519 69
58726 65
58933 64
59140 64
59346 65
59552 63
59759 58
59966 63
60173 65
60379 64
60585 63
60792 65
60999 64
61206 64
61412 64
61618 64
61825 65
62032 65
62239 65
62445 65
62652 63
62858 72
63065 65
63272 63
63478 65
63685 65
63891 65
64098 64
64305 64
64511 64
64718 64
64925 65
65131 68
65338 66
65544 64
65751 61
65958 72
66165 65
66371 65
66577 65
66784 64
66991 63
67198 64
67404 65
67610 65
67817 63
68024 64
68231 65
68437 63
68643 65
68850 63
69057 64
69264 66
69470 64
69676 65
69883 340
70090 613
70297 759
70503 840
70709 884
70916 910
71123 923
71330 930
71536 936
71743 937
71950 939
72156 940
72363 940
72569 940
72776 940
72983 942
73189 941
73396 941
73602 940
73809 943
74016 940
74222 942
74429 940
74635 940
74842 938
75049 940
75256 940
75462 940
75668 941
75875 940
76082 940
76289 940
76495 940
76701 941
76908 940
77115 941
77322 941
77528 940
77734 922
77942 939
78148 939
78355 940
78561 941
78767 942
78975 941
79181 941
79388 940
79594 941
79800 943
80008 941
80214 940
80421 941
80627 940
80833 947
81041 949
81247 939
81454 941
81660 940
81866 941
82074 940
82280 942
82487 941
82693 940
82900 941
83107 939
83313 939
83520 934
83726 941
83934 940
84140 941
84346 941
84553 940
84759 941
84967 940
85173 941
85379 942
85586 941
85792 941
86000 942
86206 935
86413 940
86619 941
86825 940
87033 941
87239 941
87446 941
87652 940
87858 941
88066 940
88272 940
88479 940
88685 940
88891 941
89099 941
89305 941
89512 941
89718 940
89925 942
90132 940
90338 958
90545 939
90751 940
90959 941
91165 941
91371 940
91578 940
91784 940
91992 941
92198 940
92404 941
92611 940
92817 940
93025 730
93231 434
93437 265
93644 176
93850 126
94058 98
94264 83
94470 76
94677 69
94883 67
95091 67
95297 65
95503 65
95710 65
95916 65
96124 64
96330 64
96537 65
96743 66
96950 64
97157 64
97363 65
97570 67
97776 63
97983 65
98190 64
98396 64
98603 65
98809 60
99016 63
99223 65
99429 66
99636 64
99842 65
100049 65
100256 67
100462 63
100669 64
100875 65
101083 63
101289 65
101495 78
101702 66
101908 64
102116 64
102322 65
102528 64
102735 64
102942 64
103149 64
103355 64
103561 64
103768 65
103975 65
104182 64
104388 60
104594 65
104801 64
105008 64
105215 64
105421 64
105627 65
