48 819
64 777
81 745
97 708
113 683
130 654
146 627
162 601
179 575
195 552
212 530
228 508
244 488
261 468
277 449
293 431
310 414
326 398
343 382
359 359
376 353
392 340
409 327
425 315
441 305
458 292
474 282
491 274
507 262
523 253
540 245
556 236
572 229
589 230
605 214
622 208
638 200
654 193
671 188
687 183
703 176
720 171
736 166
753 162
769 157
785 154
802 151
818 132
835 141
851 137
867 134
884 131
900 129
916 127
933 123
949 121
966 116
982 116
998 112
1015 113
1031 109
1047 107
1064 104
1080 103
1097 101
1113 100
1129 99
1146 97
1162 95
1179 93
1195 92
1211 90
1228 89
1244 91
1260 87
1277 86
1293 78
1310 85
1326 84
1342 122
1359 82
1376 81
1392 77
1409 78
1425 79
1441 73
1458 78
1474 77
1491 74
1507 75
1523 75
1540 79
1556 74
1572 74
1589 74
1605 74
1622 73
1638 73
1654 72
1671 72
1687 71
1703 71
1720 73
1736 70
1753 70
1769 70
1785 70
1802 70
1818 70
1835 68
1851 68
1867 68
1884 68
1900 69
1916 69
1933 68
1949 83
1966 125
1982 162
1998 198
2015 233
2031 266
2047 293
2064 327
2080 355
2097 384
2113 409
2129 433
2146 457
2162 479
2179 498
2195 520
2211 539
2228 558
2244 577
2260 594
2277 610
2293 625
2310 639
2326 653
2342 667
2360 694
2376 692
2392 703
2409 714
2425 724
2441 730
2458 744
2474 753
2491 762
2507 770
2523 778
2540 785
2556 792
2572 805
2589 806
2605 812
2622 819
2638 824
2654 829
2671 834
2687 839
2704 844
2720 847
2736 852
2753 857
2769 860
2785 864
2802 868
2818 871
2835 873
2851 877
2867 880
2884 883
2900 885
2916 888
2933 891
2949 893
2966 891
2982 897
2998 898
3015 901
3031 902
3048 907
3064 905
3080 907
3097 909
3113 910
3129 911
3146 913
3162 913
3179 914
3195 915
3211 918
3228 920
3244 920
3260 921
3277 922
3293 922
3310 924
3326 924
3342 924
3360 928
3376 926
3392 926
3409 927
3425 927
3442 916
3458 929
3474 930
3491 928
3507 931
3523 930
3540 932
3556 931
3573 930
3589 933
3605 933
3622 934
3638 933
3654 934
3671 934
3687 934
3704 935
3720 934
3736 934
3753 936
3769 935
3786 937
3802 933
3818 936
3835 935
3851 936
3867 936
3884 918
3900 877
3917 842
3933 803
3949 770
3966 732
3982 705
3998 676
4015 648
4031 619
4048 589
4064 569
4080 546
4097 522
4113 502
4130 481
4146 462
4162 443
4179 426
4195 409
4211 392
4228 379
4244 363
4261 349
4277 337
4293 325
4310 313
4326 298
4342 290
4359 275
4376 269
4392 259
4409 250
4425 243
4441 226
4458 225
4474 218
4490 213
4507 203
4523 197
4540 191
4556 186
4572 193
4589 175
4605 169
4621 168
4638 160
4654 156
4671 151
4687 147
4703 143
4720 141
4736 136
4753 129
4769 130
4785 127
4802 121
4818 120
4834 119
4851 116
4867 114
4884 111
4900 109
4916 107
4933 105
4949 105
4965 102
4982 101
4998 99
5015 97
5031 95
5047 84
5064 93
5080 92
5097 91
5113 88
5129 88
5146 87
5162 86
5178 86
5195 84
5211 83
5228 82
5244 81
5260 80
5277 80
5293 79
5309 78
5326 77
5342 76
5359 74
5376 77
5392 75
5409 75
5425 75
5441 70
5458 73
5474 73
5491 74
5507 72
5523 72
5540 71
5556 71
5572 77
5589 70
5605 71
5622 70
5638 70
5654 69
5671 69
5687 69
5703 68
5720 69
5736 70
5753 66
5769 68
5785 68
5802 75
5818 69
5835 94
5851 133
5867 171
5884 207
5900 239
5916 274
5933 305
5949 335
5966 363
5982 390
5998 413
6015 440
6031 461
6047 485
6064 506
6080 526
6097 543
6113 563
6129 582
6146 598
6162 613
6179 630
6195 643
6211 657
6228 672
6244 682
6260 694
6277 705
6293 716
6310 727
6326 737
6342 745
6359 756
6376 765
6392 773
6409 781
6425 788
6441 802
6458 801
6474 808
6491 814
6507 820
6523 824
6540 831
6556 835
6572 841
6589 845
6605 850
6622 854
6638 858
6654 862
6671 865
6687 868
6703 872
6720 875
6736 878
6753 878
6769 883
6785 886
6802 882
6818 891
6835 892
6851 896
6867 898
6884 900
6900 901
6916 904
6933 906
6949 907
6966 912
6982 909
6998 911
7015 912
7031 914
7047 906
7064 916
7080 917
7097 919
7113 919
7129 920
7146 921
7162 923
7179 923
7195 922
7211 923
7228 922
7244 926
7260 927
7277 927
7293 927
7310 928
7326 929
7342 930
7360 923
7376 931
7392 931
7409 931
7425 931
7441 932
7458 932
7474 932
7491 934
7507 933
7523 933
7540 933
7556 933
7572 934
7589 935
7605 935
7622 934
7638 936
7654 936
7671 936
7687 936
7704 937
7720 937
7736 937
7753 937
7769 917
7785 869
7802 832
7818 798
7835 761
7851 728
7867 698
7884 668
7900 640
7916 615
7933 589
7949 563
7966 540
7982 519
7998 497
8015 478
8031 457
8048 441
8064 424
8080 406
8097 390
8113 375
8129 360
8146 347
8162 335
8179 322
8195 310
8211 297
8228 287
8244 300
8260 267
8277 257
8293 232
8310 240
8326 232
8342 180
8360 217
8376 210
8392 159
8409 197
8425 191
8442 185
8458 179
8474 173
8491 169
8507 164
8523 158
8540 152
8556 150
8573 146
8589 143
8605 140
8622 136
8638 133
8654 130
8671 127
8687 125
8704 122
8720 118
8736 116
8753 114
8769 144
8786 108
8802 109
8818 105
8835 103
8851 102
8867 100
8884 98
8900 96
8917 98
8933 93
8949 92
8966 93
8982 89
8998 88
9015 88
9031 86
9048 86
9064 85
9080 83
9097 85
9113 82
9130 82
9146 81
9162 80
9179 79
9195 79
9211 78
9228 77
9244 76
9261 75
9277 75
9293 74
9310 75
9326 74
9342 73
9359 71
9376 72
9392 72
9409 72
9425 72
9441 61
9458 72
9474 71
9490 71
9507 71
9523 70
9540 69
9556 69
9572 76
9589 69
9605 67
9621 67
9638 69
9654 68
9671 68
9687 68
9703 67
9720 105
9736 145
9753 179
9769 218
9785 251
9802 286
9818 314
9834 343
9851 371
9867 398
9884 423
9900 447
9916 468
9933 491
9949 512
9965 529
9982 550
9998 569
10015 586
10031 602
10047 617
10064 633
10080 648
10097 665
10113 674
10129 687
10146 698
10162 709
10178 721
10195 729
10211 738
10228 753
10244 757
10260 767
10277 775
10293 782
10309 789
10326 795
10342 803
10359 818
10376 816
10392 821
10409 827
10425 832
10441 837
10458 842
10474 847
10491 852
10507 854
10523 859
10540 863
10556 866
10572 871
10589 872
10605 875
10622 879
10638 882
10654 884
10671 887
10687 889
10703 891
10720 894
10736 895
10753 897
10769 900
10785 901
10802 899
10818 905
10835 907
10851 907
10867 910
10884 911
10900 912
10916 914
10933 915
10949 915
10966 919
10982 919
10998 919
11015 919
11031 921
11047 916
11064 924
11080 924
11097 923
11113 926
11129 926
11146 928
11162 927
11179 929
11195 929
11211 929
11228 928
11244 930
11260 930
11277 931
11293 931
11310 932
11326 932
11342 932
11359 924
11376 933
11392 933
11409 934
11425 935
11441 925
11458 935
11474 935
11491 934
11507 935
11523 935
11540 935
11556 936
11572 935
11589 935
11605 935
11622 934
11638 937
11654 895
11671 856
11687 819
11703 785
11720 751
11736 719
11753 688
11769 659
11785 632
11802 609
11818 580
11835 556
11851 534
11867 512
11884 490
11900 470
11916 453
11933 433
11949 417
11966 398
11982 385
11998 370
12015 356
12031 341
12047 327
12064 318
12080 307
12097 295
12113 285
12129 274
12146 265
12162 256
12179 246
12195 238
12211 229
12228 220
12244 214
12260 208
12277 201
12293 195
12310 190
12326 182
12342 177
12360 170
12376 167
12392 163
12409 158
12425 154
12441 153
12458 146
12474 143
12491 139
12507 135
12523 132
12540 128
12556 126
12572 120
12589 120
12605 117
12622 114
12638 113
12654 110
12671 109
12687 106
12704 105
12720 104
12736 102
12753 97
12769 97
12785 97
12802 94
12818 91
12835 92
12851 90
12867 89
12884 88
12900 87
12916 84
12933 85
12949 84
12966 85
12982 83
12998 82
13015 80
13031 79
13048 77
13064 78
13080 79
13097 77
13113 77
13129 76
13146 76
13162 74
13179 77
13195 73
13211 74
13228 73
13244 73
13260 72
13277 74
13293 72
13310 72
13326 72
13342 71
13360 62
13376 70
13392 69
13409 69
13425 70
13442 67
13458 69
13474 68
13491 69
13507 68
13523 70
13540 68
13556 68
13573 69
13589 75
13605 115
13622 153
13638 192
13654 227
13671 260
13687 292
13704 322
13720 351
13736 378
13753 416
13769 428
13786 452
13802 480
13818 496
13835 517
13851 537
13867 556
13884 573
13900 590
13917 605
13933 621
13949 637
13966 649
13982 665
13998 677
14015 690
14031 703
14048 708
14064 723
14080 733
14097 745
14113 750
14130 760
14146 768
14162 776
14179 783
14195 791
14211 798
14228 804
14244 811
14261 816
14277 822
14293 827
14310 833
14326 838
14342 843
14359 825
14376 852
14392 857
14409 859
14425 864
14441 870
14458 870
14474 873
14490 883
14507 879
14523 882
14540 884
14556 887
14572 888
14589 891
14605 894
14621 895
14638 897
14654 900
14671 903
14687 903
14703 905
14720 907
14736 909
14753 911
14769 911
14785 912
14802 914
14818 915
14834 917
14851 919
14867 919
14884 919
14900 920
14916 921
14933 920
14949 924
14965 927
14982 924
14998 925
15015 932
15031 926
15047 926
15064 929
15080 927
15097 930
15113 929
15129 929
15146 930
15162 931
15178 931
15195 932
15211 932
15228 933
15244 966
15260 933
15277 934
15293 923
15309 933
15326 934
15342 904
15359 935
15376 936
15392 905
15409 935
15425 936
15441 936
15458 936
15474 936
15491 937
15507 936
15523 923
15540 879
15556 845
15572 807
15589 773
15605 740
15622 709
15638 679
15654 650
15671 623
15687 597
15703 572
15720 548
15736 525
15753 505
15769 517
15785 465
15802 447
15818 422
15835 412
15851 396
15867 381
15884 365
15900 352
15916 345
15933 326
15949 312
15966 304
15982 291
15998 281
16015 271
16031 261
16047 249
16064 243
16080 234
16097 227
16113 219
16129 212
16146 205
16162 200
16179 194
16195 187
16211 181
16228 172
16244 170
16260 167
16277 163
16293 156
16310 152
16326 149
16342 145
16359 139
16376 137
16392 134
16409 132
16425 129
16441 122
16458 122
16474 118
16491 117
16507 115
16523 113
16540 109
16556 108
16572 106
16589 105
16605 102
16622 94
16638 99
16654 97
16671 96
16687 94
16703 94
16720 92
16736 90
16753 90
16769 88
16785 86
16802 96
16818 86
