48 763
64 731
80 700
97 671
113 642
130 617
146 591
162 560
179 543
195 522
211 501
228 481
244 462
261 444
277 426
293 413
310 393
326 378
343 364
359 349
375 337
392 324
408 309
424 301
441 290
457 281
474 269
490 261
506 252
523 243
539 236
555 227
572 219
588 211
605 205
621 201
637 195
654 188
670 182
687 176
703 170
719 157
736 162
752 158
770 148
786 150
802 145
819 141
835 137
851 135
868 131
884 127
901 125
917 123
933 120
950 138
966 175
983 217
999 245
1015 277
1032 308
1048 337
1064 365
1081 391
1097 416
1114 432
1130 464
1146 485
1163 506
1179 526
1195 545
1212 563
1228 580
1245 599
1261 614
1277 628
1294 643
1310 655
1327 669
1343 682
1359 694
1376 705
1392 717
1408 723
1425 736
1441 745
1458 753
1474 763
1490 771
1507 778
1523 785
1539 792
1556 799
1572 806
1589 782
1605 819
1621 824
1638 828
1654 834
1671 839
1687 844
1703 848
1720 846
1736 855
1752 860
1770 865
1786 868
1803 871
1819 874
1835 877
1852 880
1868 883
1885 885
1901 857
1917 820
1934 785
1950 752
1966 720
1983 692
1999 661
2016 632
2032 609
2048 582
2065 558
2081 536
2098 513
2114 489
2130 473
2147 454
2163 436
2179 419
2196 403
2212 387
2229 372
2245 359
2261 345
2278 333
2294 329
2310 309
2327 298
2343 286
2360 277
2376 260
2392 258
2409 251
2425 240
2442 232
2458 233
2474 217
2491 211
2507 203
2523 197
2540 192
2556 184
2573 181
2589 173
2605 168
2622 164
2638 160
2654 155
2671 152
2687 149
2704 144
2720 140
2736 137
2753 135
2770 130
2787 128
2803 125
2819 122
2836 119
2852 151
2869 187
2885 223
2901 256
2918 288
2934 318
2950 346
2967 374
2983 410
3000 424
3016 449
3032 443
3049 493
3065 514
3082 528
3098 552
3114 569
3131 583
3147 603
3163 618
3180 630
3196 647
3213 661
3229 679
3245 687
3262 698
3278 709
3294 720
3311 730
3327 738
3344 748
3360 756
3376 766
3393 774
3409 782
3426 788
3442 795
3458 806
3475 810
3491 815
3507 807
3524 825
3540 831
3557 881
3573 840
3589 845
3606 855
3622 854
3638 857
3655 863
3671 865
3688 868
3704 869
3720 875
3737 877
3753 880
3771 883
3787 886
3803 843
3820 807
3836 772
3853 740
3869 709
3885 679
3902 651
3918 624
3934 598
3951 574
3967 550
3984 516
4000 505
4016 486
4033 465
4049 448
4065 431
4082 415
4098 398
4115 382
4131 366
4147 354
4164 341
4180 321
4197 316
4213 304
4229 290
4246 282
4262 274
4278 263
4295 256
4311 246
4328 238
4344 230
4360 222
4377 213
4393 208
4409 201
4426 195
4442 188
4459 180
4475 178
4491 173
4508 166
4524 163
4541 159
4557 155
4573 150
4590 146
4606 145
4622 139
4639 136
4655 130
4672 129
4688 128
4704 121
4721 121
4737 118
4753 162
4771 201
4787 235
4804 267
4820 299
4837 328
4853 356
4869 383
4886 408
4902 432
4918 456
4935 479
4951 500
4968 521
4984 540
5000 559
5017 576
5033 591
5049 607
5066 625
5082 632
5099 652
5115 665
5131 677
5148 690
5164 701
5181 713
5197 722
5213 733
5230 740
5246 751
5262 760
5279 768
5295 776
5312 784
5328 791
5344 798
5361 804
5377 808
5393 816
5410 821
5426 827
5443 832
5459 837
5475 841
5492 846
5508 866
5525 855
5541 859
5557 862
5574 867
5590 869
5606 873
5623 875
5639 879
5656 882
5672 883
5688 854
5705 835
5721 798
5737 766
5754 732
5771 699
5788 669
5804 642
5820 615
5837 590
5853 566
5870 545
5886 520
5902 500
5919 479
5935 460
5952 442
5968 426
5984 408
6001 393
6017 377
6033 363
6050 349
6066 335
6083 316
6099 313
6115 301
6132 292
6148 280
6164 269
6181 261
6197 251
6214 240
6230 233
6246 226
6263 220
6279 212
6296 205
6312 199
6328 193
6345 187
6361 181
6377 178
6394 172
6410 167
6427 162
6443 156
6459 126
6476 149
6492 144
6508 142
6525 137
6541 134
6558 131
6574 129
6590 107
6607 125
6623 120
6640 138
6656 175
6672 209
6689 243
6705 276
6721 306
6738 335
6754 364
6772 390
6788 418
6804 441
6821 469
6837 486
6854 507
6870 527
6886 546
6903 565
6919 580
6936 598
6952 614
6968 629
6985 650
7001 657
7017 670
7034 683
7050 694
7067 705
7083 716
7099 726
7116 735
7132 745
7148 754
7165 761
7181 770
7198 779
7214 794
7230 793
7247 800
7263 805
7280 813
7296 820
7312 823
7329 832
7345 834
7361 839
7378 849
7394 848
7411 852
7427 856
7443 860
7460 863
7476 867
7492 870
7509 873
7525 877
7542 879
7558 883
7574 884
7591 861
7607 822
7624 786
7640 753
7656 722
7673 690
7689 663
7705 633
7722 609
7738 584
7755 560
7772 535
7788 514
7805 494
7821 475
7838 455
7854 436
7870 420
7887 403
7903 395
7919 374
7936 358
7952 345
7969 331
7985 320
8001 308
8018 297
8034 285
8051 276
8067 266
8083 257
8100 248
8116 241
8132 231
8149 224
8165 207
8182 210
8198 203
8214 200
8231 191
8247 188
8263 181
8280 174
8296 164
8313 164
8329 160
8345 156
8362 152
8378 139
8395 145
8411 141
8427 137
8444 134
8460 130
8476 127
8493 125
8509 122
8526 119
8542 149
8558 186
8575 221
8591 253
8607 286
8624 317
8640 345
8657 373
8673 399
8689 424
8706 447
8722 471
8739 492
8755 512
8772 546
8789 552
8805 571
8822 592
8838 603
8854 618
8871 634
8887 647
8903 659
8920 674
8936 686
8953 699
8969 709
8985 719
9002 730
9018 740
9035 762
9051 758
9067 766
9084 774
9100 781
9116 789
9133 795
9149 802
9166 796
9182 814
9198 820
9215 828
9231 831
9247 836
9264 842
9280 845
9297 858
9313 855
9329 858
9346 861
9362 865
9379 869
9395 872
9411 875
9428 878
9444 881
9460 883
9477 886
9493 846
9510 802
9526 775
9542 742
9559 701
9575 680
9591 650
9608 626
9624 599
9641 574
9657 552
9673 528
9690 507
9706 485
9723 467
9739 449
9755 430
9773 414
9789 398
9806 383
9822 368
9838 353
9855 340
9871 327
9887 315
9904 304
9920 294
9937 283
9953 272
9969 263
9986 254
10002 244
10018 237
10035 229
10051 222
10068 215
10084 208
10100 202
10117 196
10133 206
10150 185
10166 178
10182 173
10199 168
10215 163
10231 158
10248 154
10264 150
10281 144
10297 143
10313 140
10330 135
10346 132
10362 129
10379 130
10395 124
10412 121
10428 118
10444 163
10461 199
10477 234
10494 266
10510 298
10526 326
10543 356
10559 383
10575 407
10592 432
10608 452
10625 477
10641 499
10657 522
10674 539
10690 556
10706 583
10723 592
10739 608
10756 622
10773 640
10790 652
10806 661
10822 678
10839 691
10855 703
10871 713
10888 723
10904 733
10921 743
10937 752
10953 760
10970 769
10986 776
11002 784
11019 792
11035 798
11052 806
11068 811
11084 818
11101 822
11117 828
11134 847
11150 837
11166 841
11183 859
11199 851
11215 855
11232 856
11248 864
11265 866
11281 867
11297 873
11314 876
11330 879
11346 882
11363 884
11379 872
11396 832
11412 796
11428 762
11445 730
11461 699
11478 670
11494 642
11510 615
11527 589
11543 565
11559 543
11576 520
11592 499
11609 485
11625 461
11641 443
11658 431
11674 408
11690 392
11707 377
11723 363
11740 350
11756 335
11773 323
11790 312
11806 300
11823 289
11839 279
11855 273
11872 261
11888 250
11905 242
11921 234
11937 226
11954 219
11970 212
11986 205
12003 199
12019 192
12036 187
12052 181
12068 177
12085 171
12101 167
12117 161
12134 158
12150 153
12167 149
12183 145
12199 141
12216 138
12232 115
12249 131
12265 129
12281 126
12298 122
12314 120
12330 140
12347 176
12363 211
12380 247
12396 277
12412 308
12429 338
12445 366
12461 392
12478 417
12494 440
12511 463
12527 486
12543 508
12560 526
12576 547
12593 564
12609 587
12625 599
12642 614
12658 629
12674 643
12691 657
12707 670
12724 682
12740 697
12756 705
12774 717
12790 727
12807 737
12823 745
12839 754
12856 763
12872 771
12889 779
12905 786
12921 794
12938 801
12954 807
12970 812
12987 818
13003 824
13020 830
13036 834
13052 839
13069 843
13085 847
13101 853
13118 857
13134 853
13151 865
13167 867
13183 871
13200 874
13216 877
13233 880
13249 883
13265 888
13282 856
13298 819
13314 783
13331 750
13347 718
13364 687
13380 660
13396 633
13413 606
13429 581
13445 558
13462 535
13478 513
13495 493
13511 466
13527 453
13544 436
13560 417
13577 402
13593 386
13609 372
13626 357
13642 344
13658 332
13675 319
13691 307
13708 296
13724 286
13740 275
13757 266
13774 256
13791 248
13807 239
13823 242
13840 224
13856 216
13872 209
13889 202
13905 188
13922 190
13938 183
13954 179
13971 174
13987 169
14004 164
14020 159
14036 146
14053 151
14069 147
14085 143
14102 140
14118 137
14135 133
14151 129
14167 127
14184 124
14200 122
14216 126
14233 152
14249 190
14266 224
14282 258
14298 288
14315 319
14331 347
14348 375
14364 401
14380 421
14397 450
14413 472
14429 494
14446 514
14462 534
14479 552
14495 571
14511 586
14528 603
14544 618
14560 635
14577 647
14593 661
14610 674
14626 686
14642 697
14659 709
14675 720
14692 731
14708 738
14724 748
14741 758
14757 766
14775 775
14791 782
14807 790
14824 802
14840 803
14856 809
14873 815
14889 820
14906 823
14922 832
14938 837
14955 835
14971 846
14988 850
15004 855
15020 857
15037 862
15053 865
15069 867
15086 871
15102 874
15119 878
15135 880
15151 884
15168 885
15184 843
15200 807
15217 772
15233 740
15250 709
15266 677
15282 650
15299 624
15315 599
15332 573
15348 550
15364 528
15381 505
15397 487
15413 467
15430 446
15446 430
15463 414
15479 397
15495 382
15512 371
15528 354
15544 340
15561 327
15577 316
15594 305
15610 294
15626 283
15643 272
15659 263
15676 254
15692 239
15708 238
15725 230
15741 222
15757 216
15775 207
15791 200
15808 195
15824 183
15841 183
15857 177
15873 173
15890 168
15906 163
15922 159
15939 154
15955 153
15972 146
15988 142
16004 139
16021 137
16037 132
16053 130
16070 126
16086 123
16103 120
16119 145
16135 165
16152 201
16168 235
16185 267
16201 298
16217 348
16234 355
16250 383
16266 411
16283 434
16299 457
16316 478
16332 500
16348 521
16365 540
16381 557
16397 577
16414 593
16430 604
16447 624
16463 638
16479 653
16496 665
16512 678
16529 690
16545 702
16561 713
16578 723
16594 734
16610 743
16627 751
16643 760
16660 769
16676 776
16692 783
16709 791
16725 798
16741 805
16758 810
16775 817
16792 822
16808 828
16825 833
16841 838
16857 833
16874 847
16890 851
16906 843
16923 860
16939 863
16956 868
16972 869
16988 873
17005 878
17021 879
17037 883
17054 894
17070 868
17087 830
17103 795
17119 761
17136 729
17152 698
17169 668
17185 641
17201 614
17218 589
17234 565
17250 542
17267 520
17283 491
17300 478
17316 460
17332 442
17349 424
17365 408
17381 404
17398 376
17414 363
17431 349
17447 336
17463 323
17480 310
17496 300
17513 289
17529 284
17545 270
17562 260
17578 252
17594 243
17611 235
17627 227
17644 220
17660 206
17676 205
17693 199
17709 193
17725 187
17742 182
17758 176
17775 172
17792 166
17808 162
17825 157
17841 154
17857 150
17874 145
17890 141
17907 138
17923 135
17939 131
17956 129
17972 123
17988 122
18005 121
18021 140
18038 177
18054 213
18070 247
18087 279
18103 324
18119 339
18136 367
18152 395
18169 417
18185 442
18201 465
18218 487
18234 504
18251 529
18267 547
18283 564
18300 583
18316 599
18332 615
18349 629
18365 644
18382 660
18398 669
18414 683
18431 694
18447 705
18463 716
18480 725
18496 735
18513 742
18529 755
18545 762
18562 771
18578 781
18595 787
18611 794
18627 800
18644 807
18660 822
18676 818
18693 823
18709 830
18726 835
18742 839
18758 844
18775 849
18792 853
18808 857
18825 861
18841 863
18857 867
18874 870
18890 874
18907 879
18923 880
18939 882
18956 887
18972 855
18988 821
19005 783
19021 750
19038 729
19054 689
19070 659
19087 634
19103 605
19119 580
19136 558
19152 535
19169 512
19185 496
19201 471
19218 455
19234 436
19251 419
19267 403
19283 387
19300 372
19316 359
19332 345
19349 332
19365 320
19382 306
19398 296
19414 286
19431 279
19447 266
19463 255
19480 248
19496 240
19513 232
19529 221
19545 216
19562 210
19578 204
19595 197
19611 191
19627 183
19644 179
19660 171
19676 169
19693 165
19709 160
19726 155
19742 153
19758 148
19776 143
19792 141
19808 137
19825 134
19841 107
19857 127
19874 124
19890 127
19907 119
19923 152
19939 189
19956 225
19972 253
19988 289
20005 320
20021 347
20038 375
20054 401
20070 425
20087 449
20103 472
20120 494
20136 514
20152 534
20169 551
20185 571
20201 589
20218 604
20234 623
20251 634
20267 648
20283 660
20300 674
20316 686
20332 698
20349 710
20365 720
20382 731
20398 739
20414 747
20431 756
20447 766
20464 774
20480 782
20496 789
20513 795
20529 802
20545 808
20562 810
20578 820
20595 826
20611 829
20627 837
20644 841
20660 846
20676 850
20693 853
20709 858
20726 862
20742 864
20758 869
20776 873
20792 876
20808 878
20825 881
20841 884
20858 886
20874 843
20890 807
20907 772
20923 740
20939 709
20956 672
20972 651
20989 624
21005 597
21021 574
21038 550
21054 528
21070 507
21087 484
21103 467
21120 448
21136 432
21152 414
21169 397
21185 383
21202 366
21218 355
21234 341
21251 328
21267 316
21283 305
21300 293
21316 283
21333 274
21349 263
21365 255
21382 247
21398 237
21414 230
21431 217
21447 214
21464 208
21480 201
21496 195
21513 189
21529 186
21546 177
21562 171
21578 168
21595 163
21611 160
21627 154
21644 150
21660 146
21677 143
21693 133
21709 135
21726 133
21742 129
21758 127
21775 124
21792 121
21808 119
21825 163
21841 200
21857 234
21874 266
21890 298
21906 335
21923 357
21939 382
21956 409
21972 432
21988 457
22005 478
22021 500
22037 520
22054 540
22070 558
22087 581
22103 592
22119 610
22136 629
22152 639
22169 652
22185 665
22201 679
22218 690
22234 701
22250 712
22267 723
22283 734
22300 742
22316 751
22332 760
22349 768
22365 775
22381 786
22398 791
22414 797
22431 803
22447 810
22463 816
22480 823
22496 828
22513 835
22529 837
22545 842
22562 846
22578 851
22594 857
22611 859
22627 863
22644 867
22660 870
22676 873
22693 875
22709 878
22725 881
22742 879
22758 870
22775 831
22792 795
22808 762
22825 730
22841 700
22857 670
22874 642
22890 615
22907 592
22923 565
22939 543
22956 520
22972 500
22988 479
23005 460
23021 442
23038 425
23054 408
23070 392
23087 378
23103 363
23119 349
23136 336
23152 324
23169 311
23185 300
23201 289
23218 276
23234 269
23251 260
23267 255
23283 242
23300 233
23316 227
23332 219
23349 213
23365 205
23382 199
23398 193
23414 188
23431 182
23447 176
23463 170
23480 165
23496 162
23513 156
23529 153
23545 149
23562 141
23578 142
23595 138
23611 129
23627 132
23644 128
23660 124
23676 122
23693 120
23709 138
23726 174
23742 209
23758 243
23775 278
23792 308
23808 337
23825 365
23841 392
23857 417
23874 440
23890 463
23907 485
23923 507
23939 528
23956 546
23972 564
23988 580
24005 597
24021 615
24038 629
24054 642
24070 657
24087 665
24103 681
24119 694
24136 716
24152 716
24169 726
24185 736
24201 745
24218 755
24234 764
24251 771
24267 780
24283 786
24300 793
24316 801
24332 807
24349 813
24365 818
24382 823
24398 830
24414 834
24431 840
24447 845
24463 848
24480 849
24496 856
24513 861
24529 860
24545 869
24562 870
24578 874
24595 876
24611 879
24627 883
24644 885
24660 860
24676 822
24693 788
24709 754
24726 721
24742 691
24758 657
24776 633
24792 608
24808 584
24825 559
24841 536
24857 512
24874 493
24890 473
24907 461
24923 436
24939 420
24956 404
24972 388
24988 374
25005 361
25021 345
25038 333
25054 325
25070 308
25087 297
25103 287
25120 276
25136 266
25152 257
25169 248
25185 241
25201 233
25218 224
25234 216
25251 210
25267 205
25283 215
25300 190
25316 184
25332 181
25349 176
25365 169
25382 163
25398 161
25414 156
25431 147
25447 148
25464 143
25480 142
25496 136
25513 134
25529 136
25545 128
25562 125
25578 121
25595 119
25611 148
25627 185
25644 221
25660 253
25676 284
25693 316
25709 345
25726 372
25742 398
25758 426
25776 449
25792 471
25808 496
25825 514
25841 532
25858 556
25874 567
25890 587
25907 603
25923 618
25939 632
25956 648
25972 660
25989 673
26005 685
26021 697
26038 709
26054 719
26070 729
26087 740
26103 749
26120 757
26136 766
26152 773
26169 782
26185 789
26202 795
26218 802
26234 808
26251 814
26267 819
26283 825
26300 830
26316 835
26333 841
26349 844
26365 849
26382 861
26398 857
26414 861
26431 865
26447 868
26464 871
26480 874
26496 877
26513 881
26529 883
26546 885
26562 848
26578 812
26595 776
26611 744
26627 714
26644 683
26660 654
26677 627
26693 601
26709 564
26726 554
26742 530
26758 509
26775 488
26792 468
26808 451
26825 433
26841 406
26857 399
26874 384
26890 366
26906 355
26923 341
26939 329
26956 317
26972 306
26988 296
27005 285
27021 274
27037 266
27054 256
27070 246
27087 238
27103 231
27119 223
27136 216
27152 207
27169 202
27185 195
27201 190
27218 183
27234 178
27250 174
27267 168
27283 167
27300 160
27316 155
27332 152
27349 147
27365 143
27381 139
27398 138
27414 133
27431 126
27447 126
27463 125
27480 121
27496 118
27513 159
27529 196
27545 229
27562 263
27578 294
27594 324
27611 351
27627 377
27644 406
27660 430
27676 453
27693 480
27709 497
27725 517
27742 534
27758 555
27775 574
27792 590
27808 607
27825 623
27841 637
27857 650
27874 664
27890 676
27907 689
27923 701
27939 711
27956 722
27972 731
27988 741
28005 751
28021 759
28038 767
28054 775
28070 783
28087 794
28103 798
28119 803
28136 813
28152 816
28169 821
28185 826
28201 832
28218 836
28234 843
28251 846
28267 853
28283 855
28300 858
28316 863
28332 866
28349 867
28365 872
28382 871
28398 878
28414 881
28431 885
28447 876
28463 839
28480 802
28496 768
28513 736
28529 704
28545 674
28562 641
28578 619
28595 594
28611 569
28627 546
28644 525
28660 504
28676 483
28693 453
28709 445
28726 427
28742 407
28758 395
28775 379
28792 366
28808 352
28825 338
28841 325
28857 314
28874 302
28890 291
28907 280
28923 271
28939 261
28956 253
28972 245
28988 236
29005 227
29021 221
29038 215
29054 207
29070 199
29087 193
29103 188
29119 182
29136 180
29152 173
29169 168
29185 162
29201 159
29218 155
29234 150
29251 146
29267 135
29283 139
29300 135
29316 132
29332 129
29349 125
29365 123
29382 119
29398 132
29414 170
29431 205
29447 239
29463 273
29480 303
29496 333
29513 361
29529 387
29545 413
29562 436
29578 459
29595 481
29611 503
29627 523
29644 542
29660 561
29676 579
29693 590
29709 611
29726 627
29742 641
29758 655
29776 667
29792 681
29808 693
29825 704
29841 715
29857 725
29874 735
29890 744
29907 753
29923 762
29939 771
29956 780
29972 785
29988 792
30005 798
30021 807
30038 812
30054 817
30070 824
30087 827
30103 834
30120 839
30136 839
30152 848
30169 851
30185 857
30201 860
30218 863
30234 866
30251 869
30267 881
30283 877
30300 880
30316 883
30332 885
30349 863
30365 824
30382 789
30398 757
30414 724
30431 695
30447 665
30464 638
30480 611
30496 586
30513 563
30529 540
30545 518
30562 509
30578 476
30595 458
30611 444
30627 421
30644 405
30660 393
30676 375
30693 361
30709 346
30726 335
30742 323
30758 311
30776 298
30792 289
30808 277
30825 268
30841 259
30858 249
30874 243
30890 234
30907 225
30923 219
30939 211
30956 204
30972 198
30989 185
31005 186
31021 181
31038 187
31054 170
31070 166
31087 161
31103 157
31120 152
31136 144
31152 145
31169 141
31185 139
31202 134
31218 132
31234 128
31251 125
31267 122
31283 121
31300 144
31316 182
31333 217
31349 250
31365 282
31382 325
31398 341
31414 370
31431 396
31447 421
31464 445
31480 467
31496 489
31513 510
31529 530
31546 548
31562 566
31578 585
31595 599
31611 616
31627 632
31644 645
31660 659
31677 673
31693 685
31709 695
31726 707
31742 722
31758 728
31775 738
31792 745
31808 757
31825 764
31841 775
31857 781
31874 788
31890 794
31906 802
31923 807
31939 813
31956 819
31972 824
31988 831
32005 835
32021 839
32037 846
32054 849
32070 843
32087 857
32103 861
32119 841
32136 869
32152 871
32169 873
32185 877
32201 880
32218 889
32234 885
32250 851
32267 812
32283 780
32300 747
32316 715
32332 684
32349 656
32365 630
32381 603
32398 580
32414 554
32431 536
32447 511
32463 490
32480 478
32496 451
32513 435
32529 418
32545 400
32562 384
32578 371
32594 355
32611 342
32627 330
32644 318
32660 306
32676 295
32693 285
32709 274
32725 265
32742 257
32758 249
32775 239
32792 230
32808 225
32825 216
32841 209
32857 209
32874 195
32890 190
32907 181
32923 179
32939 174
32956 161
32972 164
32988 162
33005 158
33021 150
33038 147
33054 144
33070 139
33087 138
33103 134
33119 130
33136 128
33152 124
33169 122
33185 120
33201 156
33218 194
33234 228
33251 261
33267 291
33283 321
33300 350
33316 378
33332 404
33349 428
33365 452
33382 484
33398 496
33414 516
33431 541
33447 555
33463 572
33480 587
33496 605
33513 620
33529 636
33545 649
33562 662
33578 675
33595 687
33611 698
33627 710
33644 719
33660 731
33676 740
33693 750
33709 762
33726 768
33742 775
33758 789
33775 789
33792 796
33808 803
33825 809
33841 815
33857 821
33874 826
33890 848
33907 836
33923 841
33939 851
33956 850
33972 854
33988 858
34005 863
34021 881
34038 868
34054 872
34070 877
34087 878
34103 880
34119 884
34136 883
34152 839
34169 803
34185 769
34201 746
34218 705
34234 676
34251 648
34267 620
34283 595
34300 571
34316 548
34332 526
34349 504
34365 484
34382 467
34398 447
34414 429
34431 409
34447 397
34463 381
34480 366
34496 353
34513 340
34529 326
34545 316
34562 303
34578 293
34595 281
34611 271
34627 263
34644 253
34660 245
34676 236
34693 204
34709 222
34726 215
34742 214
34758 202
34776 193
34792 188
34808 182
34825 176
34841 173
34857 168
34874 162
34890 157
34907 155
34923 150
34939 146
34956 140
34972 138
34988 136
35005 133
35021 129
35038 126
35054 124
35070 120
35087 139
35103 168
35120 203
35136 244
35152 270
35169 300
35185 331
35201 359
35218 381
35234 411
35251 436
35267 467
35283 481
35300 502
35316 522
35332 542
35349 560
35365 577
35382 607
35398 610
35414 625
35431 643
35447 653
35464 666
35480 679
35496 690
35513 701
35529 713
35545 723
35562 734
35578 744
35595 753
35611 760
35627 769
35644 777
35660 784
35676 792
35693 782
35709 805
35726 811
35742 819
35758 823
35776 827
35792 833
35808 838
35825 843
35841 846
35858 851
35874 857
35890 859
35907 863
35923 867
35939 869
35956 873
35972 876
35989 879
36005 882
36021 885
36038 866
36054 829
36070 794
36087 754
36103 727
36120 696
36136 669
36152 639
36169 613
36185 588
36202 564
36218 543
36234 519
36251 499
36267 479
36283 459
36300 441
36316 424
36333 407
36349 391
36365 377
36382 376
36398 348
36414 336
36431 321
36447 312
36464 300
36480 290
36496 279
36513 269
36529 260
36546 250
36562 243
36578 233
36595 226
36611 218
36627 211
36644 206
36660 199
36677 193
36693 161
36709 182
36726 177
36742 172
36758 166
36775 162
36792 156
36808 152
36825 148
36841 144
36857 141
36874 137
36890 134
36906 131
36923 128
36939 126
36956 131
36972 120
36988 141
37005 177
37021 212
37037 247
37054 279
37070 309
37087 338
37103 367
37119 393
37136 412
37152 443
37169 466
37185 488
37201 508
37218 529
37234 547
37250 565
37267 585
37283 598
37300 614
37316 629
37332 643
37349 657
37365 670
37381 684
37398 695
37414 706
37431 717
37447 727
37463 738
37480 746
37496 755
37513 762
37529 772
37545 779
37562 782
37578 794
37594 800
37611 809
37627 812
37644 819
37660 826
37676 829
37693 835
37709 840
37725 845
37742 849
37758 852
37775 857
37792 861
37808 864
37825 867
37841 871
37857 875
37874 877
37890 880
37907 883
37923 885
37939 856
37956 818
37972 783
37988 739
38005 718
38021 688
38038 667
38054 633
38070 607
38087 580
38103 557
38119 535
38136 514
38152 493
38169 473
38185 455
38201 436
38218 419
38234 403
38251 387
38267 372
38283 358
38300 344
38316 332
38332 319
38349 306
38365 297
38382 305
38398 276
38414 265
38431 257
38447 248
38463 240
38480 229
38496 225
38513 217
38529 210
38545 203
38562 197
38578 192
38595 186
38611 180
38627 174
38644 170
38660 165
38676 160
38693 155
38709 152
38726 147
38742 144
38758 140
38775 137
38792 134
38808 132
38825 128
38841 126
38857 125
38874 119
38890 152
38907 191
38923 224
38939 256
38956 291
38972 319
38988 347
39005 367
39021 400
39038 425
39054 447
39070 470
39087 494
39103 515
39119 533
39136 552
39152 571
39169 588
39185 604
39201 620
39218 634
39234 648
39251 662
39267 675
39283 686
39300 697
39316 708
39332 719
39349 729
39365 740
39382 754
39398 758
39414 767
39431 775
39447 782
39463 788
39480 797
39496 802
39513 809
39529 814
39545 821
39562 826
39578 831
39595 836
39611 840
39627 845
39644 850
39660 854
39676 859
39693 862
39709 865
39726 869
39742 870
39758 875
39776 879
39792 881
39808 883
39825 886
39841 842
39857 819
39874 773
39890 740
39907 700
39923 679
39939 651
39956 623
39972 598
39988 573
40005 559
40021 528
40038 506
40054 485
40070 467
40087 448
40103 431
40120 414
40136 398
40152 383
40169 368
40185 354
40201 341
40218 328
40234 316
40251 304
40267 294
40283 281
40300 272
40316 262
40332 254
40349 246
40365 237
40382 202
40398 222
40414 215
40431 207
40447 200
40464 196
40480 196
40496 183
40513 178
40529 174
40545 169
40562 162
40578 159
40595 156
40611 150
40627 147
40644 143
40660 139
40676 136
40693 133
40709 129
40726 126
40742 125
40758 120
40776 118
40792 165
40808 197
40825 235
40841 268
40858 296
40874 328
40890 356
40907 384
40923 410
40939 432
40956 456
40972 479
40989 495
41005 520
41021 540
41038 559
41054 576
41070 593
41087 610
41103 624
41120 637
41136 653
41152 665
41169 678
41185 690
41202 701
41218 712
41234 723
41251 735
41267 743
41283 753
41300 760
41316 768
41333 776
41349 784
41365 791
41382 804
41398 804
41414 810
41431 811
41447 822
41464 828
41480 833
41496 838
41513 843
41529 847
41546 851
41562 855
41578 859
41595 862
41611 866
41627 870
41644 872
41660 876
41677 879
41693 863
41709 885
41726 872
41742 830
41758 798
41775 763
41792 731
41808 700
41825 671
41841 642
41857 616
41874 590
41890 566
41906 543
41923 520
41939 500
41956 476
41972 461
41988 443
42005 425
42021 408
42037 393
42054 378
42070 363
42087 363
42103 336
42119 324
42136 314
42152 302
42169 291
42185 280
42201 271
42218 250
42234 252
42250 244
42267 235
42283 227
42300 219
42316 212
42332 206
42349 199
42365 193
42381 192
42398 182
42414 175
42431 181
42447 167
42463 161
42480 157
42496 155
42513 148
42529 146
42545 142
42562 135
42578 135
42594 131
42611 129
42627 126
42644 123
42660 119
42676 136
42693 167
42709 208
42725 243
42742 278
42758 306
42775 336
42792 364
42808 390
42825 417
42841 441
42857 463
42874 484
42890 506
42907 525
42923 545
42939 563
42956 579
42972 597
42988 613
43005 628
43021 642
43038 656
43054 669
43070 681
43087 691
43103 705
43119 715
43136 729
43152 735
43169 745
43185 754
43201 762
43218 775
43234 779
43251 786
43267 795
43283 800
43300 805
43316 812
43332 818
43349 823
43365 828
43382 847
43398 839
43414 843
43431 845
43447 852
43463 857
43480 860
43496 864
43513 867
43529 871
43545 874
43562 876
43578 879
43595 881
43611 885
43627 860
43644 822
43660 787
43676 754
43693 713
43709 691
43726 662
43742 635
43758 608
43775 582
43792 558
43808 536
43825 515
43841 493
43857 474
43874 454
43890 438
43907 420
43923 404
43939 387
43956 375
43972 358
43988 344
44005 333
44021 320
44038 309
44054 297
44070 287
44087 297
44103 265
44119 258
44136 246
44152 240
44169 232
44185 224
44201 217
44218 207
44234 204
44251 197
44267 193
44283 186
44300 180
44316 174
44332 169
44349 165
44365 159
44382 159
44398 152
44414 148
44431 142
44447 141
44463 137
44480 134
44496 131
44513 128
44529 124
44545 122
44562 120
44578 147
44595 184
44611 221
44627 253
44644 285
44660 312
44676 344
44693 371
44709 397
44726 424
44742 447
44758 470
44776 492
44792 511
44808 533
44825 551
44841 568
44857 587
44874 602
44890 587
44907 633
44923 647
44939 669
44956 673
44972 685
44988 697
45005 708
45021 713
45038 729
45054 739
45070 745
45087 757
45103 766
45120 773
45136 781
45152 784
45169 795
45185 803
45201 809
45218 814
45234 818
45251 825
45267 831
45283 836
45300 841
45316 845
45332 848
45349 854
45365 857
45382 845
45398 865
45414 869
45431 877
45447 874
45464 878
45480 880
45496 884
45513 885
45529 849
45545 813
45562 777
45578 744
45595 713
45611 683
45627 655
45644 628
45660 601
45676 576
45693 539
45709 531
45726 508
45742 492
45758 469
45776 449
45792 432
45808 415
45825 399
45841 384
45858 369
45874 354
45890 342
45907 329
45923 317
45939 306
45956 295
45972 285
45989 274
46005 262
46021 255
46038 246
46054 237
46070 230
46087 202
46103 216
46120 208
46136 202
46152 194
46169 189
46185 183
46202 178
46218 132
46234 168
46251 164
46267 158
46283 155
46300 151
46316 147
46333 144
46349 139
46365 135
46382 139
46398 129
46414 126
46431 129
46447 120
46464 119
46480 159
46496 196
46513 230
46529 263
46546 294
46562 322
46578 353
46595 380
46611 405
46627 431
46644 453
46660 477
46677 497
46693 509
46709 537
46726 556
46742 569
46758 591
46775 607
46792 622
46808 637
46825 650
46841 665
46857 676
46874 689
46890 700
46906 711
46923 722
46939 731
46956 741
46972 750
46988 760
47005 767
47021 775
47037 784
47054 790
47070 796
47087 815
47103 810
47119 816
47136 822
47152 827
47169 832
47185 838
47201 842
47218 844
47234 851
47250 856
47267 860
47283 863
47300 866
47316 870
47332 873
47349 876
47365 879
47381 880
47398 884
47414 876
47431 840
47447 802
47463 768
47480 735
47496 705
47513 674
47529 646
47545 621
47562 594
47578 570
47594 547
47611 524
47627 504
47644 483
47660 465
47676 446
47693 421
47709 411
47725 396
47742 380
47758 366
47775 352
47792 339
47808 326
47825 314
47841 302
47857 292
47874 281
47890 271
47907 261
47923 252
47939 245
47956 235
47972 228
47988 221
48005 214
48021 207
48038 201
48054 194
48070 188
48087 176
48103 177
48119 172
48136 168
48152 162
48169 158
48185 153
48201 149
48218 143
48234 142
48251 140
48267 134
48283 133
48300 129
48316 127
48332 123
48349 119
48365 132
48382 165
48398 205
48414 238
48431 267
48447 303
48463 332
48480 361
48496 387
48513 413
48529 439
48545 460
48562 482
48578 503
48595 523
48611 542
48627 559
48644 577
48660 596
48676 611
48693 615
48709 641
48726 654
48742 667
48758 680
48775 692
48792 704
48808 715
48825 724
48841 735
48857 743
48874 753
48890 762
48907 770
48923 778
48939 785
48956 792
48972 799
48988 805
49005 811
49021 817
49038 823
49054 828
49070 833
49087 849
49103 843
49119 848
49136 852
49152 856
49169 860
49185 863
49201 867
49218 850
49234 873
49251 875
49267 881
49283 882
49300 884
49316 864
49332 827
49349 791
49365 758
49382 739
49398 694
49414 666
49431 641
49447 612
49463 586
49480 562
49496 539
49513 518
49529 498
49545 477
49562 454
49578 441
49595 424
49611 407
49627 390
49644 376
49660 362
49676 347
49693 336
49709 322
49726 309
49742 299
49758 288
49776 279
49792 268
49808 259
49825 252
49841 242
49857 231
49874 225
49890 218
49907 212
49923 204
49939 198
49956 191
49972 187
49988 182
50005 176
50021 170
50038 166
50054 162
50070 157
50087 165
50103 149
50120 144
50136 142
50152 137
50169 135
50185 132
50201 127
50218 148
50234 122
50251 119
50267 146
50283 182
50300 216
50316 250
50332 282
50349 312
50365 341
50382 359
50398 396
50414 420
50431 449
50447 468
50464 488
50480 510
50496 530
50513 546
50529 566
50545 584
50562 608
50578 615
50595 631
50611 645
50627 658
50644 671
50660 684
50676 696
50693 701
50709 717
50726 729
50742 739
50758 746
50776 756
50792 765
50808 772
50825 781
50841 787
50858 794
50874 801
50890 808
50907 814
50923 820
50939 826
50956 837
50972 834
50989 840
51005 844
51021 849
51038 852
51054 857
51070 859
51087 873
51103 868
51120 872
51136 876
51152 878
51169 881
51185 883
51202 884
51218 863
51234 814
51251 780
51267 747
51283 715
51300 684
51316 657
51333 629
51349 603
51365 579
51382 575
51398 532
51414 510
51431 499
51447 470
51464 453
51480 434
51496 417
51513 401
51529 387
51546 371
51562 308
51578 344
51595 332
51611 320
51627 307
51644 296
51660 285
51677 275
51693 265
51709 256
51726 248
51742 238
51758 231
51775 223
51792 248
51808 209
51825 202
51841 190
51857 191
51874 184
51890 157
51906 175
51923 168
51939 165
51956 160
51972 155
51988 152
52005 148
52021 143
52037 136
52054 137
52070 132
52087 130
52103 127
52119 124
52136 121
52152 118
52169 156
52185 192
52201 227
52218 260
52234 293
52250 321
52267 363
52283 378
52300 404
52316 428
52332 452
52349 475
52365 495
52381 510
52398 535
52414 554
52431 571
52447 589
52463 605
52480 623
52496 636
52513 649
52529 663
52545 675
52562 687
52578 699
52594 710
52611 720
52627 730
52644 739
52660 749
52676 758
52693 766
52709 773
52725 783
52742 790
52758 797
52775 804
52792 808
52808 812
52825 823
52841 826
52857 831
52874 837
52890 842
52907 845
52923 850
52939 855
52956 858
52972 862
52988 869
53005 868
53021 872
53038 875
53054 877
53070 881
53087 884
53103 883
53119 829
53136 803
53152 770
53169 734
53185 705
53201 676
53218 648
53234 621
53251 602
53267 571
53283 547
53300 525
53316 503
53332 484
53349 464
53365 447
53382 432
53398 412
53414 396
53431 383
53447 366
53463 352
53480 340
53496 326
53513 314
53529 303
53545 292
53562 283
53578 271
53595 263
53611 253
53627 246
53644 236
53660 228
53676 221
53693 206
53709 207
53726 200
53742 197
53758 187
53775 183
53792 177
53808 172
53825 168
53841 162
53857 159
53874 153
53890 150
53907 145
53923 143
53939 139
53956 133
53972 133
53988 129
54005 126
54021 123
54038 119
54054 128
54070 167
54087 207
54103 238
54119 271
54136 302
54152 332
54169 359
54185 386
54201 411
54218 422
54234 459
54251 481
54267 503
54283 523
54300 542
54316 560
54332 578
54349 595
54365 610
54382 614
54398 638
54414 652
54431 665
54447 679
54463 691
54480 702
54496 714
54513 724
54529 734
54545 744
54562 776
54578 761
54595 769
54611 778
54627 784
54644 792
54660 798
54676 805
54693 802
54709 817
54726 822
54742 825
54758 833
54776 838
54792 843
54808 849
54825 851
54841 856
54857 859
54874 863
54890 867
54907 870
54923 872
54939 876
54956 881
54972 881
54988 884
55005 866
55021 828
55038 793
55054 761
55070 728
55087 714
55103 668
55120 639
55136 614
55152 588
55169 564
55185 541
55201 519
55218 507
55234 478
55251 459
55267 440
55283 424
55300 408
55316 391
55332 377
55349 363
55365 349
55382 333
55398 323
55414 311
55431 294
55447 289
55464 277
55480 269
55496 259
55513 250
55529 241
55545 234
55562 208
55578 218
55595 212
55611 206
55627 197
55644 193
55660 187
55676 182
55693 173
55709 171
55726 167
55742 165
55758 157
55776 152
55792 148
55808 144
55825 142
55841 139
55858 135
55874 132
55890 128
55907 125
55923 122
55939 120
55956 88
55972 178
55989 216
56005 247
56021 280
56038 310
56054 339
56070 367
56087 394
56103 417
56120 443
56136 469
56152 488
56169 507
56185 527
56202 548
56218 571
56234 582
56251 600
56267 616
56283 629
56300 643
56316 658
56333 671
56349 682
56365 695
56382 720
56398 716
56414 728
56431 736
56447 746
56464 754
56480 765
56496 771
56513 779
56529 787
56546 793
56562 784
56578 807
56595 813
56611 818
56627 825
56644 828
56660 834
56677 839
56693 844
56709 848
56726 852
56742 856
56758 861
56775 865
56792 869
56808 873
56825 875
56841 878
56857 880
56874 884
56890 886
56906 855
56923 818
56939 783
56956 750
56972 718
56988 688
57005 659
57021 632
57037 605
57054 580
57070 557
57087 536
57103 512
57119 493
57136 472
57152 453
57169 436
57185 419
57201 403
57218 401
57234 372
57250 358
57267 344
57283 332
57300 320
57316 308
57332 297
57349 285
57365 277
57381 260
57398 257
57414 247
57431 242
57447 233
57463 224
57480 216
57496 210
57513 203
57529 198
57545 192
57562 185
57578 181
57594 175
57611 170
57627 165
57644 161
57660 156
57676 153
57693 154
57709 144
57725 141
57742 140
57758 133
57775 130
57792 126
57808 125
57825 122
57841 119
57857 153
57874 189
57890 225
57907 258
57923 289
57939 319
57956 350
57972 376
57988 402
58005 426
58021 450
58038 473
58054 494
58070 514
58087 527
58103 553
58119 570
58136 595
58152 604
58169 619
58185 634
58201 649
58218 650
58234 675
58251 686
58267 703
58283 710
58300 720
58316 731
58332 740
58349 749
58365 758
58382 777
58398 774
58414 781
58431 788
58447 796
58463 802
58480 808
58496 816
58513 820
58529 826
58545 832
58562 838
58578 841
58595 845
58611 850
58627 855
58644 858
58660 861
58676 863
58693 867
58709 872
58726 874
58742 880
58758 881
58775 883
58792 886
58808 843
58825 807
58841 772
58857 739
58874 708
58890 678
58907 650
58923 623
58939 597
58956 569
58972 549
58988 527
59005 509
59021 485
59038 467
59054 445
59070 431
59087 412
59103 397
59119 382
59136 368
59152 354
59169 341
59185 327
59201 316
59218 304
59234 294
59251 283
59267 272
59283 263
59300 255
59316 245
59332 237
59349 229
59365 221
59382 209
59398 208
59414 200
59431 220
59447 189
59463 185
59480 176
59496 174
59513 168
59529 162
59545 159
59562 155
59578 149
59595 146
59611 144
59627 138
59644 135
59660 132
59676 130
59693 126
59709 123
59726 121
59742 117
59758 163
59776 201
59792 236
59808 267
59825 299
59841 329
59857 363
59874 383
59890 410
59907 413
59923 457
59939 479
59956 500
59972 519
59988 540
60005 560
60021 576
60038 576
60054 608
60070 624
60087 632
60103 653
60120 666
60136 678
60152 692
60169 702
60185 713
60201 724
60218 742
60234 743
60251 752
60267 760
60283 768
60300 776
60316 784
60332 791
60349 798
60365 803
60382 804
60398 818
60414 822
60431 821
60447 833
60464 838
60480 843
60496 846
60513 851
60529 855
60545 861
60562 869
60578 866
60595 871
60611 873
60627 877
60644 879
60660 882
60676 885
60693 864
60709 833
60726 798
60742 764
60758 731
60776 698
60792 669
60808 641
60825 616
60841 589
60858 566
60874 543
60890 521
60907 499
60923 479
60939 461
60956 437
60972 424
60989 408
61005 392
61021 378
61038 364
61054 348
61070 337
61087 324
61103 311
61120 301
61136 290
61152 279
61169 270
61185 263
61202 251
61218 246
61234 235
61251 227
61267 220
61283 213
61300 204
61316 198
61333 194
61349 186
61365 181
61382 171
61398 172
61414 166
61431 158
61447 158
61464 153
61480 150
61496 145
61513 140
61529 138
61546 135
61562 101
61578 129
61595 125
61611 123
61627 120
61644 138
61660 175
61677 210
61693 245
61709 277
61726 308
61742 334
61758 365
61775 392
61792 417
61808 442
61825 464
61841 486
61857 507
61874 528
61890 546
61906 565
61923 582
61939 599
61956 614
61972 629
61988 643
62005 656
62021 669
62037 681
62054 695
62070 705
62087 728
62103 727
62119 736
62136 745
62152 755
62169 762
62185 770
62201 779
62218 784
62234 793
62250 799
62267 802
62283 813
62300 819
62316 824
62332 829
62349 834
62365 838
62381 839
62398 848
62414 853
62431 858
62447 859
62463 864
62480 867
62496 871
62513 874
62529 877
62545 880
62562 882
62578 885
62594 858
62611 821
62627 786
62644 753
62660 720
62676 690
62693 641
62709 634
62725 608
62742 588
62758 559
62775 535
62792 513
62808 493
62825 472
62841 454
62857 437
62874 418
62890 402
62907 387
62923 373
62939 358
62956 347
62972 332
62988 319
63005 307
63021 297
63038 288
63054 275
63070 267
63087 257
63103 249
63119 240
63136 241
63152 224
63169 217
63185 212
63201 203
63218 201
63234 192
63251 185
63267 188
63283 174
63300 169
63316 164
63332 160
63349 156
63365 152
63382 168
63398 144
63414 140
63431 137
63447 133
63463 132
63480 127
63496 124
63513 121
63529 121
63545 151
63562 174
63578 221
63595 254
63611 286
63627 317
63644 344
63660 372
63676 399
63693 410
63709 446
63726 470
63742 494
63758 513
63775 534
63792 552
63808 570
63825 587
63841 602
63857 618
63874 633
63890 647
63907 660
63923 674
63939 685
63956 702
63972 708
63988 719
64005 730
64021 740
64038 749
64054 757
64070 766
64087 787
64103 781
64119 788
64136 790
64152 802
64169 808
64185 815
64201 820
64218 834
64234 831
64251 835
64267 840
64283 845
64300 849
64316 854
64332 857
64349 861
64365 864
64382 870
64398 871
64414 875
64431 880
64447 880
64463 883
64480 886
64496 847
64513 811
64529 775
64545 743
64562 710
64578 681
64595 653
64611 626
64627 599
64644 576
64660 552
64676 529
64693 524
64709 488
64726 469
64742 448
64758 432
64776 414
64792 397
64808 382
64825 367
64841 355
64857 341
64874 328
64890 317
64907 304
64923 295
64939 283
64956 283
64972 263
64988 254
65005 247
65021 237
65038 228
65054 222
65070 215
65087 200
65103 201
65120 195
65136 189
65152 184
65169 177
65185 173
65201 168
65218 149
65234 159
65251 154
65267 149
65283 146
65300 144
65316 140
65332 136
65349 133
65365 130
65382 115
65398 124
65414 122
65431 118
65447 160
65464 197
65480 232
65496 264
65513 295
65529 325
65545 354
65562 382
65578 407
65595 430
65611 454
65627 477
65644 498
65660 519
65676 538
65693 560
65709 574
65726 591
65742 614
65758 623
65776 636
65792 658
65808 664
65825 677
65841 693
65858 701
65874 712
65890 725
65907 732
65923 741
65939 751
65956 759
65972 768
65989 776
66005 783
66021 792
66038 797
66054 804
66070 812
66087 817
66103 822
66120 819
66136 833
66152 837
66169 830
66185 846
66202 851
66218 857
66234 859
66251 861
66267 868
66283 870
66300 873
66316 877
66333 878
66349 882
66365 884
66382 872
66398 836
66414 801
66431 768
66447 733
66464 703
66480 672
66496 644
66513 619
66529 593
66546 568
66562 546
66578 519
66595 502
66611 482
66627 463
66644 444
66660 426
66677 411
66693 394
66709 379
66726 365
66742 351
66758 338
66775 324
66792 313
66808 301
66825 291
66841 281
66857 286
66874 262
66890 252
66906 236
66923 235
66939 228
66956 222
66972 213
66988 206
67005 199
67021 193
67037 188
67054 182
67070 177
67087 166
67103 167
67119 162
67136 158
67152 154
67169 150
67185 149
67201 143
67218 128
67234 135
67250 132
67267 127
67283 126
67300 124
67316 120
67332 132
67349 171
67365 207
67381 223
67398 273
67414 304
67431 332
67447 362
67463 387
67480 413
67496 437
67513 459
67529 483
67545 504
67562 573
67578 543
67594 560
67611 579
67627 597
67644 612
67660 627
67676 641
67693 636
67709 669
67725 680
67742 690
67758 704
67775 714
67792 724
67808 735
67825 745
67841 754
67857 762
67874 771
67890 778
67907 785
67923 792
67939 799
67956 834
67972 812
67988 817
68005 823
68021 829
68038 834
68054 839
68070 843
68087 835
68103 851
68119 855
68136 862
68152 863
68169 867
68185 871
68201 873
68218 893
68234 880
68251 882
68267 886
68283 862
68300 826
68316 791
68332 756
68349 725
68365 694
68382 658
68398 638
68414 611
68431 589
68447 562
68463 538
68480 517
68496 496
68513 475
68529 457
68545 440
68562 426
68578 406
68595 389
68611 375
68627 361
68644 347
68660 334
68676 321
68693 307
68709 299
68726 289
68742 275
68758 269
68775 258
68792 249
68808 241
68825 232
68841 226
68857 218
68874 212
68890 204
68907 199
68923 191
68939 186
68956 161
68972 176
68988 170
69005 166
69021 161
69038 158
69054 152
69070 148
69087 162
69103 140
69119 138
69136 133
69152 131
69169 127
69185 125
69201 122
69218 125
69234 145
69251 182
69267 219
69283 251
69300 283
69316 313
69332 343
69349 370
69365 396
69382 401
69398 445
69414 468
69431 487
69447 510
69463 531
69480 548
69496 567
69513 584
69529 601
69545 617
69562 602
69578 646
69595 659
69611 680
69627 683
69644 695
69660 707
69676 717
69693 731
69709 739
69726 747
69742 752
69758 764
69776 773
69792 780
69808 787
69825 794
69841 801
69857 807
69874 814
69890 819
69907 825
69923 830
69939 836
69956 842
69972 845
69988 851
70005 854
70021 858
70038 862
70054 865
70070 868
70087 873
70103 875
70120 877
70136 879
70152 883
70169 885
70185 850
70201 814
70218 777
70234 747
70251 715
70267 685
70283 655
70300 629
70316 603
70332 578
70349 554
70365 531
70382 504
70398 490
70414 470
70431 453
70447 435
70464 417
70480 401
70496 385
70513 371
70529 356
70545 342
70562 352
70578 319
70595 307
70611 288
70627 286
70644 276
70660 265
70676 255
70693 251
70709 238
70726 232
70742 226
70758 216
70776 209
70792 202
70808 196
70825 190
70841 183
70858 179
70874 173
70890 168
70907 164
70923 160
70939 156
70956 164
70972 147
70989 144
71005 132
71021 137
71038 134
71054 129
71070 128
71087 141
71103 121
71120 119
71136 159
71152 194
71169 228
71185 261
71202 293
71218 323
71234 353
71251 379
71267 412
71283 430
71300 453
71316 475
71333 497
71349 516
71365 537
71382 567
71398 574
71414 588
71431 606
71447 621
71464 637
71480 650
71496 663
71513 677
71529 688
71546 700
71562 713
71578 721
71595 731
71611 745
71627 749
71644 759
71660 767
71677 775
71693 784
71709 790
71726 797
71742 803
71758 810
71775 816
71792 821
71808 827
71825 831
71841 837
71857 843
71874 846
71890 850
71906 854
71923 860
71939 861
71956 886
71972 869
71988 873
72005 874
72021 877
72037 882
72054 884
72070 876
72087 837
72103 802
72119 768
72136 733
72152 705
72169 675
72185 647
72201 620
72218 576
72234 570
72250 547
72267 522
72283 503
72300 484
72316 462
72332 445
72349 428
72365 411
72381 375
72398 380
72414 365
72431 345
72447 339
72463 326
72480 314
72496 303
72513 291
72529 281
72545 271
72562 271
72578 253
72594 247
72611 236
72627 230
72644 220
72660 213
72676 207
72693 208
72709 195
72725 187
72742 186
72758 177
72775 172
72792 168
72808 163
72825 157
72841 154
72857 150
72874 145
72890 142
72907 139
72923 135
72939 132
72956 130
72972 125
72988 124
73005 120
73021 125
73038 169
73054 206
73070 235
73087 271
73103 302
73119 333
73136 360
73152 386
73169 411
73185 436
73201 459
73218 489
73234 504
73251 523
73267 535
73283 561
73300 577
73316 595
73332 611
73349 627
73365 640
73382 656
73398 666
73414 680
73431 691
73447 702
73463 714
73480 724
73496 734
73513 743
73529 753
73545 761
73562 769
73578 780
73595 785
73611 792
73627 799
73644 805
73660 811
73676 817
73693 823
73709 828
73726 834
73742 838
73758 842
73775 847
73792 852
73808 856
73825 860
73841 863
73857 869
73874 870
73890 872
73907 853
73923 880
73939 881
73956 882
73972 864
73988 827
74005 792
74021 757
74038 725
74054 695
74070 666
74087 641
74103 612
74119 586
74136 556
74152 540
74169 517
74185 497
74201 477
74218 459
74234 440
74251 423
74267 406
74283 391
74300 376
74316 363
74332 347
74349 335
74365 323
74382 304
74398 300
74414 289
74431 273
74447 269
74463 260
74480 250
74496 241
74513 234
74529 225
74545 218
74562 202
74578 204
74595 199
74611 190
74627 187
74644 182
74660 176
74676 171
74693 154
74709 161
74726 157
74742 150
74758 148
74776 144
74792 141
74808 138
74825 133
74841 131
74857 128
74874 125
74890 123
74907 120
74923 142
74939 180
74956 223
74972 249
74988 280
75005 315
75021 340
75038 368
75054 397
75070 419
75087 442
75103 467
75120 488
75136 510
75152 530
75169 547
75185 564
75201 584
75218 600
75234 616
75251 631
75267 644
75283 661
75300 672
75316 684
75332 695
75349 706
75365 717
75382 725
75398 738
75414 746
75431 775
75447 764
75464 771
75480 779
75496 787
75513 794
75529 800
75545 808
75562 813
75578 820
75595 825
75611 829
75627 835
75644 840
75660 844
75676 849
75693 853
75709 855
75726 860
75742 864
75758 867
75776 872
75792 874
75808 877
75825 881
75841 883
75858 884
75874 854
75890 817
75907 779
75923 749
75939 716
75956 688
75972 658
75989 631
76005 606
76021 580
76038 555
76054 534
76070 511
76087 491
76103 471
76120 453
76136 443
76152 418
76169 402
76185 386
76202 370
76218 358
76234 344
76251 331
76267 321
76283 307
76300 297
76316 285
76333 276
76349 266
76365 256
76382 243
76398 238
76414 233
76431 224
76447 217
76464 210
76480 203
76496 197
76513 191
76529 184
76546 180
76562 174
76578 170
76595 165
76611 165
76627 156
76644 152
76660 147
76677 144
76693 131
76709 137
76726 134
76742 138
76758 128
76775 125
76792 122
76808 120
76825 153
76841 189
76857 224
76874 258
76890 289
76906 320
76923 349
76939 376
76956 396
76972 426
76988 450
77005 472
77021 495
77037 515
77054 534
77070 551
77087 570
77103 588
77119 604
77136 618
77152 635
77169 648
77185 662
77201 675
77218 680
77234 699
77250 710
77267 720
77283 730
77300 741
77316 749
77332 758
77349 767
77365 773
77381 774
77398 789
77414 796
77431 803
77447 809
77463 815
77480 821
77496 827
77513 832
77529 836
77545 841
77562 889
77578 850
77594 854
77611 860
77627 862
77644 865
77660 869
77676 871
77693 872
77709 877
77725 881
77742 885
77758 886
77775 842
77792 806
77808 772
77825 740
77841 708
77857 678
77874 650
77890 623
77907 597
77923 571
77939 549
77956 560
77972 507
77988 485
78005 462
78021 448
78038 429
78054 412
78070 398
78087 392
78103 369
78119 354
78136 341
78152 328
78169 315
78185 304
78201 292
78218 278
78234 273
78251 262
78267 256
78283 245
78300 236
78316 229
78332 219
78349 214
78365 208
78382 204
78398 195
78414 189
78431 186
78447 179
78463 173
78480 168
78496 164
78513 157
78529 154
78545 150
78562 155
78578 143
78595 139
78611 136
78627 132
78644 129
78660 126
78676 123
78693 128
78709 119
78726 163
78742 200
78758 233
78775 268
78792 299
78808 329
78825 358
78841 383
78857 409
78874 435
78890 457
78907 479
78923 501
78939 521
78956 496
78972 558
78988 576
79005 598
79021 610
79038 624
79054 639
79070 653
79087 677
79103 679
79119 690
79136 700
79152 713
79169 724
79185 733
79201 742
79218 750
79234 760
79251 768
79267 777
79283 785
79300 792
79316 798
79332 805
79349 810
79365 817
79382 821
79398 827
79414 833
79431 836
79447 842
79463 847
79480 851
79496 855
79513 860
79529 862
79545 866
79562 872
79578 873
79595 876
79611 875
79627 882
79644 885
79660 870
79676 832
79693 801
79709 764
79726 729
79742 700
79758 670
79776 641
79792 616
79808 589
79825 566
79841 542
79857 521
79874 499
79890 479
79907 460
79923 442
79939 425
79956 408
79972 368
79988 378
80005 363
80021 350
80038 336
80054 324
80070 307
80087 301
80103 289
80120 283
80136 270
80152 260
80169 251
80185 243
80201 235
80218 226
80234 219
80251 212
80267 205
80283 199
80300 194
80316 187
80332 182
80349 177
80365 171
80382 144
80398 161
80414 157
80431 150
80447 149
80464 144
80480 139
80496 138
80513 135
80529 125
80545 128
80562 125
80578 126
80595 121
80611 137
80627 176
80644 211
80660 245
80676 276
80693 307
80709 337
80726 364
80742 390
80758 416
80776 442
80792 465
80808 487
80825 506
80841 527
80858 531
80874 563
80890 582
80907 579
80923 614
80939 630
80956 641
80972 657
80989 670
81005 690
81021 694
81038 706
81054 714
81070 727
81087 736
81103 745
81120 754
81136 762
81152 771
81169 780
81185 788
81202 793
81218 800
81234 807
81251 811
81267 819
81283 825
81300 829
81316 834
81333 840
81349 843
81365 848
81382 847
81398 856
81414 860
81431 870
81447 868
81464 872
81480 874
81496 877
81513 879
81529 882
81546 885
81562 858
81578 820
81595 785
81611 746
81627 721
81644 690
81660 662
81677 634
81693 605
81709 582
81726 560
81742 537
81758 514
81775 494
81792 474
81808 455
81825 435
81841 420
81857 404
81874 388
81890 372
81906 359
81923 345
81939 332
81956 337
81972 309
81988 298
82005 290
82021 276
82037 268
82054 258
82070 249
82087 241
82103 234
82119 225
82136 219
82152 210
82169 203
82185 198
82201 191
82218 181
82234 181
82250 175
82267 168
82283 165
82300 161
82316 156
82332 152
82349 148
82365 145
82381 146
82398 137
82414 133
82431 137
82447 127
82463 125
82480 123
82496 120
82513 148
82529 184
82545 221
82562 258
82578 286
82594 316
82611 347
82627 372
82644 398
82660 423
82676 447
82693 471
82709 490
82725 512
82742 533
82758 550
82775 570
82792 587
82808 602
82825 618
82841 633
82857 647
82874 660
82890 673
82907 685
82923 697
82939 709
82956 729
82972 730
82988 740
83005 750
83021 756
83038 765
83054 773
83070 781
83087 793
83103 794
83119 804
83136 809
83152 814
83169 820
83185 824
83201 831
83218 834
83234 840
83251 845
83267 848
83283 853
83300 858
83316 861
83332 865
83349 869
83365 872
83382 865
83398 878
83414 881
83431 883
83447 886
83463 846
83480 810
83496 775
83513 743
83529 711
83545 681
83562 661
83578 625
83595 598
83611 576
83627 552
83644 529
83660 509
83676 487
83693 462
83709 448
83726 432
83742 415
83758 399
83775 383
83792 367
83808 355
83825 341
83841 328
83857 316
83874 304
83890 294
83907 283
83923 274
83939 263
83956 253
83972 245
83988 237
84005 229
84021 222
84038 214
84054 208
84070 201
84087 200
84103 190
84119 184
84136 178
84152 173
84169 168
84185 162
84201 158
84218 155
84234 150
84251 146
84267 145
84283 140
84300 135
84316 133
84332 130
84349 126
84365 124
84382 119
84398 118
84414 161
84431 197
84447 231
84463 264
84480 295
84496 325
84513 353
84529 381
84545 407
84562 434
84578 455
84595 477
84611 501
84627 519
84644 539
84660 556
84676 574
84693 605
84709 607
84726 623
84742 637
84758 651
84776 663
84792 678
84808 690
84825 701
84841 712
84857 722
84874 732
84890 742
84907 751
84923 759
84939 767
84956 773
84972 784
84988 790
85005 792
85021 803
85038 811
85054 816
85070 821
85087 823
85103 833
85120 838
85136 841
85152 846
85169 850
85185 855
85201 859
85218 862
85234 865
85251 869
85267 872
85283 876
85300 879
85316 881
85332 884
85349 874
85365 835
85382 795
85398 765
85414 735
85431 702
85447 673
85464 645
85480 618
85496 592
85513 568
85529 545
85545 523
85562 502
85578 482
85595 463
85611 443
85627 427
85644 410
85660 394
85676 379
85693 370
85709 351
85726 338
85742 324
85758 313
85776 301
85792 290
85808 280
85825 270
85841 261
85858 253
85874 246
85890 235
85907 226
85923 220
85939 212
85956 205
85972 201
85989 194
86005 186
86021 181
86038 177
86054 170
86070 168
86087 164
86103 158
86120 153
86136 147
86152 146
86169 142
86185 138
86202 135
86218 131
86234 127
86251 124
86267 122
86283 120
86300 134
86316 172
86333 208
86349 241
86365 274
86382 303
86398 333
86414 363
86431 396
86447 414
86464 439
86480 461
86496 483
86513 504
86529 525
86546 543
86562 562
86578 579
86595 596
86611 606
86627 627
86644 641
86660 655
86677 668
86693 681
86709 692
86726 704
86742 716
86758 724
86775 735
86792 744
86808 754
86825 760
86841 770
86857 778
86874 783
86890 793
86906 799
86923 807
86939 811
86956 818
86972 830
86988 829
87005 835
87021 839
87037 843
87054 850
87070 851
87087 856
87103 858
87119 863
87136 868
87152 873
87169 874
87185 877
87201 881
87218 882
87234 885
87250 863
87267 825
87283 790
87300 757
87316 725
87332 694
87349 665
87365 638
87381 606
87398 586
87414 562
87431 539
87447 518
87463 496
87480 477
87496 458
87513 439
87529 422
87545 405
87562 386
87578 376
87594 362
87611 345
87627 335
87644 322
87660 310
87676 299
87693 286
87709 278
87725 269
87742 260
87758 250
87775 241
87792 233
87808 225
87825 218
87841 211
87857 203
87874 198
87890 192
87907 185
87923 179
87939 175
87956 173
87972 166
87988 162
88005 156
88021 153
88038 148
88054 145
88070 141
88087 132
88103 135
88119 131
88136 128
88152 125
88169 123
88185 120
88201 145
88218 183
88234 217
88251 251
88267 285
88283 314
88300 341
88316 370
88332 396
88349 420
88365 444
88382 460
88398 489
88414 509
88431 531
88447 549
88463 568
88480 584
88496 601
88513 616
88529 631
88545 645
88562 660
88578 672
88595 682
88611 698
88627 707
88644 717
88660 728
88676 736
88693 742
88709 756
88726 765
88742 771
88758 780
88775 787
88792 795
88808 801
88825 808
88841 814
88857 820
88874 825
88890 830
88907 835
88923 841
88939 845
88956 855
88972 854
88988 857
89005 862
89021 865
89038 867
89054 871
89070 875
89087 892
89103 880
89119 884
89136 886
89152 851
89169 814
89185 779
89201 746
89218 714
89234 684
89251 656
89267 627
89283 602
89300 578
89316 554
89332 533
89349 511
89365 490
89382 467
89398 452
89414 434
89431 418
89447 400
89463 384
89480 372
89496 356
89513 344
89529 330
89545 319
89562 307
89578 303
89595 285
89611 275
89627 265
89644 256
89660 248
89676 239
89693 232
89709 223
89726 216
89742 210
89758 203
89776 196
89792 189
89808 185
89825 179
89841 174
89857 172
89874 164
89890 160
89907 161
89923 151
89939 147
89956 144
89972 140
89988 137
90005 135
90021 130
90038 127
90054 125
90070 122
90087 119
90103 154
90120 193
90136 227
90152 260
90169 291
90185 332
90201 351
90218 377
90234 401
90251 429
90267 453
90283 474
90300 497
90316 516
90332 537
90349 555
90365 573
90382 600
90398 607
90414 621
90431 635
90447 649
90464 663
90480 676
90496 688
90513 699
90529 710
90545 721
90562 729
90578 741
90595 750
90611 759
90627 767
90644 775
90660 782
90676 790
90693 799
90709 803
90726 808
90742 816
90758 822
90776 826
90792 832
90808 836
90825 841
90841 846
90858 850
90874 855
90890 859
90907 862
90923 867
90939 869
90956 872
90972 876
90989 879
91005 877
91021 885
91038 877
91054 839
91070 803
91087 768
91103 735
91120 706
91136 677
91152 647
91169 619
91185 592
91202 570
91218 547
91234 524
91251 502
91267 485
91283 463
91300 446
91316 428
91333 412
91349 398
91365 380
91382 366
91398 353
91414 339
91431 320
91447 315
91464 303
91480 292
91496 281
91513 272
91529 263
91546 253
91562 256
91578 234
91595 228
91611 222
91627 214
91644 206
91660 200
91677 192
91693 187
91709 183
91726 179
91742 174
91758 168
91775 163
91792 159
91808 154
91825 149
91841 146
91857 142
91874 139
91890 135
91906 133
91923 130
91939 126
91956 117
91972 119
91988 130
92005 167
92021 204
92037 239
92054 271
92070 301
92087 324
92103 361
92119 386
92136 412
92152 436
92169 459
92185 482
92201 504
92218 523
92234 542
92250 562
92267 570
92283 595
92300 608
92316 625
92332 640
92349 654
92365 667
92381 672
92398 692
92414 702
92431 713
92447 723
92463 734
92480 745
92496 753
92513 761
92529 770
92545 777
92562 783
92578 792
92594 799
92611 800
92627 811
92644 817
92660 823
92676 828
92693 845
92709 838
92725 843
92742 843
92758 851
92775 855
92792 859
92808 864
92825 867
92841 870
92857 873
92874 876
92890 879
92907 881
92923 886
92939 864
92956 827
92972 793
92988 757
93005 725
93021 696
93038 667
93054 639
93070 613
93087 594
93103 562
93119 539
93136 509
93152 496
93169 476
93185 457
93201 440
93218 424
93234 406
93251 390
93267 379
93283 361
93300 347
93316 335
93332 323
93349 311
93365 298
93382 288
93398 278
93414 269
93431 260
93447 250
93463 242
93480 233
93496 226
93513 218
93529 211
93545 204
93562 198
93578 192
93595 186
93611 180
93627 176
93644 170
93660 167
93676 162
93693 159
93709 153
93726 149
93742 142
93758 142
93775 138
93792 134
93808 130
93825 128
93841 125
93857 125
93874 120
93890 143
93907 180
93923 216
93939 249
93956 288
93972 311
93988 340
94005 351
94021 395
94038 420
94054 444
94070 466
94087 489
94103 518
94119 530
94136 548
94152 565
94169 582
94185 600
94201 614
94218 631
94234 645
94251 658
94267 670
94283 683
94300 694
94316 706
94332 716
94349 728
94365 738
94382 738
94398 756
94414 765
94431 771
94447 780
94463 787
94480 794
94496 801
94513 807
94529 814
94545 818
94562 826
94578 829
94595 835
94611 839
94627 843
94644 848
94660 851
94676 856
94693 852
94709 864
94726 867
94742 872
94758 874
94776 877
94792 880
94808 883
94825 885
94841 852
94857 816
94874 781
94890 748
94907 716
94923 687
94939 658
94956 629
94972 604
94988 580
95005 557
95021 533
95038 511
95054 492
95070 472
95087 453
95103 435
95120 418
95136 402
95152 385
95169 371
95185 358
95201 345
95218 331
95234 320
95251 308
95267 297
95283 286
95300 275
95316 265
95332 256
95349 248
95365 239
95382 236
95398 223
95414 215
95431 214
95447 203
95464 197
95480 191
95496 186
95513 180
95529 174
95545 169
95562 178
95578 161
95595 155
95611 154
95627 147
95644 145
95660 140
95676 137
95693 120
95709 130
95726 127
95742 120
95758 122
95776 120
95792 155
95808 190
95825 226
95841 259
95858 290
95874 320
95890 349
95907 376
95923 403
95939 426
95956 460
95972 473
95989 494
96005 516
96021 536
96038 554
96054 572
96070 590
96087 604
96103 620
96120 634
96136 647
96152 662
96169 675
96185 686
96202 699
96218 709
96234 719
96251 730
96267 740
96283 750
96300 757
96316 766
96333 774
96349 782
96365 789
96382 796
96398 803
96414 808
96431 814
96447 822
96464 826
96480 832
96496 836
96513 841
96529 845
96546 849
96562 871
96578 859
96595 862
96611 867
96627 869
96644 873
96660 875
96677 877
96693 881
96709 884
96726 886
96742 845
96758 808
96775 771
96792 739
96808 708
96825 679
96841 651
96857 622
96874 597
96890 572
96906 549
96923 526
96939 506
96956 484
96972 466
96988 449
97005 423
97021 412
97037 397
97054 383
97070 368
97087 350
97103 341
97119 328
97136 316
97152 305
97169 294
97185 283
97201 273
97218 263
97234 255
97250 245
97267 241
97283 228
97300 222
97316 214
97332 208
97349 201
97365 195
97381 206
97398 184
97414 178
97431 174
97447 168
97463 164
97480 159
97496 154
97513 150
97529 146
97545 143
97562 139
97578 136
97594 133
97611 135
97627 127
97644 123
97660 120
97676 118
97693 167
97709 199
97725 235
97742 267
97758 298
97775 329
97792 357
97808 383
97825 410
97841 433
97857 458
97874 479
97890 502
97907 521
97923 540
97939 559
97956 575
97972 593
97988 610
98005 627
98021 639
98038 653
98054 667
98070 679
98087 693
98103 702
98119 713
98136 722
98152 733
98169 742
98185 752
98201 761
98218 770
98234 776
98251 785
98267 793
98283 799
98300 805
98316 810
98332 817
98349 822
98365 828
98382 832
98398 837
98414 842
98431 850
98447 851
98463 856
98480 859
98496 863
98513 866
98529 870
98545 874
98562 874
98578 880
98595 882
98611 880
98627 869
98644 832
98660 796
98676 762
98693 730
98709 700
98726 670
98742 643
98758 615
98775 589
98792 565
98808 542
98825 521
98841 500
98857 479
98874 461
98890 442
98907 425
98923 408
98939 392
98956 377
98972 362
98988 350
99005 333
99021 323
99038 310
99054 301
99070 287
99087 277
99103 270
99119 260
99136 251
99152 243
99169 235
99185 225
99201 219
99218 212
99234 206
99251 199
99267 195
99283 187
99300 181
99316 175
99332 171
99349 166
99365 161
99382 152
99398 154
99414 148
99431 146
99447 143
99463 137
99480 135
99496 133
99513 129
99529 126
99545 124
99562 127
99578 138
99595 176
99611 214
99627 245
99644 277
99660 307
99676 335
99693 364
99709 392
99726 417
99742 444
99758 463
99776 486
99792 508
99808 528
99825 546
99841 565
99857 582
99874 599
99890 614
99907 629
99923 644
99939 657
99956 671
99972 682
99988 694
100005 707
100021 716
100038 726
100054 736
100070 746
100087 753
100103 763
100120 772
100136 779
100152 787
100169 794
100185 800
100201 809
100218 813
100234 818
100251 824
100267 830
100283 834
100300 839
100316 844
100332 847
100349 852
100365 856
100382 861
100398 865
100414 868
100431 871
100447 875
100464 876
100480 880
100496 884
100513 885
100529 857
100545 820
100562 781
100578 751
100595 720
100611 689
100627 663
100644 635
100660 606
100676 582
100693 569
100709 536
100726 514
100742 488
100758 474
100776 453
100792 435
100808 419
100825 403
100841 388
100858 372
100874 359
100890 345
100907 332
100923 319
100939 308
100956 291
100972 286
100989 275
101005 262
101021 257
101038 248
101054 239
101070 232
101087 224
101103 218
101120 210
101136 204
101152 197
101169 191
101185 186
101202 178
101218 175
101234 170
101251 164
101267 160
101283 156
101300 151
101316 148
101333 144
101349 140
101365 137
101382 125
101398 130
101414 127
101431 137
101447 121
101464 120
101480 150
101496 186
101513 222
101529 256
101546 287
101562 318
101578 342
101595 374
101611 400
101627 428
101644 448
101660 472
101677 492
101693 514
101709 532
101726 553
101742 569
101758 587
101775 603
101792 619
101808 633
101825 648
101841 661
101857 674
101874 686
101890 698
101906 708
101923 719
101939 730
101956 738
101972 748
101988 757
102005 765
102021 773
102037 781
102054 789
102070 795
102087 803
102103 811
102119 814
102136 821
102152 826
102169 830
102185 836
102201 841
102218 846
102234 839
102250 853
102267 857
102283 855
102300 865
102316 868
102332 872
102349 875
102365 877
102381 884
102398 884
102414 886
102431 843
102447 810
102463 775
102480 741
102496 711
102513 680
102529 652
102545 625
102562 598
102578 575
102594 551
102611 538
102627 508
102644 487
102660 467
102676 449
102693 431
102709 413
102725 399
102742 377
102758 369
102775 355
102792 341
102808 329
102825 317
102841 305
102857 292
102874 284
102890 274
102907 264
102923 254
102939 245
102956 236
102972 230
102988 221
103005 217
103021 209
103038 201
103054 196
103070 189
103087 184
103103 178
103119 173
103136 160
103152 162
103169 158
103185 154
103201 151
103218 146
103234 141
103251 138
103267 136
103283 132
103300 131
103316 127
103332 124
103349 120
103365 117
103382 161
103398 199
103414 233
103431 264
103447 298
103463 327
103480 354
103496 381
103513 407
103529 432
103545 455
103562 490
103578 499
103595 520
103611 538
103627 558
103644 575
103660 591
103676 606
103693 613
103709 638
103726 651
103742 669
103758 678
103775 690
103792 702
103808 713
103825 723
103841 732
103857 742
103874 752
103890 759
103907 768
103923 776
103939 783
103956 790
103972 798
103988 804
104005 805
104021 816
104038 822
104054 828
104070 832
104087 836
104103 842
104119 847
104136 857
104152 856
104169 858
104185 864
104201 866
104218 870
104234 872
104251 876
104267 878
104283 881
104300 884
104316 872
104332 834
104349 798
104365 764
104382 734
104398 701
104414 672
104431 643
104447 617
104463 591
104480 567
104496 543
104513 521
104529 502
104545 481
104562 482
104578 443
104595 426
104611 414
104627 393
104644 378
104660 363
104676 351
104693 351
104709 324
104726 313
104742 304
104758 290
104776 280
104792 270
104808 259
104825 251
104841 243
104857 234
104874 227
104890 220
104907 211
104923 204
104939 199
104956 187
104972 187
104988 182
105005 176
105021 172
105038 166
105054 162
105070 157
105087 154
105103 149
105120 145
105136 141
105152 139
105169 135
105185 132
105201 129
105218 125
105234 123
105251 120
105267 135
105283 173
105300 209
105316 243
105332 275
105349 305
105365 334
105382 363
105398 389
105414 414
105431 440
105447 463
105464 485
105480 506
105496 526
105513 544
105529 563
105545 581
105562 597
105578 612
105595 627
105611 635
105627 655
105644 668
105660 680
105676 693
105693 706
105709 715
105726 726
105742 741
105758 744
105776 754
105792 762
105808 771
105825 779
105841 786
105858 793
105874 801
105890 806
105907 812
105923 819
105939 824
105956 821
105972 834
105989 839
106005 842
106021 847
106038 852
106054 855
106070 860
106087 864
106103 867
106120 871
106136 878
106152 877
106169 880
106185 883
106202 885
106218 862
106234 824
106251 789
106267 749
106283 723
106300 692
106316 664
106333 636
106349 610
106365 586
106382 559
106398 537
106414 516
106431 496
106447 476
106464 457
106480 439
106496 421
106513 405
106529 390
106546 375
106562 358
106578 346
106595 334
106611 321
106627 311
106644 299
106660 288
106677 278
106693 280
106709 259
106726 250
106742 235
106758 233
106775 225
106792 219
106808 211
106825 203
106841 198
106857 192
106874 185
106890 181
106906 175
106923 170
106939 166
106956 161
106972 157
106988 153
107005 155
107021 145
107037 141
107054 139
107070 133
107087 132
107103 128
107119 125
107136 125
107152 120
107169 147
107185 183
107201 219
107218 251
107234 284
107250 314
107267 343
107283 370
107300 397
107316 422
107332 447
107349 469
107365 490
107381 502
107398 531
107414 550
107431 563
107447 585
107463 601
107480 618
107496 633
107513 647
107529 659
107545 672
107562 679
107578 696
107594 707
107611 714
107627 728
107644 737
107660 747
107676 756
107693 779
107709 772
107725 780
107742 782
107758 794
107775 801
107792 809
107808 814
107825 820
107841 825
107857 832
107874 836
107890 841
107907 845
107923 850
107939 854
107956 845
107972 861
107988 864
108005 862
108021 871
108038 874
108054 877
108070 879
108087 883
108103 886
108119 850
108136 813
108152 779
108169 745
108185 714
108201 684
108218 655
108234 623
108251 603
108267 578
108283 544
108300 531
108316 509
108332 489
108349 469
108365 451
108382 426
108398 416
108414 401
108431 393
108447 370
108463 356
108480 343
108496 330
108513 316
108529 308
108545 295
108562 284
108578 272
108595 264
108611 255
108627 247
108644 238
108660 231
108676 223
108693 216
108709 209
108726 203
108742 196
108758 190
108775 184
108792 179
108808 174
108825 169
108841 164
108857 160
108874 156
108890 151
108907 150
108923 144
108939 139
108956 140
108972 133
108988 130
109005 127
109021 125
109038 122
109054 116
109070 158
109087 194
109103 230
109119 264
109136 293
109152 323
109169 352
109185 379
109201 405
109218 429
109234 453
109251 475
109267 497
109283 507
109300 537
109316 557
109332 573
109349 590
109365 606
109382 603
109398 635
109414 650
109431 662
109447 676
109463 689
109480 700
109496 711
109513 722
109529 731
109545 741
109562 763
109578 759
109595 767
109611 779
109627 783
109644 790
109660 797
109676 804
109693 812
109709 815
109726 821
109742 821
109758 832
109776 837
109792 842
109808 846
109825 851
109841 855
109857 859
109874 863
109890 866
109907 870
109923 873
109939 876
109956 879
109972 881
109988 884
110005 871
110021 838
110038 801
110054 767
110070 734
110087 702
110103 672
110120 647
110136 613
110152 594
110169 569
110185 545
110201 524
110218 503
110234 483
110251 464
110267 450
110283 427
110300 411
110316 395
110332 380
110349 365
110365 352
110382 338
110398 325
110414 314
110431 301
110447 292
110464 281
110480 272
110496 262
110513 253
110529 245
110545 237
110562 233
110578 220
110595 215
110611 207
110627 199
110644 195
110660 188
110676 183
110693 191
110709 172
110726 167
110742 172
110758 160
110776 153
110792 150
110808 147
110825 143
110841 139
110858 135
110874 133
110890 129
110907 125
110923 124
110939 121
110956 130
110972 171
110989 207
111005 240
111021 273
111038 304
111054 333
111070 361
111087 400
111103 412
111120 438
111136 466
111152 483
111169 505
111185 524
111202 543
111218 562
111234 579
111251 596
111267 620
111283 626
111300 641
111316 655
111333 668
111349 680
111365 691
111382 691
111398 714
111414 725
111431 735
111447 744
111464 752
111480 762
111496 770
111513 778
111529 786
111546 792
111562 808
111578 806
111595 813
111611 818
111627 822
111644 828
111660 834
111677 838
111693 857
111709 848
111726 851
111742 854
111758 859
111775 864
111792 866
111808 870
111825 873
111841 877
111857 880
111874 882
111890 884
111906 862
111923 826
111939 791
111956 753
111972 725
111988 695
112005 664
112021 638
112037 612
112054 586
112070 562
112087 539
112103 517
112119 497
112136 476
112152 458
112169 439
112185 422
112201 405
112218 389
112234 375
112250 362
112267 345
112283 335
112300 322
112316 310
112332 300
112349 289
112365 278
112381 267
112398 259
112414 250
112431 247
112447 234
112463 225
112480 218
112496 212
112513 204
112529 198
112545 195
112562 191
112578 180
112594 176
112611 163
112627 166
112644 160
112660 157
112676 152
112693 156
112709 145
112725 142
112742 139
112758 135
112775 131
112792 129
112808 125
112825 122
112841 120
112857 144
112874 182
112890 218
112907 251
112923 284
112939 313
112956 334
112972 370
112988 397
113005 417
113021 444
113038 468
113054 490
113070 510
113087 533
113103 549
113119 566
113136 583
113152 601
113169 616
113185 630
113201 646
113218 659
113234 671
113251 684
113267 692
113283 707
113300 717
113316 728
113332 738
113349 747
113365 755
113382 764
113398 771
113414 779
113431 787
113447 793
113463 800
113480 807
113496 813
113513 818
113529 825
113545 829
113562 832
113578 837
113595 845
113611 849
113627 853
113644 857
113660 861
113676 864
113693 882
113709 871
113726 874
113742 877
113758 880
113775 882
113792 887
113808 850
113825 815
113841 780
113857 746
113874 717
113890 685
113907 655
113923 629
113939 603
113956 558
113972 554
113988 532
114005 519
114021 490
114038 470
114054 452
114070 434
114087 411
114103 400
114119 385
114136 367
114152 356
114169 341
114185 331
114201 319
114218 306
114234 296
114251 286
114267 294
114283 265
114300 256
114316 248
114332 239
114349 231
114365 223
114382 211
114398 209
114414 201
114431 196
114447 190
114463 185
114480 179
114496 173
114513 169
114529 164
114545 160
114562 160
114578 151
114595 147
114611 144
114627 140
114644 136
114660 134
114676 128
114693 124
114709 125
114726 121
114742 116
114758 155
114776 193
114792 227
114808 261
114825 293
114841 322
114857 350
114874 379
114890 404
114907 429
114923 451
114939 475
114956 481
114972 516
114988 536
115005 556
115021 572
115038 590
115054 606
115070 619
115087 639
115103 649
115120 663
115136 668
115152 688
115169 699
115185 707
115201 721
115218 731
115234 743
115251 750
115267 758
115283 771
115300 776
115316 782
115332 790
115349 797
115365 804
115382 815
115398 816
115414 819
115431 831
115447 831
115464 836
115480 841
115496 846
115513 849
115529 852
115545 858
115562 861
115578 866
115595 869
115611 872
115627 876
115644 877
115660 851
115676 884
115693 887
115709 842
115726 806
115742 772
115758 738
115776 706
115792 661
115808 647
115825 621
115841 596
115858 571
115874 547
115890 525
115907 504
115923 485
115939 464
115956 446
115972 423
115989 414
116005 396
116021 381
116038 367
116054 338
116070 339
116087 328
116103 316
116120 303
116136 293
116152 281
116169 273
116185 255
116202 253
116218 245
116234 234
116251 228
116267 222
116283 215
116300 207
116316 201
116333 194
116349 189
116365 184
116382 136
116398 172
116414 169
116431 159
116447 158
116464 154
116480 151
116496 146
116513 143
116529 139
116546 136
116562 146
116578 130
116595 126
116611 122
116627 121
116644 131
116660 165
116677 201
116693 237
116709 269
116726 300
116742 332
116758 356
116775 385
116792 410
116808 436
116825 458
116841 481
116857 502
116874 522
116890 542
116906 560
116923 577
116939 594
116956 615
116972 624
116988 640
117005 654
117021 667
117037 679
117054 691
117070 702
117087 720
117103 724
117119 733
117136 742
117152 752
117169 762
117185 769
117201 777
117218 784
117234 792
117250 799
117267 805
117283 811
117300 818
117316 823
117332 827
117349 833
117365 838
117381 855
117398 849
117414 852
117431 856
117447 859
117463 862
117480 866
117496 870
117513 874
117529 877
117545 879
117562 889
117578 885
117594 869
117611 831
117627 795
117644 762
117660 729
117676 699
117693 679
117709 642
117725 613
117742 590
117758 565
117775 541
117792 521
117808 498
117825 478
117841 458
117857 442
117874 425
117890 408
117907 391
117923 376
117939 362
117956 343
117972 335
117988 324
118005 310
118021 300
118038 289
118054 279
118070 268
118087 275
118103 250
118119 242
118136 235
118152 227
118169 219
118185 213
118201 206
118218 200
118234 193
118251 188
118267 191
118283 176
118300 172
118316 166
118332 162
118349 158
118365 154
118382 148
118398 146
118414 141
118431 137
118447 135
118463 131
118480 129
118496 126
118513 124
118529 120
118545 139
118562 189
118578 213
118595 246
118611 277
118627 308
118644 338
118660 365
118676 392
118693 432
118709 442
118726 465
118742 488
118758 507
118775 527
118792 546
118808 563
118825 581
118841 600
118857 615
118874 630
118890 644
118907 658
118923 671
118939 682
118956 676
118972 706
118988 716
119005 729
119021 737
119038 745
119054 755
119070 764
119087 770
119103 779
119119 786
119136 788
119152 801
119169 807
119185 813
119201 819
119218 824
119234 829
119251 836
119267 848
119283 844
119300 848
119316 853
119332 857
119349 860
119365 864
119382 859
119398 871
119414 874
119431 877
119447 880
119463 881
119480 886
119496 857
119513 820
119529 785
119545 753
119562 729
119578 689
119595 660
119611 635
119627 607
119644 582
119660 558
119676 534
119693 544
119709 493
119726 473
119742 454
119758 436
119776 419
119792 402
119808 387
119825 373
119841 359
119857 345
119874 332
119890 319
119907 309
119923 296
119939 287
119956 249
119972 266
119988 256
120005 248
120021 240
120038 233
120054 225
120070 216
120087 192
120103 203
120120 197
120136 197
120152 186
120169 179
120185 174
120201 170
120218 164
120234 161
120251 157
120267 140
120283 148
120300 144
120316 140
120332 136
120349 134
120365 130
120382 123
120398 124
120414 121
120431 120
120447 151
120464 187
120480 223
120496 255
120513 288
120529 318
120545 347
120562 359
120578 401
120595 426
120611 445
120627 472
120644 493
120660 514
120676 534
120693 558
120709 570
120726 587
120742 598
120758 619
120776 634
120792 648
120808 661
120825 674
120841 686
120858 698
120874 709
120890 720
120907 730
120923 740
120939 749
120956 740
120972 767
120989 775
121005 774
121021 789
121038 797
121054 802
121070 809
121087 813
121103 819
121120 826
121136 826
121152 835
121169 842
121185 845
121202 850
121218 854
121234 858
121251 862
121267 872
121283 869
121300 872
121316 875
121333 879
121349 881
121365 883
121382 874
121398 843
121414 808
121431 810
121447 741
121464 710
121480 679
121496 652
121513 624
121529 599
121546 574
121562 538
121578 528
121595 506
121611 489
121627 467
121644 448
121660 431
121677 414
121693 379
121709 382
121726 369
121742 352
121758 341
121775 329
121792 317
121808 305
121825 293
121841 284
121857 274
121874 263
121890 254
121906 246
121923 238
121939 229
121956 215
121972 215
121988 208
122005 203
122021 193
122037 188
122054 184
122070 179
122087 173
122103 168
122119 163
122136 162
122152 155
122169 151
122185 146
122201 144
122218 140
122234 136
122250 132
122267 119
122283 128
122300 124
122316 120
122332 119
122349 163
122365 198
122381 236
122398 266
122414 297
122431 322
122447 355
122463 381
122480 408
122496 432
122513 455
122529 478
122545 499
122562 520
122578 545
122594 558
122611 575
122627 587
122644 609
122660 623
122676 638
122693 652
122709 665
122725 678
122742 689
122758 701
122775 711
122792 722
122808 732
122825 742
122841 751
122857 760
122874 768
122890 776
122907 784
122923 792
122939 799
122956 812
122972 810
122988 816
123005 825
123021 828
123038 832
123054 839
123070 842
123087 847
123103 852
123119 854
123136 859
123152 862
123169 866
123185 869
123201 872
123218 875
123234 878
123251 882
123267 885
123283 871
123300 833
123316 797
123332 763
123349 731
123365 700
123382 670
123398 642
123414 615
123431 585
123447 566
123463 543
123480 520
123496 499
123513 480
123529 461
123545 444
123562 446
123578 409
123595 393
123611 378
123627 363
123644 350
123660 336
123676 324
123693 321
123709 301
123726 289
123742 277
123758 270
123775 261
123792 251
123808 242
123825 235
123841 227
123857 219
123874 212
123890 205
123907 199
123923 193
123939 187
123956 164
123972 175
123988 172
124005 166
124021 162
124038 157
124054 152
124070 150
124087 174
124103 141
124119 138
124136 136
124152 132
124169 129
124185 126
124201 123
124218 120
124234 137
124251 174
124267 214
124283 244
124300 277
124316 307
124332 335
124349 364
124365 391
124382 416
124398 440
124414 462
124431 493
124447 505
124463 526
124480 545
124496 563
124513 581
124529 597
124545 613
124562 647
124578 643
124595 656
124611 671
124627 681
124644 693
124660 704
124676 715
124693 736
124709 735
124726 744
124742 756
124758 762
124776 771
124792 778
124808 786
124825 792
124841 799
124857 806
124874 812
124890 818
124907 825
124923 828
124939 835
124956 825
124972 844
124988 848
125005 853
125021 857
125038 860
125054 863
125070 867
125087 850
125103 873
125120 877
125136 878
125152 882
125169 884
125185 858
125201 823
125218 787
125234 753
125251 722
125267 667
125283 662
125300 634
125316 609
125332 583
125349 560
125365 537
125382 550
125398 495
125414 475
125431 453
125447 438
125464 421
125480 403
125496 388
125513 373
125529 360
125545 346
125562 334
125578 321
125595 308
125611 293
125627 288
125644 276
125660 267
125676 258
125693 231
125709 241
125726 233
125742 224
125758 218
125776 211
125792 204
125808 197
125825 191
125841 185
125858 179
125874 174
125890 170
125907 164
125923 160
125939 156
125956 137
125972 148
125989 145
126005 133
126021 137
126038 134
126054 130
126070 127
126087 106
126103 122
126120 119
126136 146
126152 185
126169 220
126185 254
126202 285
126218 316
126234 345
126251 372
126267 391
126283 424
126300 446
126316 469
126333 491
126349 512
126365 531
126382 547
126398 568
126414 586
126431 602
126447 617
126464 633
126480 646
126496 659
126513 672
126529 685
126546 695
126562 703
126578 719
126595 727
126611 737
126627 748
126644 757
126660 764
126677 773
126693 774
126709 788
126726 795
126742 802
126758 808
126775 814
126792 820
126808 825
126825 831
126841 835
126857 840
126874 844
126890 849
126906 854
126923 857
126939 862
126956 858
126972 868
126988 872
127005 875
127021 876
127037 880
127054 882
127070 885
127087 848
127103 812
127119 779
127136 743
127152 714
127169 683
127185 655
127201 628
127218 602
127234 578
127250 554
127267 544
127283 510
127300 488
127316 469
127332 450
127349 434
127365 416
127381 402
127398 385
127414 371
127431 356
127447 344
127463 330
127480 318
127496 307
127513 295
127529 284
127545 273
127562 253
127578 256
127594 247
127611 239
127627 231
127644 224
127660 216
127676 208
127693 212
127709 196
127725 191
127742 187
127758 179
127775 174
127792 168
127808 164
127825 159
127841 155
127857 151
127874 147
127890 144
127907 140
127923 137
127939 134
127956 121
127972 125
127988 124
128005 122
128021 118
128038 159
128054 195
128070 229
128087 261
128103 294
128119 324
128136 352
128152 380
128169 405
128185 430
128201 453
128218 476
128234 496
128251 517
128267 536
128283 556
128300 573
128316 590
128332 606
128349 622
128365 636
128382 642
128398 663
128414 677
128431 711
128447 699
128463 711
128480 722
128496 731
128513 741
128529 750
128545 758
128562 760
128578 775
128595 784
128611 788
128627 798
128644 803
128660 811
128676 815
128693 820
128709 827
128726 831
128742 834
128758 843
128775 847
128792 850
128808 854
128825 858
128841 863
128857 866
128874 869
128890 872
128907 876
128923 879
128939 881
128956 889
128972 875
128988 837
129005 804
129021 767
129038 733
129054 705
129070 674
129087 634
129103 620
129119 594
129136 570
129152 547
129169 524
129185 503
129201 482
129218 464
129234 445
129251 428
129267 411
129283 394
129300 380
129316 365
129332 351
129349 339
129365 326
129382 294
129398 302
129414 290
129431 289
129447 272
129463 262
129480 258
129496 244
129513 236
129529 229
129545 221
129562 213
129578 207
129595 200
129611 195
129627 186
129644 182
129660 176
129676 172
129693 167
129709 162
129726 158
129742 153
129758 151
129776 146
129792 142
129808 139
129825 133
129841 133
129857 129
129874 126
129890 123
129907 130
129923 134
129939 170
129956 200
129972 240
129988 272
130005 286
130021 334
130038 360
130054 387
130070 413
130087 438
130103 463
130120 484
130136 505
130152 523
130169 543
130185 561
130201 579
130218 594
130234 612
130251 626
130267 640
130283 654
130300 667
130316 680
130332 692
130349 703
130365 714
130382 752
130398 735
130414 744
130431 740
130447 763
130464 769
130480 774
130496 785
130513 791
130529 799
130545 805
130562 792
130578 817
130595 824
130611 828
130627 834
130644 838
130660 844
130676 847
130693 852
130709 855
130726 859
130742 865
130758 866
130776 871
130792 874
130808 876
130825 879
130841 883
130858 885
130874 856
130890 825
130907 791
130923 757
130939 725
130956 693
130972 665
130989 636
131005 611
131021 585
131038 562
131054 537
131070 516
131087 496
131103 477
131120 458
131136 439
131152 422
131169 405
131185 404
131202 375
131218 361
131234 356
131251 334
131267 322
131283 311
131300 298
131316 288
131333 277
131349 268
131365 260
131382 263
131398 241
131414 233
131431 261
131447 218
131464 211
131480 208
131496 198
131513 191
131529 186
131546 181
131562 175
131578 170
131595 165
131611 163
131627 158
131644 153
131660 149
131677 145
131693 137
131709 138
131726 135
131742 132
131758 128
131775 125
131792 123
131808 120
131825 144
131841 180
131857 216
131874 249
131890 282
131906 313
131923 341
131939 370
131956 388
131972 421
131988 445
132005 468
132021 489
132037 511
132054 530
132070 548
132087 558
132103 584
132119 600
132136 613
132152 631
132169 644
132185 659
132201 671
132218 683
132234 695
132250 707
132267 727
132283 728
132300 738
132316 748
132332 756
132349 765
132365 772
132381 780
132398 788
132414 795
132431 802
132447 807
132463 813
132480 819
132496 824
132513 830
132529 834
132545 840
132562 839
132578 849
132594 852
132611 861
132627 862
132644 864
132660 867
132676 871
132693 876
132709 878
132725 881
132742 884
132758 885
132775 851
132792 814
132808 779
132825 747
132841 714
132857 685
132874 657
132890 629
132907 603
132923 578
132939 555
132956 524
132972 512
132988 489
133005 469
133021 450
133038 434
133054 417
133070 400
133087 383
133103 371
133119 356
133136 337
133152 329
133169 318
133185 306
133201 295
133218 284
133234 274
133251 263
133267 211
133283 246
133300 239
133316 230
133332 224
133349 215
133365 209
133382 207
133398 197
133414 190
133431 176
133447 179
133463 173
133480 168
133496 164
133513 160
133529 154
133545 152
133562 141
133578 143
133595 140
133611 132
133627 134
133644 129
133660 127
133676 125
133693 106
133709 119
133726 154
133742 190
133758 226
133775 260
133792 292
133808 323
133825 350
133841 377
133857 404
133874 429
133890 452
133907 474
133923 497
133939 517
133956 528
133972 555
133988 572
134005 590
134021 606
134038 620
134054 636
134070 650
134087 663
134103 675
134119 688
134136 699
134152 710
134169 720
134185 731
134201 740
134218 749
134234 758
134251 767
134267 766
134283 783
134300 790
134316 797
134332 802
