48 713
64 682
80 653
97 626
113 600
130 558
146 551
162 529
179 507
195 488
212 468
228 451
244 431
261 414
277 397
293 382
310 367
326 352
343 340
359 327
375 315
392 304
408 292
424 282
441 272
458 261
475 253
491 245
508 235
524 228
540 221
557 212
573 206
589 200
606 193
622 188
639 199
655 224
671 266
688 298
704 310
720 356
737 385
753 410
770 434
786 458
802 479
819 502
835 522
852 549
868 559
884 574
901 593
917 610
933 626
950 640
966 653
983 667
999 679
1015 691
1032 703
1048 713
1064 725
1081 768
1097 743
1114 754
1130 753
1146 770
1163 778
1179 780
1196 792
1212 799
1228 806
1245 812
1261 817
1277 799
1294 763
1310 731
1327 703
1343 670
1359 642
1376 615
1392 589
1408 564
1425 543
1441 519
1459 497
1475 478
1492 459
1508 440
1524 423
1541 405
1557 390
1573 376
1590 361
1606 345
1623 335
1639 322
1655 306
1672 298
1688 288
1704 275
1721 268
1737 259
1754 249
1770 241
1786 234
1803 226
1819 217
1836 211
1852 206
1868 200
1885 191
1901 185
1917 213
1934 248
1950 279
1967 310
1983 339
1999 368
2016 393
2032 420
2048 444
2065 467
2081 490
2098 509
2114 530
2130 540
2147 566
2163 584
2180 601
2196 616
2212 631
2229 647
2245 659
2261 672
2278 685
2294 696
2311 708
2327 716
2343 728
2360 737
2376 748
2392 756
2409 767
2425 773
2442 780
2459 772
2475 795
2492 802
2508 810
2525 814
2541 818
2557 782
2574 749
2590 719
2607 686
2623 657
2639 630
2656 604
2672 579
2688 555
2705 532
2721 510
2738 490
2754 470
2770 458
2787 434
2803 417
2819 400
2836 385
2852 379
2869 355
2885 342
2901 330
2918 316
2934 306
2951 293
2967 284
2983 279
3000 262
3016 255
3032 248
3049 238
3065 229
3082 223
3098 215
3114 207
3131 200
3147 195
3163 191
3180 192
3196 227
3213 259
3229 292
3245 322
3262 351
3278 378
3295 404
3311 429
3327 454
3344 476
3360 497
3376 517
3393 537
3409 557
3426 574
3442 591
3459 608
3476 624
3492 638
3509 652
3525 665
3541 679
3558 690
3574 701
3591 713
3607 723
3623 733
3640 743
3656 752
3672 761
3689 769
3705 777
3722 784
3738 791
3754 798
3771 791
3787 811
3803 817
3820 803
3836 769
3853 725
3869 705
3885 674
3902 654
3918 619
3935 594
3951 569
3967 545
3984 518
4000 502
4016 481
4033 470
4049 443
4066 427
4082 410
4098 394
4115 376
4131 363
4147 350
4164 340
4180 325
4197 313
4213 301
4229 290
