47 684
64 654
80 645
97 601
113 576
129 548
146 530
162 508
178 487
195 468
211 448
228 432
244 414
260 404
277 383
293 368
309 354
326 342
342 326
359 316
375 305
391 294
408 283
424 272
441 264
457 253
473 245
490 237
506 228
522 219
539 232
555 264
572 296
588 327
604 352
621 382
637 409
653 441
670 456
686 478
703 501
719 521
735 531
752 558
768 575
785 590
801 609
817 624
834 638
850 654
866 666
883 679
899 690
916 703
932 714
949 724
966 732
982 745
999 753
1015 762
1031 771
1048 778
1064 785
1081 775
1097 730
1113 700
1130 671
1146 642
1162 615
1179 589
1195 566
1212 542
1228 520
1244 498
1261 481
1277 459
1293 441
1310 423
1326 407
1343 392
1359 377
1375 361
1392 349
1408 336
1425 323
1441 311
1457 300
1474 289
1490 279
1506 269
1523 277
1539 250
1556 242
1572 233
1588 226
1605 207
1621 247
1637 281
1654 311
1670 341
1687 368
1703 394
1719 419
1736 443
1752 467
1769 489
1785 510
1801 530
1818 550
1834 567
1850 584
1867 601
1883 616
1900 631
1916 686
1932 659
1950 673
1966 684
1983 698
1999 708
2015 719
2032 729
2048 739
2064 748
2081 758
2097 764
2114 774
2130 782
2146 783
2163 749
2179 717
2196 686
2212 656
2228 630
2245 604
2261 583
2277 555
2294 533
2310 511
2327 490
2343 470
2359 451
2376 434
2392 460
2408 400
2425 385
2441 370
2458 356
2474 342
2490 329
2507 317
2523 297
2540 295
2556 284
2572 272
2589 265
2605 244
2621 247
2638 239
2654 231
2671 222
2687 229
2703 261
2720 294
2736 317
2752 352
2769 380
2785 405
2802 429
2818 454
2834 477
2851 498
2867 520
2884 538
2900 558
2916 574
2933 592
2950 609
2967 618
2983 639
2999 653
3016 666
3032 678
3048 691
3065 702
3081 711
3098 723
3114 733
3130 744
3147 752
3163 760
3180 770
3196 776
3212 783
3229 767
3245 733
3261 704
3278 673
3294 645
3311 618
3327 592
3343 567
3360 545
3376 522
3392 501
3409 481
3425 461
3442 443
3458 426
3474 409
3491 392
3507 378
3524 364
3540 333
3556 336
3573 323
3589 312
3605 299
3622 290
3638 279
3655 270
3671 261
3687 250
3704 243
3720 236
3736 229
3753 220
3769 243
3786 275
3802 308
3818 336
3835 365
3851 391
3868 418
3884 440
3900 465
3917 487
3933 508
3951 529
3967 548
3983 566
4000 583
4016 601
4032 616
4049 630
4065 645
4082 665
4098 672
4114 684
4131 687
4147 707
4163 717
4180 758
4196 738
4213 748
4229 755
