48 480
104 251
161 140
217 98
273 77
330 66
386 62
442 59
499 59
556 57
613 66
669 57
725 57
782 57
838 57
895 57
951 72
1007 56
1064 57
1120 57
1177 57
1233 58
1289 51
1346 57
1402 57
1458 57
1515 57
1572 57
1629 57
1685 59
1741 58
1798 56
1854 395
1911 695
1967 833
2023 894
2080 922
2136 935
2193 942
2249 945
2305 947
2362 945
2418 946
2474 948
2532 947
2588 948
2645 947
2701 947
2757 947
2814 948
2870 947
2927 948
2983 950
3039 947
3096 947
3152 947
3208 942
3265 948
3321 948
3378 948
3434 947
3490 948
3548 948
3604 948
3661 787
3717 388
3773 208
3830 126
3886 89
3943 72
3999 65
4055 58
4112 59
4168 57
4224 58
4281 57
4337 57
4394 56
4450 58
4506 55
4564 57
4620 56
4677 56
4733 56
4789 57
4846 47
4902 57
4959 58
5015 55
5071 57
5128 56
5184 56
5240 78
5297 56
5353 57
5410 55
5466 57
5522 508
5580 750
5636 855
5693 905
5749 927
5805 938
5862 944
5918 945
5975 947
6031 947
6087 947
6144 947
6200 947
6256 947
6313 947
6369 949
6426 948
6482 953
6539 947
6596 948
6652 947
6709 948
6765 949
6821 927
6878 947
6934 947
6991 947
7047 947
7103 948
7160 941
7216 947
7272 948
7329 637
7385 321
7442 178
7498 112
7555 82
7612 68
7668 62
7725 60
7781 59
7837 58
7894 57
7950 66
8007 47
8063 59
8119 57
8176 58
8232 56
8288 64
8345 56
8401 57
8458 57
8514 57
8571 56
8628 57
8684 56
8741 57
8797 57
8853 57
8910 58
8966 56
9023 57
9079 56
9135 193
9192 606
9248 790
9304 876
9361 913
9417 931
9474 940
9532 943
9589 946
9645 946
9701 947
9758 947
9814 947
9871 946
9927 947
9983 947
10040 948
10096 947
10153 948
10209 948
10265 948
10322 947
10378 947
10434 947
10491 947
10548 946
10605 948
10661 957
10717 951
10774 947
10830 948
10887 947
10943 948
10999 500
11056 258
11112 150
11169 99
11225 76
11281 66
11338 63
11394 54
11450 59
11507 59
11564 57
11621 57
11677 57
11733 58
11790 57
11846 76
11903 57
11959 57
12015 56
12072 57
12128 57
12185 58
12241 55
12297 58
12354 59
12410 57
12466 57
12523 57
12580 57
12637 56
12693 58
12749 58
12806 368
12862 684
12919 827
12975 892
13031 902
13088 936
13144 943
13201 945
13257 946
13313 947
13370 945
13426 948
13482 951
13540 948
13596 947
13653 949
13709 948
13765 946
13822 946
13878 947
13935 948
13991 948
14047 947
14104 947
14160 950
14216 948
14273 948
14329 947
14386 948
14442 949
