47 676
64 652
80 624
97 599
113 573
129 545
146 527
162 506
179 485
195 467
211 447
228 429
244 412
260 390
277 381
293 367
310 353
326 339
342 326
359 313
375 303
391 295
408 282
424 272
441 263
457 254
473 244
490 236
506 227
523 231
539 264
555 297
572 325
588 356
604 383
621 408
637 433
654 461
670 480
686 501
703 521
719 539
735 558
752 576
768 594
785 609
801 624
817 635
834 653
850 665
867 679
884 691
900 702
917 715
933 725
950 734
966 745
982 752
999 761
1015 769
1031 777
1048 767
1064 736
1081 703
1097 673
1113 646
1130 618
1146 592
1163 568
1179 544
1195 521
1212 503
1228 481
1244 459
1261 444
1277 426
1294 411
1310 392
1326 378
1343 363
1359 350
1375 335
1392 324
1408 312
1425 300
1441 290
1457 279
1474 269
1490 260
1507 251
1523 242
1539 234
1556 226
1572 240
1588 272
1605 303
1621 332
1638 362
1654 389
1670 411
1687 438
1703 462
1719 484
1736 504
1752 525
1769 545
1785 563
1801 581
1818 597
1834 613
1851 628
1867 636
1884 657
1901 671
1917 689
1934 695
1950 706
1966 729
1983 728
1999 735
2015 744
2032 755
2048 763
2065 765
2081 780
2097 759
2114 727
2130 695
2146 667
2163 639
2179 612
2196 586
2212 562
2228 540
2245 531
2261 496
2278 474
2294 459
2310 439
2327 421
2343 405
2359 389
2376 375
2392 359
2409 346
2425 331
2441 321
2458 309
2474 298
2490 287
2507 276
2523 267
2540 258
2556 251
2572 239
2589 232
2605 224
2622 247
2638 273
2654 311
2671 340
2687 369
2703 395
2720 420
2736 444
2753 467
2769 493
2785 510
2802 529
2818 557
2834 567
2851 584
2867 603
2885 617
2901 632
2918 648
2934 661
2950 674
2967 686
2983 698
2999 704
3016 719
3032 729
3049 740
3065 748
3081 757
3098 766
3114 773
3130 782
3147 751
3163 719
3180 690
3196 660
3212 633
3229 605
3245 582
3262 557
3278 534
3294 512
3311 491
3327 471
3343 453
3360 435
3376 417
3393 399
3409 386
3425 372
3442 351
3458 343
3474 330
3491 317
3507 306
3524 295
3540 284
3556 274
3573 264
3589 256
3606 248
3622 239
3638 230
3655 223
3671 255
3687 286
3704 317
3720 347
3737 374
3753 402
3769 426
3786 450
3802 473
3818 494
3835 514
3851 534
3868 552
3885 573
3901 588
3918 614
3934 621
3951 635
3967 650
3983 664
4000 673
4016 688
4033 700
4049 709
4065 721
4082 733
4098 741
4114 751
4131 759
4147 767
4164 775
4180 805
4196 744
4213 711
4229 681
