48 788
64 756
81 723
97 691
113 663
130 634
146 609
163 582
179 559
195 535
212 513
228 493
244 473
261 455
277 436
294 419
310 403
326 386
343 372
359 358
376 345
392 332
408 319
425 307
441 296
457 285
474 276
490 265
507 256
523 248
539 248
556 231
572 224
588 216
605 209
621 198
638 195
654 190
670 180
687 179
703 174
720 169
736 164
752 159
769 155
785 151
801 154
818 144
834 139
851 136
867 133
883 130
900 126
916 125
932 113
949 118
966 116
983 115
999 111
1016 105
1032 106
1048 105
1065 105
1081 101
1097 99
1114 98
1130 97
1147 120
1163 158
1179 195
1196 232
1212 265
1228 295
1245 323
1261 354
1278 381
1294 407
1310 432
1327 456
1343 479
1360 502
1376 520
1392 540
1409 559
1425 576
1441 592
1458 609
1474 623
1491 638
1507 652
1523 665
1540 680
1556 690
1572 702
1589 719
1605 724
1622 734
1638 747
1654 752
1671 761
1687 769
1704 777
1720 785
1736 792
1753 798
1769 806
1785 811
1802 817
1818 823
1835 828
1851 833
1867 862
1884 842
1900 847
1916 842
1933 856
1949 859
1967 863
1983 867
2000 871
2016 874
2032 877
2049 879
2065 879
2081 886
2098 888
2114 891
2131 893
2147 894
2163 893
2180 899
2196 900
2212 902
2229 904
2245 905
2262 908
2278 895
2294 856
2311 821
2327 783
2344 750
2360 718
2376 686
2393 666
2409 630
2425 604
2442 579
2458 555
2475 533
2491 510
2507 491
2524 470
2540 458
2556 434
2573 416
2589 401
2606 385
2622 370
2638 356
2655 343
2671 329
2688 317
2704 306
2720 294
2737 282
2753 274
2769 265
2786 255
2802 246
2819 237
2835 230
2851 224
2868 213
2884 208
2900 202
2917 195
2933 196
2950 183
2967 177
2983 172
3000 168
3016 164
3033 158
3049 154
3065 147
3082 146
3098 142
3115 139
3131 135
3147 132
3164 129
3180 126
3196 135
3213 120
3229 118
3246 117
3262 113
3278 110
3295 108
3311 106
3327 106
3344 103
3360 102
3377 105
3393 98
3409 95
3426 126
3442 165
3459 201
3475 236
3491 258
3508 301
3524 330
3540 356
3557 384
3573 411
3590 436
3606 459
3622 481
3639 502
3655 523
3671 573
3688 561
3704 578
3721 594
3737 612
3753 626
3770 641
3786 655
3803 651
3819 680
3835 692
3852 704
3868 715
3884 725
3901 734
3917 744
3934 773
3950 762
3967 772
3984 779
4000 786
4017 794
4033 800
4049 807
4066 817
4082 818
4099 824
4115 829
4131 835
4148 839
4164 844
4180 848
4197 859
4213 856
4230 861
4246 864
4262 867
4279 871
4295 874
4311 877
4328 880
4344 884
4361 886
4377 890
4393 891
4410 892
4426 895
4443 897
4459 900
4475 900
4492 894
4508 904
4524 906
4541 908
4557 888
4574 850
4590 813
4606 778
4623 745
4639 714
4655 683
4672 656
4688 626
4705 600
4721 578
4737 552
4754 530
4770 508
4787 488
4803 460
4819 449
4836 431
4852 413
4868 398
4885 382
4901 368
4918 354
4934 341
4950 327
4968 315
4984 305
5001 293
5017 282
5033 271
5050 261
5066 237
5082 244
5099 235
5115 235
5132 219
5148 213
5164 206
5181 199
5197 183
5214 188
5230 182
5246 185
5263 171
5279 166
5295 161
5312 158
5328 152
5345 149
5361 145
5377 141
5394 136
5410 134
5426 131
5443 128
5459 126
5476 122
5492 126
5508 117
5525 114
5541 113
5558 110
5574 108
5590 106
5607 105
5623 102
5639 100
5656 98
5672 77
5689 97
5705 133
5721 171
5738 205
5754 240
5770 274
5787 304
5803 329
5820 362
5836 388
5852 408
5869 439
5885 462
5902 485
5918 505
5934 524
5951 545
5968 565
5985 581
6001 599
6017 614
6034 629
6050 644
6066 648
6083 670
6099 683
6116 696
6132 705
6148 718
6165 729
6181 738
6198 754
6214 756
6230 764
6247 775
6263 781
6279 787
6296 794
6312 801
6329 808
6345 814
6361 820
6378 820
6394 830
6410 835
6427 840
6443 844
6460 849
6476 853
6492 873
6509 861
6525 864
6542 865
6558 871
6574 876
6591 878
6607 881
6623 883
6640 886
6656 888
6673 882
6689 894
6705 895
6722 898
6738 899
6754 900
6771 904
6787 903
6804 904
6820 910
6836 882
6853 843
6869 807
6886 772
6902 740
6918 707
6935 677
6951 649
6969 620
6985 602
7001 569
7018 546
7034 524
7050 503
7067 475
7083 462
7100 445
7116 428
7132 410
7149 394
7165 379
7181 364
7198 349
7214 337
7231 325
7247 309
7263 301
7280 290
7296 281
7313 270
7329 260
7345 252
7362 243
7378 226
7394 227
7411 220
7427 212
7444 202
7460 198
7476 192
7493 187
7509 181
7525 175
7542 170
7558 166
7575 160
7591 151
7607 152
7624 149
7640 144
7657 142
7673 134
7689 133
7706 131
7722 129
7738 125
7755 122
7771 119
7788 118
7804 114
7820 112
7837 109
7853 105
7869 106
7886 104
7902 103
7919 101
7935 99
7951 97
7969 102
7985 144
8002 179
8018 215
8034 249
8051 280
8067 310
8084 341
8100 368
8116 394
8133 421
8149 445
8165 467
8182 489
8198 510
8215 530
8231 549
8247 567
8264 585
8280 601
8297 619
8313 632
8329 646
8346 660
8362 674
8378 685
8395 697
8411 709
8428 720
