2.00 0.25 571.50 70.48
30.56 8.90 531.68 30.94
57.50 10.73 460.87 31.66
84.18 10.81 393.25 28.34
110.43 10.75 328.50 25.90
137.00 10.60 272.50 24.84
163.37 10.76 216.06 20.94
189.68 10.69 167.43 18.54
216.18 10.81 122.18 16.49
242.43 10.75 86.50 14.76
269.00 10.60 58.18 10.35
295.18 10.81 32.12 11.02
321.68 10.69 19.93 4.08
348.18 10.81 10.56 2.96
374.43 10.75 12.25 4.49
401.81 10.70 18.81 7.28
428.62 10.84 36.50 11.87
454.93 10.78 58.62 11.13
481.56 10.86 86.31 15.53
507.81 10.82 122.25 18.79
534.37 10.68 162.93 19.64
560.62 10.84 209.25 20.97
586.87 10.80 259.87 22.10
613.50 10.63 317.56 26.03
639.75 10.84 372.00 25.19
666.31 10.70 434.06 25.96
692.62 10.84 495.31 26.50
718.93 10.78 560.68 29.23
745.68 10.55 618.62 27.19
772.00 10.70 683.81 24.54
798.50 10.56 744.18 23.13
824.93 10.72 801.18 22.84
851.25 10.66 856.18 20.95
877.68 10.55 908.12 18.37
904.00 10.70 957.87 22.40
930.50 10.56 996.18 16.99
956.87 10.74 1034.12 12.38
983.25 10.66 1065.87 10.20
1009.68 10.55 1090.68 7.36
1035.93 10.72 1108.87 6.05
1062.75 10.74 1123.56 7.18
1089.25 10.88 1127.62 2.71
1115.62 10.79 1125.62 6.81
1142.12 10.67 1118.06 9.50
1168.31 10.86 1103.43 12.30
1194.81 10.73 1082.68 14.43
1221.25 10.88 1054.56 14.62
1247.62 10.79 1023.18 17.46
1274.12 10.67 987.75 17.98
1300.31 10.86 946.25 20.57
1326.81 10.73 903.50 21.71
1353.25 10.88 852.62 22.11
1379.62 10.91 803.00 22.78
1406.25 10.68 748.18 23.69
1432.62 10.87 690.12 25.31
1459.12 10.73 640.50 23.83
1485.56 10.90 584.43 22.88
1511.81 10.84 530.37 21.46
1538.31 10.66 475.50 24.16
1564.62 10.87 428.50 20.36
1591.12 10.73 381.37 18.14
1617.50 10.91 336.25 17.23
1643.81 10.84 292.81 18.53
1670.31 10.66 260.93 14.03
1696.62 10.87 229.68 10.64
1723.37 10.67 200.25 12.18
1749.87 10.54 184.81 8.31
1776.25 10.71 170.18 5.51
1802.81 10.49 158.43 2.80
1829.06 10.72 156.43 2.50
1855.43 10.65 160.56 4.58
1881.87 10.47 168.06 6.77
1908.25 10.71 182.00 7.24
1934.81 10.49 201.00 11.29
1961.06 10.72 224.50 12.93
1987.43 10.65 253.37 14.35
2013.87 10.47 285.43 15.05
2040.12 10.72 324.93 15.76
2067.12 10.65 364.37 19.09
2093.43 10.86 408.18 19.07
2119.87 10.76 453.18 20.07
2146.31 10.84 496.56 22.32
2172.56 10.83 547.43 19.58
2199.12 10.65 596.00 17.25
2225.43 10.86 641.00 27.49
2251.87 10.76 690.93 18.43
2278.25 10.61 735.93 17.97
2304.50 10.84 779.56 18.40
2331.06 10.68 820.87 15.46
2357.37 10.88 857.43 15.95
2383.93 10.80 892.87 9.56
2410.68 10.65 924.06 10.79
2436.87 10.88 950.75 10.11
2463.50 10.66 970.00 3.66
2489.81 10.86 989.00 5.52
2516.12 10.80 1001.62 7.00
2542.62 10.61 1007.93 2.95
2568.87 10.88 1008.62 3.28
2595.43 10.69 1004.18 9.42
2621.81 10.86 994.93 9.52
2648.12 10.80 985.75 10.24
2674.62 10.61 968.06 13.60
2700.87 10.88 945.56 12.51
2727.68 10.59 918.00 13.00
2754.18 10.71 887.31 14.98
2780.50 10.66 852.43 17.39
2806.87 10.51 818.87 17.45
2833.31 10.73 780.62 17.83
2859.75 10.56 740.25 17.59
2886.12 10.74 700.06 18.64
2912.50 10.66 658.93 17.77
2938.87 10.51 615.12 18.49
2965.25 10.73 575.06 16.93
2991.75 10.56 533.68 16.72
3018.00 10.53 493.81 16.53
3044.56 10.89 452.87 26.05
3071.25 10.64 418.62 20.65
3097.62 10.86 387.75 13.00
3124.12 10.69 358.18 11.17
3150.43 10.89 333.12 9.92
3176.87 10.79 311.25 8.24
3203.31 10.62 294.37 6.22
3229.56 10.84 280.06 4.60
3256.06 10.72 271.00 6.68
3282.37 10.86 264.75 2.51
3308.87 10.79 265.31 4.28
3335.31 10.62 269.31 5.87
3361.56 10.84 278.56 9.14
3388.25 10.71 290.37 8.80
3415.00 10.94 307.06 9.93
3441.25 10.91 326.25 10.47
3467.75 10.71 350.37 11.58
3494.06 10.90 378.12 12.76
3520.56 10.79 406.18 11.55
3547.00 10.94 439.00 14.80
3573.25 10.91 470.81 16.50
3599.75 10.71 507.68 17.07
3626.00 10.94 545.12 16.25
3652.50 10.81 582.12 17.21
3678.87 10.73 621.68 18.91
3705.18 10.92 651.31 15.09
3731.93 10.64 691.50 15.45
3758.37 10.79 724.31 14.28
3784.81 10.69 756.56 12.70
3811.18 10.61 787.06 12.11
3837.50 10.76 815.75 11.85
3864.06 10.59 842.00 11.86
3890.37 10.79 860.37 8.58
3916.75 10.72 879.06 7.01
3943.12 10.57 895.37 6.13
3969.50 10.76 905.93 3.85
3996.06 10.59 910.68 6.64
4022.37 10.79 917.06 3.21
4048.81 10.95 916.68 6.20
4075.43 10.97 911.56 4.26
4101.87 10.88 907.18 13.36
4128.37 10.73 891.25 8.44
4154.75 10.90 877.81 9.28
4181.18 10.82 857.31 11.34
4207.50 10.95 839.18 13.49
4233.87 10.88 813.37 11.21
4260.31 10.76 785.37 13.09
4286.62 10.96 758.75 13.40
4313.12 10.84 729.18 13.76
4339.43 10.72 700.06 15.24
4365.81 10.89 665.43 13.84
4392.43 10.78 634.62 16.47
4418.93 10.96 601.12 14.23
4445.37 10.86 569.12 16.16
4471.81 10.75 537.31 15.07
4498.06 10.90 509.25 13.89
4524.68 10.73 483.50 10.55
4550.93 10.96 454.81 12.89
4577.37 10.86 433.75 5.39
4603.75 10.71 409.43 7.76
4630.06 10.90 391.87 6.96
4656.62 10.76 376.93 6.50
4682.93 10.96 364.87 3.84
4709.37 10.86 356.43 5.45
4735.93 10.65 349.18 3.54
4762.43 10.78 346.68 3.93
4789.00 10.62 344.87 8.21
4815.31 10.81 354.18 4.24
4841.62 10.77 360.31 7.02
4868.00 10.62 371.62 7.28
4894.43 10.78 386.81 8.58
4920.93 10.64 399.87 13.66
4947.18 10.86 420.68 12.05
4973.62 10.77 443.62 11.03
5000.00 10.62 462.87 23.05
5026.31 10.81 493.50 11.03
5052.93 10.90 518.25 12.92
5079.50 11.00 543.50 16.06
5106.06 10.86 571.43 17.43
5132.37 10.73 600.25 12.60
5158.68 10.92 629.81 12.10
5185.25 10.79 657.06 11.78
5211.50 11.00 684.62 11.77
5238.00 10.83 711.06 11.42
5264.37 10.73 734.68 13.15
5290.68 10.92 757.50 10.37
5317.18 10.82 777.00 8.00
5343.43 10.96 795.31 6.60
5369.93 10.85 810.62 6.52
5396.56 10.72 826.50 12.17
5423.00 10.92 834.68 3.05
5449.62 10.76 841.62 2.59
5475.87 10.98 846.43 5.33
5502.25 10.91 847.31 5.01
5528.68 10.73 844.87 4.00
5555.00 10.92 847.68 17.00
5581.50 10.82 833.12 10.06
5607.81 11.00 824.56 8.64
5634.18 10.93 811.31 8.89
5660.68 10.73 794.37 11.39
5686.93 10.95 778.93 10.35
5713.43 10.84 758.56 10.74
5740.12 10.65 740.00 13.05
5766.68 10.75 715.56 11.45
5793.12 10.58 693.37 12.65
5819.37 10.80 668.06 8.33
5845.87 10.67 645.12 13.10
5872.18 10.62 619.93 10.46
5898.56 10.74 594.50 11.52
5925.12 10.58 570.56 10.88
5951.37 10.80 546.81 10.59
5977.81 10.70 524.43 10.27
6004.12 10.58 502.31 9.75
6030.56 10.74 483.43 11.11
6057.43 10.72 466.12 10.10
6084.00 10.83 451.56 6.74
6110.37 10.76 436.50 5.49
6136.68 10.88 427.12 5.11
6163.12 10.80 419.62 5.00
6189.62 10.65 419.12 24.32
6216.00 10.83 414.12 12.39
6242.37 10.76 409.37 4.65
6268.68 10.88 412.75 4.35
6295.06 10.81 415.81 10.77
6321.56 10.68 422.75 8.21
6347.81 10.90 433.87 6.72
6374.31 10.78 445.62 7.32
6400.75 10.60 457.06 16.86
6427.37 10.80 470.68 13.97
6453.81 10.63 494.87 19.83
6480.12 10.83 509.75 9.39
6506.56 10.73 529.56 11.74
6532.87 10.61 552.00 12.47
6559.25 10.78 571.18 10.37
6585.81 10.63 589.00 16.06
6612.12 10.83 615.93 9.46
6638.56 10.73 637.18 10.76
6664.87 10.61 656.68 10.34
6691.25 10.78 677.31 10.57
6717.81 10.65 696.25 9.77
6744.43 10.72 714.75 9.12
6770.87 10.62 730.06 8.09
6797.18 10.50 745.12 7.22
6823.62 10.66 760.06 6.81
6850.18 10.50 768.93 5.92
6876.43 10.71 778.06 5.46
6902.81 10.65 785.37 4.28
6929.18 10.50 785.87 17.74
6955.56 10.67 791.75 6.71
6982.12 10.53 792.31 3.95
7008.25 10.73 790.31 4.52
7034.81 10.65 788.25 5.97
7061.43 10.67 778.75 5.07
7087.93 10.79 770.56 6.12
7114.43 10.67 759.37 7.42
7140.68 10.84 748.50 9.15
7167.18 10.77 735.06 9.44
7193.56 10.62 720.81 11.11
7219.93 10.79 701.06 14.95
7246.31 10.73 684.06 9.03
7272.68 10.84 662.00 17.38
7299.12 10.74 646.50 10.24
7325.56 10.62 627.31 9.05
7351.93 10.79 609.50 9.35
7378.43 10.79 591.93 11.97
7405.06 10.86 571.81 9.06
7431.50 10.82 554.06 8.95
7457.93 10.64 537.93 9.35
7484.31 10.82 523.81 7.99
7510.75 10.72 509.00 8.66
7537.12 10.89 497.37 10.34
7563.43 10.84 485.18 5.30
7589.93 10.64 477.12 9.27
7616.31 10.82 468.62 4.85
7642.68 10.74 457.12 19.06
7669.06 10.91 459.31 4.03
7695.37 10.86 457.93 4.25
7722.00 10.63 460.56 19.82
7748.50 10.75 461.12 4.71
7774.93 10.66 465.31 6.26
7801.31 10.57 470.00 4.65
7827.75 10.73 480.50 6.93
7854.25 10.53 488.50 6.77
7880.56 10.72 497.81 11.50
7906.87 10.68 512.50 7.48
7933.31 10.57 525.18 10.00
7959.68 10.70 541.50 7.78
7986.25 10.53 555.87 9.78
8012.56 10.72 573.87 10.30
8038.87 10.68 591.93 10.36
8065.56 10.49 605.43 9.67
8092.06 10.57 621.50 9.58
8118.50 10.45 639.75 9.66
8144.93 10.60 651.87 6.04
8171.25 10.55 673.18 11.24
8197.56 10.42 683.00 9.18
8224.00 10.59 694.62 15.28
8250.50 10.45 710.50 8.00
8276.87 10.63 721.12 5.29
8303.25 10.55 723.43 26.49
8329.56 10.42 738.50 5.28
8355.93 10.60 742.06 7.68
8382.68 10.66 748.68 3.88
8409.25 10.81 753.25 5.40
8435.68 10.70 752.68 5.11
8462.00 10.58 750.93 3.68
8488.50 10.77 746.43 7.07
8514.87 10.63 743.25 4.97
8541.25 10.81 739.43 6.99
8567.62 10.73 731.00 6.05
8594.00 10.58 723.31 7.53
8620.37 10.76 712.18 11.03
8646.87 10.63 699.81 10.39
8673.18 10.59 689.18 7.78
8699.62 10.73 676.50 9.01
8726.25 10.50 662.87 8.76
8752.87 10.59 648.31 8.13
8779.37 10.45 634.31 9.95
8805.56 10.37 619.06 9.19
8832.06 10.57 604.37 10.04
8858.43 10.42 588.31 9.43
8884.87 10.59 576.50 7.99
8911.31 10.48 562.43 9.63
8937.50 10.40 551.81 7.87
8964.00 10.59 539.62 7.91
8990.43 10.42 527.18 12.62
9016.81 10.60 520.25 7.66
9043.37 10.96 510.81 6.04
9069.93 10.99 507.00 9.86
9096.50 10.90 501.81 5.55
9122.87 10.76 495.50 3.66
9149.25 10.94 495.81 7.52
9175.68 10.84 492.75 7.12
9202.00 10.96 496.31 6.98
9228.50 10.90 498.31 7.48
9254.87 10.76 501.75 5.77
9281.25 10.94 506.68 6.41
9307.68 10.84 513.12 7.78
9334.00 10.96 522.00 6.21
9360.37 10.91 530.00 7.82
9386.93 10.81 541.75 8.27
9413.50 10.97 552.06 7.85
9439.93 10.85 563.50 8.29
9466.37 10.93 575.43 10.07
9492.81 10.90 588.18 10.15
9519.18 10.75 601.12 7.98
9545.50 10.97 615.93 10.97
9571.87 10.88 624.12 13.55
9598.31 10.96 639.31 7.78
9624.75 10.93 650.93 7.80
9651.18 10.75 662.56 9.08
9677.50 10.97 671.06 10.07
9703.87 10.88 680.50 14.62
9730.43 10.92 693.75 9.52
9757.06 10.82 697.87 6.03
9783.50 10.65 708.12 9.09
9809.81 10.85 713.18 9.57
9836.18 10.78 715.50 6.68
9862.50 10.65 719.18 5.41
9889.06 10.82 720.12 4.76
9915.50 10.65 722.18 9.25
9941.81 10.85 719.00 5.72
9968.18 10.78 716.68 6.72
9994.50 10.65 712.00 6.77
10021.00 10.79 709.25 10.49
10047.75 11.56 699.18 7.59
10074.25 11.70 694.50 6.62
10100.68 11.59 684.93 7.25
10127.06 11.45 676.75 7.47
10153.50 11.62 666.12 8.88
10179.93 11.50 661.06 13.80
10206.18 11.65 645.75 9.81
10232.62 11.61 634.56 7.95
10259.00 11.47 624.06 8.40
10285.37 11.65 613.62 8.48
10311.93 11.50 602.12 7.83
10338.18 11.65 591.93 8.40
10364.62 11.61 581.68 7.42
10391.12 11.48 569.75 7.65
10417.68 11.69 563.12 6.47
10444.18 11.51 553.68 7.69
10470.43 11.49 546.18 7.68
10496.93 11.61 539.06 12.10
10523.31 11.46 534.18 7.43
10549.68 11.69 526.37 11.10
10576.18 11.51 525.06 5.06
10602.43 11.49 523.25 5.57
10628.87 11.63 524.12 21.67
10655.31 11.46 520.93 7.00
10681.62 11.65 522.68 6.00
10708.12 11.54 526.18 5.75
10734.62 11.43 530.18 6.23
10761.18 11.53 532.81 6.79
10787.62 11.36 541.50 7.83
10813.93 11.57 545.75 11.26
10840.43 11.43 554.56 5.70
10866.68 11.33 561.43 7.84
10893.18 11.53 571.68 7.86
10919.62 11.36 580.43 6.75
10945.93 11.57 588.68 7.53
10972.37 11.46 599.50 7.47
10998.62 11.36 608.50 9.11
11025.06 11.57 620.00 9.88
11051.68 11.58 627.37 7.43
11078.25 11.68 637.31 8.31
11104.87 11.52 649.75 8.86
11131.06 11.44 656.93 7.75
11157.56 11.63 661.43 7.64
11184.06 11.44 671.00 5.75
11210.25 11.68 677.37 6.32
11236.87 11.52 683.12 6.08
11263.06 11.44 686.87 4.99
11289.56 11.63 690.50 5.20
11316.06 11.44 695.68 8.74
11342.25 11.68 698.75 10.47
11368.81 11.55 695.75 5.31
11395.25 11.51 695.87 4.61
11421.87 11.63 695.00 5.97
11448.37 11.43 691.56 5.33
11474.50 11.71 688.62 5.59
11501.12 11.53 685.06 6.91
11527.37 11.43 679.56 6.37
11553.87 11.63 673.81 6.77
11580.31 11.45 665.93 6.26
11606.50 11.71 659.31 7.46
11633.06 11.56 651.37 7.31
11659.37 11.43 642.62 7.42
11685.81 11.65 636.12 6.70
11712.31 11.45 629.87 22.56
11738.93 11.58 618.43 6.70
11765.56 11.40 608.87 8.16
11791.81 11.31 601.81 4.42
11818.18 11.54 595.50 10.16
11844.75 11.31 583.93 8.02
11870.93 11.33 580.12 6.93
11897.43 11.46 572.75 7.81
11923.81 11.31 565.12 4.81
11950.18 11.54 560.12 7.72
11976.75 11.31 554.37 6.34
12002.93 11.33 549.43 5.80
12029.43 11.46 548.62 7.11
12055.93 11.52 544.81 4.98
12082.81 11.53 543.25 7.59
12109.31 11.38 545.37 7.04
12135.50 11.65 542.56 5.58
12162.00 11.50 546.18 3.78
12188.37 11.37 548.81 6.42
12214.68 11.58 552.87 7.83
12241.25 11.42 553.62 7.29
12267.43 11.60 559.93 4.76
12293.93 11.53 565.06 5.33
12320.37 11.37 569.25 8.88
12346.68 11.58 578.50 7.66
12373.25 11.42 585.93 7.98
12399.68 11.63 591.68 6.80
12426.25 11.51 597.50 6.27
12452.62 11.37 606.18 6.44
12479.00 11.60 613.18 4.75
12505.50 11.41 618.75 9.09
12531.75 11.40 629.06 6.48
12558.25 11.51 635.37 6.66
12584.62 11.37 641.81 7.15
12611.00 11.60 648.50 5.89
12637.50 11.41 654.68 9.12
12663.75 11.40 662.62 11.36
12690.25 11.51 663.75 3.95
12716.75 11.35 669.68 6.34
12743.31 11.48 664.12 27.01
12769.93 11.26 676.18 13.16
12796.18 11.29 672.25 14.71
12822.56 11.43 676.62 5.42
12849.06 11.24 677.50 3.97
12875.31 11.48 677.06 4.88
12901.87 11.30 675.62 4.90
12928.06 11.24 673.43 4.21
12954.50 11.46 671.18 6.14
12981.06 11.24 667.31 4.50
13007.31 11.48 661.87 5.18
13033.81 11.32 657.75 4.28
13060.50 11.59 653.31 6.74
13087.06 11.50 645.87 6.47
13113.50 11.33 638.31 9.60
13139.81 11.55 634.68 6.91
13166.31 11.41 631.31 18.32
13192.56 11.32 619.68 7.86
13219.06 11.50 614.75 7.03
13245.50 11.33 607.75 5.56
13271.81 11.55 603.00 6.58
13298.31 11.41 596.50 5.76
13324.56 11.32 591.06 5.26
13351.06 11.50 583.93 4.96
13377.56 11.38 579.68 8.60
13404.06 11.51 575.12 4.90
13430.50 11.38 571.62 5.62
13456.93 11.35 568.25 4.98
13483.31 11.45 568.18 14.99
13509.75 11.34 563.18 4.50
13536.06 11.57 561.37 5.61
13562.43 11.40 560.75 3.80
13588.87 11.30 561.00 3.62
13615.25 11.48 561.87 3.97
13641.68 11.32 563.12 3.97
13668.00 11.57 564.56 5.02
13694.37 11.43 567.62 4.59
13720.93 11.29 573.43 7.86
13747.50 11.41 575.25 4.08
13773.93 11.24 578.75 4.74
13800.37 11.47 583.25 8.32
13826.62 11.36 588.75 4.25
13853.12 11.23 594.18 5.93
13879.43 11.43 598.68 5.11
13905.87 11.26 604.75 5.97
13932.31 11.24 616.00 19.06
13958.62 11.36 614.12 8.36
13985.06 11.26 621.31 6.31
14011.43 11.43 625.62 6.04
14037.87 11.26 638.18 16.42
14065.00 11.63 637.62 5.43
14091.43 11.45 643.50 7.41
14117.81 11.40 647.62 3.62
14144.31 11.51 651.12 4.78
14170.62 11.43 664.50 29.01
14197.06 11.63 657.87 5.68
14223.31 11.51 660.93 6.81
14249.81 11.40 661.37 7.46
14276.18 11.57 661.68 6.27
14302.62 11.43 660.62 8.07
14328.93 11.59 664.18 3.80
14355.31 11.51 660.06 4.01
14381.81 11.42 660.62 3.26
14408.43 11.52 658.75 7.36
14434.93 11.40 658.00 5.62
14461.31 11.61 653.87 4.05
14487.68 11.45 649.62 5.00
14514.06 11.38 646.56 4.86
14540.50 11.53 641.75 4.53
14566.81 11.43 635.56 10.33
14593.25 11.38 633.62 4.95
14619.68 11.45 627.93 4.93
14646.06 11.38 623.37 4.86
14672.50 11.53 618.56 4.93
14698.75 11.42 615.93 18.92
14725.56 11.32 608.37 5.39
14752.12 11.30 603.62 4.83
14778.50 11.26 598.81 4.79
14804.93 11.38 596.25 6.68
14831.18 11.26 592.12 8.82
14857.68 11.27 585.37 5.07
14884.06 11.33 583.37 8.20
14910.50 11.26 575.62 20.05
14936.87 11.42 580.37 14.88
14963.12 11.30 575.31 3.58
14989.56 11.23 575.12 5.12
15016.00 11.36 572.56 4.09
15042.56 11.49 572.50 3.55
15069.25 11.55 572.87 4.12
15095.68 11.42 574.18 3.71
15122.00 11.60 573.43 5.05
15148.43 11.47 576.12 4.41
15174.75 11.40 579.43 2.98
15201.25 11.56 583.00 6.94
15227.62 11.43 585.12 4.65
15253.87 11.41 586.43 4.72
15280.43 11.47 593.43 3.98
15306.75 11.40 594.12 5.76
15333.18 11.60 597.56 9.64
15359.56 11.41 604.18 5.71
15386.00 11.50 607.81 5.43
15412.81 11.41 613.87 5.45
15439.06 11.40 620.56 6.78
15465.56 11.53 621.18 6.58
15491.87 11.38 622.50 15.78
15518.31 11.39 632.56 8.91
15544.75 11.44 633.81 4.50
15571.06 11.40 637.50 5.42
15597.50 11.57 646.56 25.24
15623.81 11.41 644.43 5.29
15650.25 11.34 649.50 15.42
15676.68 11.46 644.50 10.37
15703.06 11.40 652.06 10.76
15729.68 11.50 646.56 16.37
15756.18 11.26 653.06 6.20
15782.62 11.19 651.12 4.51
15809.00 11.36 652.43 6.14
15835.43 11.21 651.25 3.85
15861.87 11.42 651.75 4.82
15888.12 11.30 649.81 7.14
15914.56 11.22 645.75 4.56
15940.93 11.38 643.37 4.58
15967.37 11.23 641.00 4.20
15993.81 11.19 639.06 3.63
16020.12 11.30 636.37 5.54
16046.62 11.45 629.87 5.48
16073.37 11.49 631.31 9.29
16099.75 11.38 625.12 6.97
16126.25 11.56 619.06 6.59
16152.56 11.41 616.18 5.07
16178.93 11.37 613.75 9.88
16205.43 11.47 608.75 5.77
16231.75 11.38 602.43 7.43
16258.18 11.59 602.43 5.94
16284.43 11.47 601.56 10.44
16310.93 11.37 595.37 4.28
16337.37 11.50 591.50 8.60
16363.75 11.38 589.68 6.86
16390.25 11.61 588.68 4.19
16416.81 11.41 588.43 12.29
16443.25 11.32 585.68 4.21
16469.68 11.46 583.68 4.56
16496.06 11.34 583.81 3.71
16522.43 11.57 584.93 5.28
16548.81 11.41 584.18 4.64
16575.18 11.35 583.81 4.65
16601.62 11.49 585.12 5.01
16627.87 11.38 587.37 4.77
16654.37 11.35 591.00 6.89
16680.81 11.41 591.06 4.19
16707.18 11.35 593.50 4.27
16733.81 11.43 596.62 3.59
16760.25 11.23 599.75 5.56
16786.81 11.19 601.37 4.20
16813.12 11.30 605.50 5.01
16839.50 11.24 610.43 4.56
16865.93 11.38 613.93 6.16
16892.25 11.23 614.62 17.62
16918.75 11.23 620.43 7.28
16945.06 11.33 623.87 6.85
16971.50 11.24 626.00 4.01
16997.93 11.38 630.43 6.79
17024.18 11.26 630.62 12.29
17050.81 11.66 634.12 6.28
17077.43 11.47 635.06 5.37
17103.87 11.38 638.43 13.67
17130.31 11.54 641.62 4.90
17156.75 11.38 645.87 16.23
17183.06 11.56 645.81 5.25
17209.43 11.47 644.56 3.54
17235.81 11.36 644.56 3.22
17262.31 11.54 643.43 5.11
17288.56 11.41 642.37 4.49
17314.93 11.37 643.06 6.69
17341.43 11.47 641.43 4.99
17367.81 11.36 641.12 3.92
17394.43 11.53 635.62 9.76
17420.87 11.38 636.68 4.10
17447.37 11.35 633.25 9.79
17473.81 11.41 632.50 4.57
17500.12 11.36 627.93 7.71
17526.62 11.49 625.18 7.55
17552.87 11.38 624.50 4.18
17579.31 11.36 621.75 5.54
17605.81 11.41 619.00 4.60
17632.12 11.36 615.00 6.33
17658.56 11.53 612.31 3.85
17684.81 11.41 609.75 3.82
17711.25 11.32 607.12 4.70
17738.06 11.38 603.68 3.84
17764.62 11.22 600.12 6.21
17791.00 11.41 599.25 4.84
17817.31 11.24 596.06 5.44
17843.68 11.18 598.31 7.79
17870.12 11.35 593.12 5.71
17896.56 11.20 592.43 4.99
17923.00 11.41 589.87 5.54
17949.25 11.28 591.62 4.24
17975.62 11.22 591.25 6.64
18002.12 11.35 591.37 5.13
18028.43 11.20 591.43 3.14
18055.18 11.62 592.56 4.03
18081.62 11.42 592.06 2.56
18108.00 11.36 594.75 5.78
18134.50 11.48 595.81 3.61
18160.81 11.39 598.00 4.62
18187.37 11.54 597.81 8.35
18213.62 11.42 600.50 4.49
18240.00 11.36 602.68 3.93
18266.50 11.48 605.06 6.23
18292.81 11.39 607.87 4.62
18319.31 11.58 609.81 6.41
18345.56 11.45 613.37 4.01
18372.00 11.36 615.68 5.44
18398.62 11.42 618.06 4.55
18425.18 11.37 622.31 5.18
18451.43 11.51 623.81 5.87
18477.87 11.42 625.75 4.83
18504.37 11.29 629.81 6.60
18530.75 11.40 630.25 4.62
18557.12 11.34 630.31 6.42
18583.43 11.51 627.43 19.82
18609.81 11.37 632.81 4.85
18636.25 11.35 634.75 5.15
18662.75 11.40 637.12 6.23
18688.93 11.39 634.18 8.44
18715.37 11.29 636.62 4.58
18742.06 11.31 637.68 3.21
18768.56 11.25 640.25 9.44
18795.00 11.33 636.00 3.71
18821.31 11.25 635.87 4.54
18847.81 11.15 634.00 4.12
18874.12 11.27 631.87 4.87
18900.56 11.25 635.75 14.95
18927.00 11.33 629.87 5.05
18953.31 11.25 627.62 5.15
18979.75 11.18 628.12 8.90
19006.12 11.27 626.56 6.96
19032.56 11.25 618.93 9.95
19059.25 11.52 617.56 7.87
19085.81 11.39 615.75 4.53
19112.12 11.55 614.43 3.89
19138.43 11.44 612.25 4.72
19164.93 11.39 609.75 5.02
19191.37 11.48 612.56 16.07
19217.81 11.39 605.37 5.45
19244.12 11.55 604.93 5.85
19270.43 11.44 609.18 21.41
19296.87 11.37 600.81 5.08
19323.37 11.48 599.75 4.93
19349.56 11.38 597.43 5.48
19376.00 11.36 604.25 18.99
19402.68 11.39 596.68 5.03
19429.18 11.37 601.18 18.74
19455.68 11.43 597.37 5.10
19481.93 11.39 597.00 3.41
19508.37 11.29 596.87 5.50
19534.81 11.37 593.56 15.48
19561.18 11.37 597.43 4.65
19587.62 11.44 599.43 5.09
19613.93 11.39 598.93 4.68
19640.37 11.29 601.18 4.72
19666.81 11.37 604.12 5.55
19693.18 11.37 606.25 4.38
19719.68 11.46 606.68 5.55
19746.18 11.31 609.25 4.86
19772.68 11.18 612.75 7.01
19799.06 11.30 611.25 4.58
19825.50 11.26 613.50 5.67
19851.93 11.36 618.06 7.63
19878.25 11.28 619.75 5.94
19904.62 11.22 626.12 21.57
19931.06 11.30 622.62 4.69
19957.43 11.24 622.43 7.85
19983.93 11.36 625.68 4.55
20010.18 11.31 625.68 5.06
20036.56 11.25 626.81 4.90
20063.25 11.27 628.68 5.26
20089.75 11.41 630.56 6.17
20116.25 11.28 630.75 4.98
20142.50 11.41 632.00 5.04
20168.93 11.39 631.06 5.80
20195.37 11.22 631.43 4.24
20221.75 11.41 630.43 7.00
20248.12 11.32 631.25 5.14
20274.43 11.18 631.56 3.57
20300.93 11.39 629.43 5.47
20327.37 11.22 628.18 7.20
20353.75 11.41 628.50 4.12
20380.18 11.36 628.12 4.95
20406.68 11.21 624.68 11.97
20433.31 11.32 624.12 4.48
20459.68 11.18 623.75 5.61
20486.12 11.40 620.81 3.73
20512.37 11.29 620.56 8.20
20538.81 11.19 617.81 3.81
20565.12 11.40 616.62 4.90
20591.68 11.18 611.87 10.69
20618.12 11.40 610.43 8.28
20644.31 11.32 610.56 5.56
20670.81 11.19 603.68 19.14
20697.12 11.40 607.68 4.92
20723.93 11.15 607.56 4.90
20750.31 11.30 607.31 8.93
20776.87 11.20 602.18 6.92
20803.18 11.03 604.81 6.80
20829.56 11.28 604.75 9.23
20856.06 11.09 602.62 4.21
20882.37 11.26 601.81 4.69
20908.81 11.21 600.87 3.72
20935.18 11.03 601.12 4.09
20961.56 11.28 600.37 5.02
20988.06 11.09 601.50 5.49
21014.31 11.04 601.18 4.14
21040.81 11.21 600.56 8.65
21067.43 11.22 603.87 3.66
21094.00 11.38 604.06 4.52
21120.50 11.20 604.81 4.71
21146.87 11.39 605.93 5.25
21173.12 11.34 609.12 3.92
21199.50 11.20 608.37 4.57
21225.93 11.41 612.00 8.91
21252.43 11.24 612.68 3.67
21278.81 11.44 613.25 4.97
21305.06 11.38 615.06 5.19
21331.50 11.20 616.25 4.96
21357.93 11.41 617.68 4.07
21384.43 11.32 619.12 4.28
21410.93 11.43 620.62 4.58
21437.37 11.31 623.31 6.47
21463.81 11.16 621.62 3.85
21490.18 11.41 624.43 6.40
21516.62 11.26 622.87 9.37
21542.93 11.43 632.00 25.31
21569.37 11.31 624.93 3.94
21595.81 11.16 624.56 6.43
21622.18 11.41 623.81 14.69
21648.56 11.27 626.62 4.73
21674.93 11.43 628.50 7.04
21701.37 11.31 627.93 5.12
21727.93 11.15 627.18 4.41
21754.50 11.32 627.37 3.57
21781.00 11.13 623.37 8.54
21807.18 11.11 626.62 5.17
21833.75 11.21 624.68 7.65
21860.06 11.10 624.93 5.19
21886.50 11.32 623.06 3.65
21912.93 11.17 621.06 4.40
21939.18 11.11 621.12 4.69
21965.56 11.32 619.68 6.02
21992.06 11.10 618.25 3.91
22018.50 11.32 616.25 12.56
22044.93 11.43 611.93 7.82
22071.56 11.49 613.56 6.14
22097.87 11.44 612.62 4.40
22124.43 11.24 611.12 4.78
22150.75 11.45 608.56 8.45
22177.31 11.30 609.31 4.71
22203.56 11.43 608.50 4.47
22229.87 11.44 607.62 4.97
22256.43 11.24 607.87 3.84
22282.75 11.45 607.68 6.91
22309.18 11.32 610.50 13.03
22335.56 11.43 604.56 4.43
22361.87 11.44 605.43 4.96
22388.50 11.28 598.75 25.25
22415.06 11.47 604.25 7.08
22441.43 11.29 603.81 3.69
22467.87 11.21 603.62 4.62
22494.25 11.37 604.75 5.24
22520.75 11.19 606.81 5.56
22547.06 11.47 605.62 8.85
22573.37 11.32 605.00 8.08
22599.87 11.21 608.18 3.59
22626.12 11.43 607.18 5.47
22652.75 11.19 609.18 4.94
22679.06 11.47 610.62 5.94
22705.37 11.32 614.56 12.84
22732.06 11.15 612.68 5.10
22758.43 11.33 614.12 4.40
22785.06 11.10 615.93 4.58
22811.31 11.30 615.43 3.77
22837.75 11.22 618.25 3.96
22864.12 11.07 619.00 3.68
22890.43 11.33 618.68 4.15
22917.00 11.13 619.62 6.01
22943.31 11.30 619.87 7.71
22969.68 11.23 620.50 9.03
22996.12 11.07 622.50 4.11
23022.43 11.33 621.81 6.20
23049.12 11.41 624.43 4.73
23075.62 11.55 623.37 4.36
23102.18 11.35 625.06 6.89
23128.56 11.27 622.68 7.23
23154.87 11.48 623.81 4.05
23181.43 11.28 623.68 4.54
23207.68 11.53 624.18 3.80
23234.06 11.42 623.25 5.22
23260.43 11.28 623.12 3.46
23286.81 11.51 624.00 4.12
23313.43 11.28 621.75 6.14
23339.68 11.53 619.87 4.57
23366.00 11.46 619.75 2.88
23392.62 11.32 618.62 4.18
23419.06 11.50 617.75 3.63
23445.68 11.27 616.68 5.13
23471.93 11.52 616.00 3.53
23498.31 11.38 615.93 6.46
23524.75 11.23 614.00 4.29
23551.06 11.50 616.12 16.83
23577.62 11.28 612.50 4.60
23603.93 11.52 611.12 4.77
23630.25 11.40 612.06 9.42
23656.75 11.23 611.81 8.66
23683.06 11.50 609.81 5.17
23709.56 11.29 608.37 5.63
23736.31 11.47 608.12 6.03
23762.75 11.31 607.68 3.80
23789.18 11.15 607.00 3.95
23815.50 11.42 605.06 19.96
23842.06 11.16 605.25 6.61
23868.31 11.21 603.31 6.85
23894.68 11.35 610.43 8.13
23921.18 11.15 606.25 2.17
23947.50 11.42 605.37 9.98
23973.93 11.24 608.31 3.75
24000.25 11.19 607.68 4.03
24026.56 11.42 608.06 3.51
24053.31 11.39 608.25 3.58
24079.87 11.55 609.75 2.84
24106.37 11.36 609.56 3.59
24132.75 11.57 611.31 3.22
24158.93 11.52 609.56 8.90
24185.56 11.29 612.56 3.18
24211.81 11.53 613.00 4.08
24238.37 11.36 611.87 10.05
24264.68 11.53 616.43 8.18
24290.93 11.52 616.93 6.80
24317.56 11.29 618.25 3.34
24343.81 11.53 615.06 8.50
24370.31 11.37 619.37 5.01
24396.87 11.57 620.06 4.08
24423.37 11.40 618.62 7.41
24449.81 11.23 618.68 7.93
24476.12 11.54 620.25 5.72
24502.56 11.33 618.93 7.12
24529.00 11.30 620.68 3.75
24555.31 11.44 621.87 3.77
24581.81 11.23 620.62 3.62
24608.12 11.54 621.37 4.17
24634.50 11.37 623.06 5.73
24660.93 11.28 622.50 2.47
24687.18 11.50 620.75 3.23
24713.81 11.23 624.87 14.35
24740.43 11.46 620.50 3.08
24766.87 11.27 620.31 4.18
24793.25 11.19 619.68 5.08
24819.50 11.42 618.87 5.50
24846.18 11.15 619.12 3.77
24872.43 11.40 618.50 3.43
24898.81 11.30 616.00 5.14
24925.18 11.15 617.81 3.84
24951.50 11.42 615.75 5.49
24978.18 11.15 614.93 5.02
25004.43 11.40 615.25 3.38
25030.81 11.30 612.75 5.01
25057.50 11.61 615.00 5.45
25083.93 11.52 614.06 6.10
25110.50 11.28 612.18 8.02
25136.75 11.57 617.93 24.53
25163.25 11.38 609.18 3.15
25189.62 11.31 610.75 5.95
25215.87 11.55 608.56 4.23
25242.43 11.32 610.18 4.08
25268.75 11.57 609.50 3.24
25295.12 11.45 610.37 4.27
25321.56 11.29 611.00 5.34
25347.87 11.55 609.68 5.58
25374.43 11.32 608.81 3.94
25400.93 11.53 609.31 5.10
25427.43 11.37 609.87 5.77
25453.93 11.28 610.31 4.92
25480.18 11.50 609.81 3.99
25506.75 11.27 612.18 5.47
25533.06 11.52 612.68 4.15
25559.37 11.40 612.00 4.91
25585.93 11.28 611.50 5.41
25612.18 11.50 612.12 4.70
25638.75 11.27 613.56 5.59
25665.06 11.52 615.00 8.28
25691.37 11.40 614.87 4.86
25717.93 11.23 615.12 6.14
25744.43 11.46 614.68 4.71
25771.12 11.14 616.62 3.20
25797.37 11.43 616.25 8.77
25823.68 11.31 616.62 5.29
25850.18 11.15 617.31 3.80
25876.50 11.42 616.50 4.62
25903.00 11.20 618.50 4.94
25929.31 11.21 611.62 28.75
25955.56 11.38 618.56 4.24
25982.18 11.15 619.00 5.44
26008.50 11.42 618.06 6.23
26034.93 11.24 617.50 10.34
26061.62 11.62 619.56 3.73
26088.00 11.49 620.00 3.41
26114.56 11.29 620.81 3.54
26140.87 11.55 619.93 4.74
26167.37 11.36 620.56 4.50
26193.75 11.57 614.81 10.27
26219.93 11.52 620.12 5.48
26246.56 11.29 618.93 3.85
26272.81 11.53 614.62 15.18
26299.37 11.36 618.12 4.82
26325.75 11.57 617.25 3.29
26351.93 11.52 617.18 4.89
26378.62 11.32 615.43 5.28
26405.00 11.49 615.37 3.97
26431.62 11.28 615.62 2.64
26458.06 11.52 613.25 4.80
26484.25 11.41 611.87 4.71
26510.68 11.24 611.37 5.04
26537.06 11.52 613.56 4.34
26563.37 11.35 612.06 4.53
26590.00 11.30 611.87 2.93
26616.12 11.48 610.87 7.03
26642.68 11.24 610.81 4.14
26669.06 11.52 610.81 9.82
26695.31 11.38 611.18 4.17
26722.18 11.27 610.25 3.72
26748.50 11.44 610.00 3.74
26775.12 11.22 610.18 3.94
26801.50 11.44 609.87 5.04
26827.75 11.33 610.75 5.75
26854.31 11.24 611.12 3.76
26880.50 11.44 611.62 3.62
26907.12 11.22 609.75 5.48
26933.50 11.44 609.50 8.43
26959.68 11.36 610.00 10.84
26986.18 11.26 610.81 4.90
27012.50 11.44 610.37 5.51
27039.12 11.22 611.12 4.86
