1.93 0.24 576.18 68.57
31.25 8.97 568.93 20.04
57.56 9.12 531.37 15.59
84.00 9.04 496.75 15.87
110.50 8.89 456.62 19.15
136.87 9.03 426.00 13.78
163.37 8.93 392.00 13.01
189.62 9.11 358.50 12.64
216.06 9.03 325.06 12.33
242.50 8.89 295.50 13.10
268.87 9.03 265.18 11.68
295.25 8.97 236.50 10.10
322.12 9.17 208.31 9.12
348.93 9.04 191.06 15.66
375.37 8.91 160.93 9.90
401.81 9.02 138.87 6.98
428.37 8.93 117.00 10.28
454.62 9.07 100.18 9.38
481.12 8.96 88.18 7.50
507.56 8.84 69.12 6.57
533.87 9.01 57.93 5.19
560.25 8.97 47.62 5.95
586.75 9.02 38.00 4.82
613.06 8.93 33.62 4.12
639.62 8.82 30.18 4.61
666.18 8.92 28.87 6.17
692.56 8.88 26.81 2.77
719.06 8.68 31.00 3.45
745.62 8.75 33.37 2.93
772.12 8.68 40.37 3.77
798.56 8.77 49.06 4.26
824.87 8.72 56.00 15.04
851.25 8.62 71.31 6.07
877.62 8.74 86.18 7.38
904.12 8.65 99.18 16.62
930.56 8.77 120.81 6.65
956.81 8.74 139.62 7.13
983.31 8.59 162.93 8.29
1009.75 8.68 182.87 8.03
1036.25 8.60 209.50 8.98
1062.81 8.64 232.37 9.98
1089.12 8.61 261.00 9.27
1115.75 8.94 287.43 7.07
1142.12 9.07 316.87 9.04
1168.62 8.98 347.12 11.35
1194.87 8.88 378.12 11.87
1221.18 9.09 409.06 11.45
1247.75 8.94 441.12 10.83
1274.06 8.83 473.87 11.26
1300.56 9.01 505.68 10.85
1326.87 8.88 538.75 11.83
1354.00 9.62 571.25 13.60
1380.56 9.50 606.56 13.10
1406.93 9.36 635.81 14.21
1433.37 9.46 668.81 13.71
1459.75 9.41 703.00 12.37
1486.18 9.53 734.31 12.03
1512.62 9.37 768.06 23.68
1538.93 9.31 795.18 11.28
1565.43 9.43 825.68 12.44
1591.81 9.38 855.62 12.22
1618.18 9.53 881.18 11.25
1644.62 9.35 910.00 10.82
1671.06 9.27 934.62 11.69
1697.56 9.39 958.75 9.88
1724.00 9.31 980.00 11.49
1750.43 9.41 1006.12 9.95
1776.87 9.27 1019.18 12.12
1803.18 9.22 1043.31 9.65
1829.75 9.30 1056.43 10.72
1856.12 9.25 1073.50 7.79
1882.43 9.39 1085.43 6.28
1908.93 9.24 1098.12 5.89
1935.18 9.22 1106.68 9.16
1961.62 9.37 1116.12 4.20
1988.25 9.19 1122.50 7.09
2014.62 9.14 1127.81 4.10
2041.12 9.19 1131.68 15.73
2067.50 9.17 1132.18 7.65
2093.93 9.26 1128.37 5.55
2120.50 9.43 1127.87 8.00
2146.87 9.53 1120.75 4.40
2173.31 9.36 1117.00 8.53
2199.62 9.36 1106.50 4.44
2226.00 9.49 1098.75 10.65
2252.37 9.39 1084.81 5.92
2278.75 9.55 1071.37 6.61
2305.25 9.38 1058.00 10.43
2332.00 9.82 1040.56 7.41
2358.37 9.93 1021.31 8.89
2384.81 9.79 1001.81 9.53
2411.25 9.98 981.31 9.73
2437.75 9.76 959.18 9.79
2464.12 9.76 940.25 18.59
2490.62 9.82 912.56 11.93
2517.00 9.70 889.62 9.62
2543.37 9.92 862.37 11.29
2569.81 9.73 836.68 12.09
2596.06 9.67 808.56 12.06
2622.50 9.86 781.62 12.07
2649.12 9.64 749.56 16.22
2675.43 9.67 726.81 16.16
2702.00 9.67 697.81 13.54
2728.25 9.59 665.62 13.61
2754.81 9.75 638.62 15.65
2781.18 9.59 612.25 14.86
2807.62 9.58 578.81 13.43
2834.06 9.64 551.56 13.51
2860.43 9.50 526.87 21.98
2886.81 9.74 494.50 12.16
2913.18 9.58 468.68 13.20
2939.56 9.61 441.93 11.41
2966.06 9.62 415.50 11.16
2992.56 9.43 390.06 10.48
3019.25 9.74 365.87 18.34
3045.56 9.61 345.18 12.83
3072.00 9.59 323.00 10.10
3098.56 9.60 301.43 9.61
3124.87 9.70 282.50 9.69
3151.43 9.90 263.43 8.63
3177.75 9.77 250.68 9.92
3204.25 9.95 231.00 8.07
3230.68 9.78 219.12 6.36
3256.87 9.70 205.25 6.39
3283.37 9.92 195.37 6.87
3309.81 9.78 186.37 8.54
3336.93 10.93 177.31 7.20
3363.31 10.97 169.12 15.14
3389.62 10.82 166.56 5.64
3416.18 11.02 163.18 4.43
3442.56 10.86 163.25 3.42
3469.00 10.90 162.62 4.82
3495.43 10.90 165.37 5.15
3521.75 10.76 168.31 5.08
3548.18 11.02 174.18 3.99
3574.62 10.83 176.68 8.28
3600.93 10.87 186.25 7.08
3627.43 10.90 198.43 7.29
3653.81 10.73 206.87 7.97
3680.31 10.97 222.50 9.23
3706.81 10.74 235.81 7.22
3733.06 10.78 252.12 12.63
3759.68 10.80 266.12 9.25
3786.00 10.66 285.18 10.10
3812.62 10.82 303.62 9.25
3838.93 10.68 324.68 10.23
3865.18 10.73 342.75 11.15
3891.75 10.76 367.06 12.51
3918.00 10.65 385.25 10.46
3944.56 10.84 411.62 17.21
3971.18 10.59 431.81 12.33
3997.50 10.44 456.56 11.10
4024.12 10.66 481.87 12.61
4050.43 10.53 505.62 14.10
4076.93 10.54 530.37 14.32
4103.50 10.50 559.25 15.61
4129.93 10.57 582.62 13.07
4156.31 10.80 608.37 12.53
4182.68 10.64 631.50 12.85
4209.12 10.89 659.18 12.80
4235.56 10.69 682.06 12.28
4261.81 10.58 706.93 13.83
4288.25 10.83 730.06 13.37
4314.75 10.81 755.93 13.37
4341.25 11.03 776.93 11.78
4367.62 10.84 798.18 9.30
4394.06 10.82 820.18 12.73
4420.50 10.91 841.12 11.03
4446.81 10.78 860.18 11.14
4473.43 10.93 880.87 10.86
4499.75 10.78 896.56 11.63
4526.18 10.76 913.87 11.97
4552.62 10.84 929.81 9.77
4578.81 10.76 942.06 9.54
4605.43 10.93 956.25 8.82
4631.75 10.78 967.18 8.58
4658.12 10.62 977.56 9.64
4684.68 10.81 985.87 6.83
4711.06 10.64 994.37 6.34
4737.62 10.62 1000.87 11.12
4764.00 10.67 1004.93 6.17
4790.50 10.44 1008.18 4.24
4816.93 10.68 1011.25 4.85
4843.25 10.54 1010.43 7.04
4869.75 10.57 1008.18 7.23
4896.00 10.65 1007.37 7.64
4922.43 10.46 1005.37 6.25
4948.87 10.71 997.25 5.43
4975.31 10.55 993.50 10.20
5001.81 10.49 986.75 14.60
5028.25 10.59 973.75 8.03
5054.62 10.44 964.25 6.60
5081.12 10.66 953.62 8.51
5107.75 10.45 938.56 7.74
5134.31 10.83 926.06 7.97
5160.68 10.66 914.00 9.13
5187.00 10.53 894.81 9.02
5213.43 10.79 878.50 10.31
5239.75 10.64 859.37 10.43
5266.31 10.83 841.56 11.65
5292.62 10.69 824.56 11.55
5319.06 10.70 802.50 11.48
5345.56 10.93 782.93 11.19
5371.87 10.78 755.62 18.86
5398.43 10.79 739.18 12.82
5424.93 10.73 719.06 13.12
5451.31 10.57 697.37 12.25
5477.87 10.76 673.50 12.84
5504.12 10.64 653.75 13.52
5530.62 10.66 630.43 12.34
5556.87 10.76 606.75 15.07
5583.37 10.52 586.62 17.23
5609.75 10.83 565.37 11.30
5636.06 10.66 545.93 21.60
5662.75 10.57 519.87 12.52
5689.06 10.68 500.87 12.81
5715.56 10.43 479.62 12.61
5742.06 10.68 458.87 12.38
5768.37 10.52 442.62 14.65
5794.87 10.46 424.68 16.16
5821.31 10.56 404.37 10.94
5847.75 10.34 388.18 11.58
5874.18 10.62 371.06 10.81
5900.43 10.49 358.25 10.41
5926.87 10.46 340.75 18.59
5953.31 10.56 330.62 9.73
5979.75 10.36 319.62 11.65
6006.31 10.56 307.87 9.82
6032.56 10.49 298.56 9.08
6059.00 10.34 290.00 8.77
6085.62 10.46 281.50 7.06
6111.93 10.34 276.43 6.84
6138.56 10.73 271.62 8.12
6164.81 10.61 269.25 7.22
6191.18 10.48 268.12 9.42
6217.62 10.70 261.00 13.51
6243.93 10.55 264.18 7.44
6270.50 10.78 268.37 6.81
6296.81 10.61 272.37 13.19
6323.37 10.73 273.81 6.96
6349.68 10.87 280.06 7.99
6376.00 10.73 283.68 8.84
6402.68 10.88 292.56 9.05
6429.06 10.68 301.68 11.08
6455.43 10.66 311.50 7.75
6481.93 10.74 320.75 8.29
6508.31 10.56 333.18 9.12
6534.81 10.81 345.75 10.33
6561.06 10.67 358.62 9.33
6587.50 10.63 373.93 9.92
6613.93 10.74 389.06 10.37
6640.18 10.61 404.68 10.36
6666.87 10.58 421.37 11.46
6693.18 10.61 438.75 11.16
6719.62 10.40 459.18 16.23
6746.31 10.58 476.00 13.28
6772.56 10.44 492.87 12.24
6799.25 10.40 513.18 12.67
6825.50 10.48 535.31 22.17
6851.87 10.31 550.25 11.50
6878.37 10.55 573.00 16.06
6904.56 10.45 589.37 13.37
6931.12 10.45 608.75 13.05
6957.43 10.52 628.37 10.48
6983.93 10.29 646.68 11.88
7010.37 10.56 666.75 13.35
7036.75 10.44 686.62 14.10
7063.31 10.43 704.00 11.55
7089.75 10.42 722.68 11.91
7116.12 10.28 740.87 11.36
7142.62 10.73 757.93 14.41
7168.87 10.60 771.50 14.71
7195.43 10.59 789.12 11.71
7221.75 10.67 804.31 10.63
7248.12 10.47 817.93 11.21
7274.62 10.73 831.75 11.23
7300.87 10.60 845.87 11.06
7327.62 10.73 855.62 13.38
7353.87 10.80 864.25 13.58
7380.18 10.65 878.93 11.39
7406.87 10.80 885.06 11.38
7433.18 10.64 893.50 9.92
7459.68 10.69 902.37 10.00
7486.06 10.70 902.75 18.90
7512.37 10.55 910.25 8.90
7538.93 10.77 915.37 9.04
7565.18 10.63 919.93 9.47
7591.62 10.63 916.68 10.46
7618.00 10.73 918.06 16.47
7644.50 10.48 915.87 16.64
7671.00 10.76 918.37 13.47
7697.31 10.57 914.87 8.21
7723.87 10.52 910.93 9.88
7750.62 10.65 905.93 9.80
7777.06 10.40 898.25 9.86
7803.56 10.47 893.06 9.16
7829.87 10.50 882.56 10.02
7856.31 10.50 874.56 8.46
7882.75 10.58 865.12 9.60
7909.06 10.39 854.68 9.24
7935.56 10.47 841.25 11.51
7961.75 10.58 831.06 10.84
7988.50 10.40 818.18 10.42
8015.06 10.45 804.37 11.56
8041.31 10.32 789.37 10.31
8067.87 10.35 773.43 15.73
8094.18 10.39 760.43 12.10
8120.75 10.45 743.00 12.12
8147.25 10.58 728.43 12.73
8173.43 10.51 711.81 13.78
8200.06 10.70 693.12 12.54
8226.31 10.56 677.87 12.24
8252.62 10.44 661.25 13.15
8279.12 10.66 643.43 13.53
8305.31 10.56 629.25 17.90
8332.12 10.87 611.37 12.45
8358.43 10.69 591.87 12.99
8384.87 10.65 576.50 12.30
8411.37 10.72 560.37 12.41
8437.62 10.59 543.68 14.29
8464.18 10.62 527.18 13.05
8490.62 10.58 515.37 18.11
8517.00 10.58 494.93 13.15
8543.50 10.64 481.56 14.70
8569.75 10.51 465.37 14.39
8596.25 10.59 454.25 12.62
8622.56 10.61 440.06 11.91
8649.00 10.54 427.31 13.39
8675.62 10.58 416.81 12.44
8701.87 10.44 404.56 13.24
8728.50 10.44 393.50 15.85
8754.81 10.52 395.18 29.06
8781.18 10.37 379.81 11.65
8807.75 10.56 370.81 11.30
8834.00 10.42 366.00 10.44
8860.56 10.46 358.81 9.87
8886.87 10.49 353.68 11.78
8913.25 10.34 352.12 11.88
8939.68 10.60 349.18 9.98
8966.12 10.41 348.37 12.29
8992.62 10.38 343.25 11.89
9019.18 10.42 346.81 9.72
9045.43 10.27 347.06 9.81
9072.12 10.46 348.56 9.81
9098.31 10.36 354.12 11.98
9125.00 10.55 356.25 10.28
9151.43 10.53 354.56 29.97
9177.62 10.41 368.43 9.73
9204.25 10.63 374.43 12.88
9230.43 10.53 380.68 13.77
9257.00 10.55 388.93 10.30
9283.37 10.56 399.12 10.10
9309.68 10.41 408.81 11.28
9336.31 10.77 422.12 19.41
9362.56 10.66 427.25 11.21
9389.18 10.64 441.37 11.83
9415.50 10.69 452.43 10.73
9441.81 10.51 467.50 12.39
9468.43 10.71 473.06 18.70
9494.75 10.56 493.68 14.18
9521.18 10.63 508.75 12.41
9547.56 10.65 519.37 12.15
9573.81 10.51 534.43 14.24
9600.31 10.79 551.00 13.95
9626.68 10.59 564.93 13.30
9653.12 10.58 581.31 13.41
9679.68 10.59 595.75 12.98
9706.00 10.41 612.43 13.55
9732.56 10.64 625.62 11.71
9758.93 10.50 642.00 14.42
9785.37 10.52 656.56 13.35
9811.93 10.50 671.37 16.72
9838.12 10.39 685.31 16.09
9864.62 10.44 697.06 13.54
9891.00 10.46 711.75 13.15
9917.37 10.35 725.56 12.67
9943.93 10.50 742.87 29.45
9970.18 10.38 751.00 13.40
9996.81 10.35 760.68 14.77
10023.12 10.47 772.56 12.42
10049.56 10.34 782.87 12.33
10076.12 10.47 790.62 14.91
10102.43 10.32 801.68 11.59
10129.06 10.73 811.68 13.04
10155.37 10.58 818.12 11.26
10181.75 10.48 824.31 11.16
10208.25 10.64 831.31 11.31
10234.43 10.54 835.00 10.98
10261.00 10.77 839.25 10.64
10287.37 10.58 842.81 13.10
10313.68 10.46 846.18 10.17
10340.31 10.81 848.43 11.01
10366.50 10.71 843.12 26.99
10393.18 10.86 846.93 10.76
10419.56 10.67 851.43 11.39
10445.81 10.57 847.87 9.28
10472.62 10.61 843.56 10.18
10498.87 10.48 841.56 10.83
10525.31 10.57 837.12 9.77
10551.75 10.54 834.37 10.40
10578.00 10.43 826.43 9.84
10604.62 10.61 823.81 13.21
10630.87 10.48 815.50 9.83
10657.37 10.53 808.12 11.48
10683.75 10.53 800.62 10.26
10710.12 10.32 792.68 10.17
10736.75 10.56 783.31 11.61
10763.18 10.34 771.93 11.42
10789.62 10.42 760.87 10.74
10815.93 10.47 750.12 12.35
10842.31 10.32 737.37 11.87
10868.75 10.56 725.93 12.79
10895.12 10.37 714.62 12.37
10921.56 10.46 702.00 13.99
10947.93 10.47 690.43 13.00
10974.31 10.29 677.43 12.63
11000.93 10.50 664.50 13.52
11027.25 10.37 650.06 12.44
11053.68 10.44 637.00 13.25
11080.25 10.38 624.00 15.19
11106.56 10.23 610.25 13.60
11133.18 10.65 596.68 14.73
11159.43 10.51 584.75 15.09
11185.87 10.44 571.68 13.72
11212.37 10.55 559.37 13.29
11238.62 10.41 548.12 14.02
11265.18 10.65 533.93 13.62
11291.37 10.55 523.56 12.42
11318.06 10.70 513.56 16.01
11344.43 10.71 501.18 12.80
11370.75 10.54 489.62 12.82
11397.37 10.72 482.06 13.31
11423.56 10.65 470.93 12.67
11450.18 10.63 462.56 13.49
11476.56 10.64 456.12 11.63
11502.93 10.43 447.18 10.89
11529.43 10.69 438.87 13.12
11555.75 10.53 433.81 12.36
11582.25 10.59 422.81 23.23
11608.56 10.64 422.06 11.59
11634.81 10.50 417.06 9.82
11661.37 10.73 413.81 11.78
11687.87 10.46 410.87 11.70
11714.25 10.46 410.43 11.43
11740.81 10.54 408.25 10.16
11767.18 10.34 399.87 23.77
11793.68 10.60 412.50 19.77
11820.06 10.40 409.68 10.11
11846.37 10.32 408.93 9.11
11872.93 10.47 412.50 10.49
11899.25 10.30 415.75 10.65
11925.62 10.42 420.06 10.07
11952.00 10.44 423.75 10.26
11978.43 10.31 427.68 10.84
12005.06 10.42 438.87 19.25
12031.43 10.27 440.00 9.03
12057.87 10.35 447.75 10.04
12084.18 10.41 455.43 10.53
12110.68 10.29 462.31 11.63
12137.18 10.65 470.75 11.33
12163.56 10.44 480.75 10.66
12190.00 10.74 489.68 11.17
12216.31 10.58 502.87 18.41
12242.75 10.47 512.87 14.02
12269.18 10.65 515.50 22.82
12295.43 10.52 528.62 13.25
12322.06 10.91 544.25 13.68
12348.43 10.71 553.87 11.92
12374.81 10.71 564.75 13.07
12401.37 10.75 575.31 12.43
12427.75 10.54 588.68 12.76
12454.31 10.79 598.50 12.26
12480.75 10.54 612.56 13.58
12507.00 10.44 623.25 12.69
12533.62 10.62 634.93 12.63
12559.81 10.51 648.12 16.52
12586.31 10.57 658.87 12.48
12612.68 10.58 667.81 13.27
12639.00 10.44 679.12 11.59
12665.75 10.55 690.18 12.67
12692.06 10.38 699.81 11.71
12718.56 10.42 710.75 12.09
12744.93 10.48 719.06 13.50
12771.25 10.36 727.87 11.68
12797.87 10.50 735.75 11.65
12824.25 10.31 745.81 12.67
12850.62 10.43 752.50 10.79
12877.00 10.45 755.81 15.01
12903.31 10.33 766.81 13.05
12929.81 10.54 767.25 18.66
12956.25 10.31 778.43 12.06
12982.62 10.46 782.06 10.13
13009.12 10.40 786.75 10.18
13035.43 10.28 790.68 12.25
13062.18 10.42 791.18 10.64
13088.37 10.31 793.62 9.88
13114.93 10.36 796.00 10.18
13141.37 10.34 796.68 12.08
13167.56 10.23 795.87 9.30
13194.18 10.42 801.37 22.27
13220.43 10.29 794.37 9.72
13246.87 10.23 794.06 10.06
13273.37 10.34 791.12 8.84
13299.56 10.23 785.93 14.88
13326.31 10.56 786.12 12.05
13352.50 10.47 781.18 8.97
13379.06 10.50 776.31 10.96
13405.50 10.47 768.93 10.32
13432.18 10.26 765.50 9.85
13458.75 10.46 757.93 11.03
13485.00 10.32 750.62 11.30
13511.62 10.34 747.00 10.36
13537.87 10.40 737.18 11.25
13564.25 10.22 725.81 15.01
13590.75 10.46 719.75 10.18
13617.00 10.32 713.43 11.29
13643.68 10.29 703.62 14.22
13670.00 10.33 687.37 15.67
13696.37 10.15 683.25 10.71
13722.87 10.17 674.06 11.04
13749.25 10.22 662.87 11.58
13775.75 10.23 653.25 12.73
13802.25 10.22 644.25 11.58
13828.56 10.08 635.56 19.75
13855.00 10.15 623.93 13.20
13881.31 10.18 613.00 12.10
13907.68 10.10 601.62 12.04
13934.18 10.24 591.62 11.15
13960.50 10.12 583.87 12.24
13987.06 10.13 571.31 11.85
14013.50 10.22 566.75 11.10
14040.00 10.11 556.43 12.01
14066.56 10.18 548.81 18.33
14092.87 10.10 536.06 11.59
14119.50 10.43 528.56 11.24
14145.75 10.52 520.06 11.28
14172.31 10.36 512.06 11.39
14198.62 10.38 504.68 12.26
14224.93 10.41 497.68 12.10
14251.50 10.43 490.93 11.35
14277.68 10.34 486.43 11.47
14304.31 10.36 481.43 10.14
14330.68 10.51 468.31 29.62
14357.06 10.53 469.93 13.21
14383.50 10.61 470.62 14.46
14409.81 10.43 462.12 10.68
14436.50 10.58 459.75 9.38
14462.75 10.48 459.37 12.06
14489.18 10.53 459.31 10.18
14515.68 10.53 455.81 9.70
14542.00 10.35 456.25 12.47
14568.43 10.44 454.43 9.03
14594.81 10.44 456.87 10.34
14621.18 10.53 457.68 10.14
14647.75 10.49 461.93 13.73
14674.06 10.32 462.31 10.61
14700.56 10.37 458.12 30.76
14726.93 10.37 469.93 10.18
14753.56 10.36 472.25 9.95
14779.93 10.43 477.93 13.39
14806.18 10.30 482.62 14.79
14832.81 10.31 488.00 10.62
14859.00 10.39 492.37 11.36
14885.50 10.32 496.87 13.17
14912.00 10.39 506.93 13.61
14938.18 10.30 511.25 10.38
14964.81 10.28 519.75 10.80
14991.31 10.24 529.50 9.34
15017.75 10.04 534.81 11.80
15044.31 10.28 543.25 11.65
15070.50 10.20 550.87 16.04
15097.18 10.12 556.68 17.60
15123.43 10.42 569.37 12.28
15149.87 10.41 579.62 18.82
15176.43 10.42 586.56 11.55
15202.62 10.36 595.75 12.46
15229.18 10.36 605.06 11.87
15255.43 10.42 612.18 16.39
15281.81 10.46 622.12 13.06
15308.37 10.29 630.93 12.64
15334.68 10.50 640.37 11.85
15361.31 10.49 648.31 14.62
15387.62 10.50 656.68 13.27
15413.87 10.62 665.81 12.93
15440.62 10.50 672.87 11.90
15466.81 10.46 680.43 13.82
15493.50 10.35 692.25 20.08
15519.75 10.47 695.75 11.84
15546.06 10.54 700.43 13.21
15572.68 10.46 708.43 12.17
15598.81 10.45 715.56 11.73
15625.43 10.33 720.25 11.99
15651.75 10.42 729.31 12.31
15678.25 10.22 732.75 12.11
15704.81 10.39 735.50 10.54
15731.00 10.33 739.50 13.06
15757.68 10.23 745.06 12.14
15783.93 10.36 748.50 11.78
15810.25 10.25 748.43 11.33
15836.93 10.36 749.87 15.36
15863.00 10.36 754.87 10.93
15889.62 10.27 755.31 11.76
15915.93 10.36 757.25 11.81
15942.25 10.25 756.00 12.61
15968.87 10.25 755.75 9.97
15995.56 10.22 755.25 10.98
16022.18 10.20 754.31 11.00
16048.43 10.25 750.68 11.28
16074.75 10.16 749.00 12.13
16101.43 10.09 746.81 10.87
16127.81 10.36 741.12 11.02
16154.31 10.33 733.50 24.91
16180.62 10.37 736.25 11.57
16207.00 10.48 732.81 14.81
16233.56 10.25 726.68 12.85
16259.81 10.36 721.56 11.52
16286.25 10.30 718.00 11.47
16312.68 10.37 708.37 16.73
16339.06 10.42 705.00 12.62
16365.75 10.50 698.87 18.45
16391.93 10.44 689.75 13.15
16418.56 10.32 681.25 12.20
16444.87 10.45 681.93 18.45
16471.12 10.42 667.93 14.80
16497.87 10.40 659.31 14.82
16524.06 10.41 655.62 13.74
16550.43 10.46 646.12 14.30
16576.93 10.41 637.06 12.40
16603.18 10.37 629.93 15.62
16629.81 10.43 621.25 14.79
16656.12 10.36 614.62 13.11
16682.68 10.31 606.25 12.81
16709.12 10.28 599.50 13.16
16735.50 10.28 589.93 15.00
16762.12 10.23 583.18 13.20
16788.43 10.23 576.81 13.41
16815.00 10.22 568.93 14.48
16841.37 10.23 562.68 13.21
16867.56 10.20 557.06 15.91
16894.25 10.14 548.75 15.55
16920.43 10.23 542.62 13.09
16946.93 10.19 535.68 14.44
16973.43 10.21 530.87 12.68
16999.68 10.19 525.43 13.85
17026.43 10.14 519.93 13.30
17052.75 10.21 516.50 13.92
17079.12 9.98 512.37 13.12
17105.68 10.17 507.87 13.02
17132.00 10.31 505.18 12.71
17158.68 10.22 498.93 16.88
17184.81 10.34 499.75 12.34
17211.12 10.44 499.68 11.65
17237.75 10.35 494.87 12.76
17264.00 10.31 494.87 11.64
17290.50 10.35 494.18 12.39
17316.93 10.47 492.18 11.22
17343.25 10.60 491.68 13.21
17369.87 10.47 488.25 24.06
17396.18 10.39 495.81 12.01
17422.93 10.39 496.00 12.75
17449.18 10.45 498.31 12.00
17475.62 10.46 500.81 12.67
17502.31 10.31 504.93 13.58
17528.50 10.30 504.81 11.90
17555.06 10.30 510.00 12.13
17581.37 10.32 515.18 17.70
17607.62 10.46 518.43 14.06
17634.31 10.31 522.87 12.75
17660.56 10.25 526.00 12.67
17687.06 10.19 530.81 12.21
17713.50 10.18 536.62 13.14
17740.00 10.04 543.25 12.38
17766.56 10.20 547.75 14.66
17792.81 10.14 554.18 13.89
17819.37 10.08 559.18 28.59
17845.62 10.15 565.62 14.03
17871.93 10.09 573.62 12.80
17898.56 10.19 579.87 14.60
17924.75 10.16 586.06 13.59
17951.25 10.18 592.75 14.01
17977.68 10.13 600.56 14.01
18003.93 10.10 607.43 13.35
18030.68 10.23 613.75 14.46
18056.93 10.14 621.00 14.54
18083.56 10.15 626.75 14.38
18109.93 10.09 634.93 15.61
18136.25 10.42 640.87 14.53
18162.87 10.18 647.81 14.49
18189.12 10.26 653.81 14.40
18215.56 10.33 659.56 15.17
18242.00 10.26 667.06 13.62
18268.25 10.42 671.93 14.19
18294.87 10.18 676.81 16.87
18321.25 10.38 683.06 14.57
18347.62 10.40 687.25 14.07
18374.12 10.38 692.43 13.76
18400.37 10.31 697.12 13.56
18427.18 10.39 701.56 12.70
18453.37 10.34 704.43 12.73
18480.25 10.16 708.75 13.52
18506.62 10.22 712.37 13.34
18532.81 10.19 713.68 13.21
18559.56 10.26 715.68 12.91
18585.68 10.23 720.25 13.26
18612.06 10.32 724.18 18.82
18638.62 10.22 721.31 12.37
18664.93 10.11 721.50 16.06
18691.62 10.23 723.12 12.51
18717.87 10.09 722.12 14.11
18744.50 10.11 723.12 12.25
18770.87 10.10 719.93 17.38
18797.12 10.02 722.12 12.32
18823.81 9.97 720.00 13.01
18850.00 10.06 718.43 13.41
18876.50 10.07 715.00 13.36
18902.93 10.05 713.25 13.19
18929.06 10.04 711.75 12.72
18955.75 9.98 706.68 14.10
18982.12 10.02 703.93 13.10
19008.56 10.02 702.31 11.83
19035.12 10.04 695.81 15.81
19061.25 10.03 692.68 12.51
19088.06 9.91 687.00 18.56
19114.31 9.96 684.25 14.45
19140.81 10.16 677.81 13.47
19167.31 10.15 673.31 13.60
19193.50 10.12 667.06 15.57
19220.18 10.07 658.18 24.77
19246.31 10.15 655.68 13.87
19272.62 10.27 651.37 15.05
19299.31 10.15 644.06 15.59
19325.62 10.24 637.75 13.39
19352.25 10.41 634.43 13.14
19378.43 10.27 628.50 14.82
19404.81 10.36 620.62 14.17
19431.56 10.23 618.50 18.24
19457.75 10.20 609.18 15.92
19484.43 10.18 602.75 13.04
19510.68 10.23 597.06 14.77
19536.93 10.36 591.12 15.68
19563.62 10.22 585.56 15.04
19589.75 10.21 580.00 14.42
19616.43 10.18 574.68 14.11
19642.81 10.14 569.50 15.12
19669.18 9.99 565.31 16.59
19695.75 10.14 559.81 13.67
19722.00 10.02 552.87 15.09
19748.62 10.02 549.68 12.71
19774.93 10.05 547.25 14.56
19801.43 9.83 542.06 13.69
19827.93 10.05 537.12 15.39
19854.12 9.99 537.00 12.89
19880.75 9.92 532.06 16.98
19907.00 10.00 527.31 14.81
19933.31 9.90 526.37 17.29
19959.93 10.05 528.06 14.77
19986.31 9.98 524.93 14.63
20012.87 10.00 522.50 12.60
20039.25 10.01 521.62 12.57
20065.56 9.89 520.75 12.79
20092.31 9.97 520.06 12.90
20118.56 9.91 522.06 15.59
20145.12 10.12 522.37 13.33
20171.43 10.12 522.50 14.29
20197.68 10.04 522.06 12.85
20224.37 10.00 524.00 12.00
20250.56 10.10 524.18 14.16
20277.00 10.14 529.18 12.97
20303.43 10.12 529.56 12.81
20329.81 10.16 532.87 12.51
20356.50 10.28 536.62 12.68
20382.62 10.25 536.37 13.61
20409.25 10.12 542.00 12.16
20435.68 10.20 544.50 13.55
20461.87 10.16 549.00 15.22
20488.62 10.24 554.06 13.69
20514.81 10.20 557.12 13.87
20541.25 10.18 562.25 13.41
20567.75 10.19 562.62 23.14
20593.93 10.15 571.43 13.35
20620.62 10.24 576.75 13.52
20647.06 10.05 580.81 13.19
20673.50 10.07 586.00 14.56
20700.00 10.02 591.12 13.77
20726.31 9.90 597.56 14.95
20753.00 10.07 601.87 15.05
20779.25 9.97 607.06 14.76
20805.75 9.75 614.43 13.32
20832.18 9.92 616.18 14.62
20858.43 9.87 621.87 17.88
20885.00 9.83 629.43 12.93
20911.31 9.92 632.31 13.57
20937.68 9.77 638.56 13.53
20964.31 9.87 643.25 14.64
20990.50 9.87 647.87 14.40
21017.31 9.81 653.12 14.01
21043.56 9.89 656.81 14.37
21069.81 9.72 662.62 13.57
21096.50 9.85 665.43 13.41
21122.81 9.97 668.50 14.85
21149.50 9.92 674.00 15.58
21175.68 9.98 677.37 12.75
21202.00 10.05 679.12 14.43
21228.62 10.00 684.37 12.73
21254.81 9.97 686.06 14.13
21281.43 9.97 689.18 13.72
21307.68 9.98 690.87 12.45
21334.12 10.21 692.56 13.88
21360.75 10.11 695.06 16.03
21387.00 10.03 694.25 12.62
21413.68 10.16 695.93 15.41
21439.87 10.07 697.31 13.54
21466.06 10.04 697.75 12.36
21492.93 10.05 698.31 12.45
21519.12 10.03 700.06 11.86
21545.68 10.00 697.31 16.48
21572.00 10.04 695.62 12.51
21598.12 10.03 695.87 12.36
21624.93 10.05 694.81 13.23
21651.06 10.01 693.37 12.12
21677.75 9.95 690.43 12.63
21704.12 9.98 688.18 12.86
21730.43 9.82 684.75 15.96
21757.12 9.99 684.31 12.42
21783.25 9.93 682.62 12.44
21809.87 9.88 677.43 12.51
21836.31 9.88 675.62 12.29
21862.50 9.83 671.50 12.46
21889.18 9.94 664.93 16.10
21915.31 9.88 665.43 12.92
21941.81 9.93 659.93 12.43
21968.37 9.86 656.62 13.26
21994.62 9.81 651.25 13.40
22021.37 9.94 647.12 13.01
22047.50 9.88 642.68 13.77
22074.25 9.87 635.18 16.41
22100.56 9.83 632.56 15.39
22126.81 9.97 628.93 14.25
22153.62 10.00 624.31 13.44
22179.75 9.96 626.56 28.97
22206.25 10.02 618.00 18.36
22232.62 10.00 607.37 15.84
22258.81 9.97 609.00 13.78
22285.50 9.92 602.12 13.85
22311.81 9.95 597.12 13.36
22338.37 10.12 596.31 12.37
22364.75 10.11 589.81 13.63
22390.93 10.03 585.43 13.56
22417.68 10.16 581.06 12.83
22443.93 10.05 572.56 14.80
22470.56 10.04 567.75 17.63
22497.12 10.04 569.75 12.79
22523.25 10.03 565.37 15.05
22549.93 10.14 563.43 12.35
22576.12 10.04 558.81 13.55
22602.43 10.15 556.31 13.05
22629.12 10.04 554.12 13.24
22655.31 10.00 549.25 14.62
22682.06 10.08 550.06 11.58
22708.31 9.92 547.31 13.60
22734.75 9.95 545.81 11.37
22761.31 9.93 547.12 14.44
22787.50 9.91 536.87 31.21
22814.25 9.98 544.75 11.99
22840.43 9.88 542.43 12.99
22866.75 9.74 541.37 13.73
22893.37 9.88 541.68 11.99
22919.56 9.86 542.31 12.45
22946.12 9.83 542.50 15.41
22972.50 9.85 543.93 13.59
22998.93 9.69 545.50 12.43
23025.56 9.87 544.18 18.23
23051.75 9.85 550.25 19.24
23078.43 9.80 543.81 23.70
23104.75 9.80 550.37 12.66
23131.12 10.04 551.68 11.66
23157.75 9.98 555.87 10.70
23183.87 9.95 558.62 12.92
23210.56 9.95 560.68 11.41
23236.81 9.98 563.56 11.90
23263.06 10.10 563.18 13.85
23289.75 9.98 570.31 12.60
23316.06 10.20 571.12 14.97
23342.75 10.38 576.06 13.92
23369.00 10.22 580.31 13.12
23395.37 10.28 585.12 14.47
23422.00 10.23 587.62 14.51
23448.25 10.16 591.75 12.58
23475.00 10.27 596.25 12.92
23501.18 10.17 600.68 11.62
23527.31 10.16 603.62 14.22
23554.06 10.22 608.43 12.65
23580.31 10.16 611.75 13.03
23606.87 10.25 616.18 14.29
23633.18 10.17 618.62 11.05
23659.43 10.10 618.87 14.42
23686.12 10.20 628.31 17.24
23712.50 10.03 631.18 14.56
23739.06 10.19 628.81 23.74
23765.37 10.10 637.25 18.03
23791.68 9.93 643.68 14.92
23818.31 10.10 645.37 12.33
23844.50 10.01 648.68 16.73
23871.06 10.16 651.62 19.30
23897.43 10.05 655.43 13.21
23923.62 9.99 657.68 13.39
23950.31 10.10 661.81 13.24
23976.56 9.99 664.81 11.61
24003.18 10.16 665.56 12.26
24029.62 10.04 668.06 12.97
24055.81 9.98 670.25 13.41
24082.56 10.05 671.31 14.86
24108.87 9.91 673.81 12.77
24135.43 10.17 674.68 11.99
24161.75 10.14 674.87 13.01
24188.00 10.09 676.00 12.28
24214.62 10.20 677.43 12.54
24240.87 10.12 675.68 12.84
24267.25 10.15 679.25 12.01
24293.75 10.14 678.18 13.70
24320.31 10.62 678.56 12.99
24346.93 10.74 674.18 14.23
24373.18 10.66 675.87 12.06
24399.75 10.56 673.50 12.05
24426.18 10.64 674.25 12.78
24452.43 10.58 672.93 11.85
24479.06 10.73 672.06 16.40
24505.31 10.63 668.81 12.43
24531.75 10.62 665.37 13.22
24558.31 10.63 664.93 10.77
24584.50 10.58 667.00 22.59
24611.06 10.73 658.81 12.86
24637.31 10.63 658.43 13.28
24663.75 10.67 646.43 33.78
24690.43 10.56 653.75 11.61
24716.68 10.45 648.25 12.60
24743.25 10.48 645.50 12.53
24769.56 10.52 645.62 14.19
24796.12 10.49 638.50 12.90
24822.56 10.47 635.68 12.75
24848.81 10.41 632.25 12.16
24875.31 10.43 628.25 13.19
24901.62 10.47 626.25 13.75
24927.93 10.33 621.31 14.88
24954.50 10.48 617.68 13.21
24980.87 10.38 617.81 13.86
25007.37 10.38 610.50 14.63
25033.81 10.46 608.81 14.41
25060.18 10.29 603.93 13.31
25086.75 10.46 601.31 14.54
25113.06 10.38 596.43 14.31
25139.62 10.56 593.75 13.19
25165.93 10.60 590.56 13.49
25192.25 10.65 588.31 14.69
25218.87 10.60 584.12 12.10
25245.06 10.54 581.75 14.96
25271.62 10.56 577.81 22.24
25297.93 10.60 576.25 13.70
25324.37 10.82 575.43 14.30
25351.00 10.73 572.75 12.97
25377.18 10.67 569.62 14.33
25403.81 10.64 568.31 13.95
25430.18 10.68 567.06 13.15
25456.50 10.78 564.62 14.76
25483.06 10.78 564.56 13.65
25509.37 10.66 564.43 13.02
25535.93 10.64 561.37 13.21
25562.25 10.68 556.18 16.96
25588.43 10.62 562.43 15.23
25615.06 10.78 559.50 12.78
25641.43 10.64 558.75 12.22
25667.93 10.55 558.12 14.65
25694.37 10.61 558.31 12.83
25720.75 10.42 557.50 14.65
25747.25 10.67 559.00 14.13
25773.68 10.51 559.50 13.69
25800.18 10.46 561.50 13.67
25826.56 10.52 559.56 15.66
25852.81 10.40 563.12 12.57
25879.37 10.58 564.06 13.93
25905.62 10.48 567.12 13.23
25932.12 10.49 569.18 13.68
25958.56 10.52 571.18 14.31
25984.87 10.43 570.93 13.58
26011.56 10.55 576.68 15.26
26037.81 10.47 573.18 12.67
26064.50 10.42 580.31 13.07
26090.81 10.46 581.00 13.94
26117.12 10.33 585.00 14.07
26143.68 10.34 586.43 14.55
26169.93 10.41 588.62 13.50
26196.56 10.40 590.81 13.46
26222.81 10.43 595.68 14.43
26249.12 10.33 598.25 14.08
26275.68 10.34 602.31 12.81
26301.93 10.41 604.87 14.30
26328.62 10.52 608.00 14.05
26354.93 10.57 610.06 15.66
26381.25 10.46 613.43 12.72
26407.81 10.62 614.75 13.21
26434.25 10.50 619.31 16.45
26460.62 10.47 625.25 14.11
26487.06 10.57 624.06 15.63
26513.43 10.42 629.25 15.63
26539.93 10.62 632.93 14.70
26566.18 10.52 634.93 14.43
26592.62 10.50 637.56 14.98
26619.06 10.57 641.56 14.76
26645.50 10.39 642.12 21.30
26672.06 10.56 644.06 13.99
26698.31 10.41 651.50 19.56
26724.81 10.19 647.75 14.50
26751.31 10.46 650.12 15.16
26777.68 10.30 653.43 13.98
26804.18 10.31 652.37 16.55
26830.43 10.35 653.81 14.31
26857.00 10.17 661.18 21.24
26883.37 10.41 658.18 16.15
26909.68 10.30 659.37 13.87
26936.18 10.31 660.43 14.53
26962.37 10.41 658.50 16.26
26989.00 10.14 657.06 23.45
27015.56 10.40 662.06 13.48
27041.87 10.29 659.93 13.95
