1.93 0.24 563.50 75.07
20.68 8.87 494.18 61.38
36.93 8.81 410.31 46.34
53.37 8.69 325.43 40.76
69.75 8.86 252.18 34.56
86.12 8.75 184.62 29.32
102.62 8.89 129.81 24.12
118.87 8.82 82.25 17.15
135.37 8.69 48.43 13.47
151.87 8.83 20.68 9.94
168.18 8.74 13.31 5.68
184.62 8.89 14.43 11.09
201.00 8.80 29.12 16.42
217.43 8.67 55.62 22.78
233.93 8.82 94.56 27.61
250.31 8.71 143.06 32.35
266.75 8.86 200.68 35.84
283.06 8.78 267.25 39.69
299.56 8.65 340.12 41.78
316.00 8.80 420.43 42.93
332.37 8.71 498.43 44.41
348.81 8.85 580.68 42.94
365.25 8.75 664.00 41.42
381.50 8.67 743.12 38.62
398.12 8.77 821.12 36.26
414.37 8.72 892.43 33.71
430.87 8.84 958.00 28.25
447.31 8.74 1016.06 23.44
463.56 8.66 1064.93 17.05
480.12 8.77 1104.37 12.08
496.37 8.72 1129.12 14.48
512.81 8.60 1149.37 2.69
529.37 8.72 1155.37 6.56
545.62 8.64 1150.25 12.97
562.12 8.77 1134.06 18.74
578.50 8.69 1109.31 26.40
594.81 8.59 1070.06 26.62
611.81 8.75 1023.37 29.96
628.18 8.69 968.87 33.74
644.56 8.83 909.93 37.08
661.00 8.76 844.43 39.97
677.25 8.66 772.68 39.17
693.87 8.74 698.25 40.10
710.18 8.70 623.12 40.53
726.62 8.82 555.56 41.25
743.18 8.71 481.06 36.39
759.56 8.59 407.93 31.50
775.87 8.75 350.56 28.74
792.37 8.66 295.00 25.88
808.87 9.00 243.06 20.31
825.31 8.92 201.62 15.67
841.68 9.07 168.25 11.28
858.00 8.96 146.31 7.02
874.37 8.90 132.25 3.40
890.87 9.00 128.06 10.63
907.31 8.92 138.00 11.46
923.68 8.81 156.50 18.25
940.06 8.94 182.81 21.43
956.50 8.85 218.81 25.13
973.00 8.96 261.87 28.75
989.31 8.86 307.93 36.04
1005.81 8.75 365.81 34.73
1022.18 8.90 426.93 33.74
1038.62 8.80 491.87 35.74
1054.93 8.97 556.75 35.45
1071.31 8.85 622.87 36.16
1087.81 8.75 687.56 26.31
1104.12 8.91 753.18 30.79
1120.56 8.82 812.81 28.45
1137.00 8.95 866.43 27.12
1153.37 8.84 915.25 20.55
1169.81 8.75 960.50 18.09
1186.25 8.88 992.12 8.96
1202.62 8.81 1020.68 7.36
1219.18 8.90 1037.75 4.66
1235.43 8.83 1046.50 12.07
1251.93 8.72 1047.68 8.36
1268.25 8.88 1038.87 10.92
1284.68 8.79 1024.06 18.21
1301.25 8.89 997.56 20.31
1317.56 8.81 963.81 23.89
1333.93 8.72 928.43 35.44
1350.31 8.87 878.75 29.54
1366.75 8.78 825.75 29.64
1383.31 8.62 768.56 30.46
1399.62 8.79 713.12 32.35
1416.06 8.69 651.62 31.71
1432.43 8.84 593.06 30.36
1448.75 8.76 534.18 28.41
1465.18 8.65 479.75 28.71
1481.56 8.80 425.18 25.27
1498.06 8.69 377.68 21.24
1514.37 8.86 338.12 26.61
1530.87 8.72 297.87 14.56
1547.25 8.63 267.50 10.55
1563.68 8.76 246.50 6.05
1580.12 8.68 231.56 3.77
1596.68 8.86 229.31 8.46
1613.00 8.77 228.31 6.70
1629.37 8.71 239.00 12.69
1645.75 8.84 253.93 15.30
1662.06 8.76 280.18 17.90
1678.68 8.86 313.31 21.34
1695.00 8.77 352.50 23.36
1711.50 8.67 393.00 27.82
1727.75 8.85 440.31 27.65
1744.18 8.73 493.93 30.04
1760.81 8.84 543.00 28.91
1777.12 8.74 595.75 27.30
1793.62 8.64 648.68 26.74
1810.00 9.03 697.75 32.13
1826.37 8.91 748.87 22.95
1843.00 9.03 797.43 21.09
1859.18 8.98 838.31 17.98
1875.62 8.89 873.87 18.90
1892.00 9.03 906.25 11.60
1908.37 8.91 930.37 9.33
1925.00 9.03 950.31 7.19
1941.18 8.97 956.37 10.43
1957.62 8.84 963.81 7.59
1974.12 8.98 960.56 7.95
1990.50 8.86 948.75 11.14
2007.12 8.98 931.31 15.15
2023.31 8.92 904.06 19.18
2039.75 8.78 877.37 19.61
2056.18 8.96 841.62 21.65
2072.50 8.85 802.75 23.55
2089.06 9.00 760.62 25.49
2105.25 8.94 714.00 25.87
2121.68 8.81 667.75 26.06
2138.25 8.94 619.18 23.37
2154.50 8.86 572.12 24.54
2171.18 8.96 524.43 23.93
2187.43 8.89 482.12 21.28
2203.81 8.76 441.12 18.76
2220.37 8.91 406.50 14.68
2236.56 8.86 374.18 12.46
2253.18 8.71 348.68 11.89
2269.50 8.87 327.06 7.10
2285.87 8.74 313.06 3.85
2302.43 8.89 305.93 6.68
2318.62 8.85 302.31 5.37
2335.12 8.73 308.12 7.51
2351.56 8.86 318.43 15.63
2367.93 8.73 336.18 12.97
2384.50 8.88 358.81 17.28
2400.75 8.83 386.50 20.06
2417.12 8.69 421.12 19.64
2433.62 8.84 455.87 21.35
2449.93 8.75 494.12 22.54
2466.50 8.88 536.87 25.10
2482.68 8.83 576.37 23.04
2499.06 8.71 622.68 22.17
2515.50 8.88 663.06 20.85
2531.87 8.77 704.00 20.93
2548.50 8.88 742.31 17.94
2564.81 8.80 776.43 6.67
2581.18 8.67 810.37 13.67
2597.68 8.88 838.37 11.70
2614.00 8.78 859.68 8.72
2630.68 8.88 877.31 5.14
2646.87 8.83 888.93 2.36
2663.18 8.78 894.87 2.03
2679.68 8.88 892.00 9.19
2696.06 8.76 889.12 10.81
2712.62 8.65 878.00 11.43
2728.93 8.81 861.37 13.08
2745.37 8.74 837.37 14.66
2761.81 8.85 810.81 21.87
2778.12 8.77 780.93 19.59
2794.75 8.62 748.50 18.84
2811.06 9.03 712.75 20.84
2827.43 8.91 675.37 21.69
2843.93 9.07 641.93 24.34
2860.18 9.01 597.50 20.82
2876.87 9.09 562.25 20.32
2893.06 9.03 525.18 18.75
2909.50 8.89 492.93 16.34
2926.06 9.03 461.50 14.17
2942.25 8.97 436.25 15.32
2958.87 8.82 411.06 9.52
2975.18 8.99 391.81 10.11
2991.62 8.84 376.87 5.79
3008.18 8.98 370.37 7.29
3024.43 8.91 363.75 4.51
3040.93 8.80 365.87 5.91
3057.31 8.94 372.68 7.69
3073.56 8.85 383.43 10.68
3090.18 8.98 400.93 13.78
3106.43 8.91 420.81 13.86
3122.81 8.84 443.93 16.67
3139.43 8.91 476.00 21.66
3155.62 8.84 503.87 17.62
3172.25 8.96 535.31 18.04
3188.56 8.87 569.25 17.73
3204.87 8.82 601.06 19.72
3221.43 8.91 638.25 19.44
3237.75 8.83 671.12 18.04
3254.31 8.95 703.50 16.20
3270.56 8.87 733.06 14.46
3286.87 8.77 759.87 11.53
3303.50 8.90 782.31 11.39
3319.81 8.82 803.50 7.83
3336.37 8.93 819.62 5.99
3352.68 8.85 830.93 4.08
3368.93 8.76 835.25 6.91
3385.50 8.90 840.12 3.16
3401.81 8.82 837.31 5.24
3418.31 8.71 827.87 9.10
3434.75 8.83 821.25 11.98
3451.00 8.75 803.31 12.16
3467.50 8.90 779.87 23.13
3483.81 8.82 759.56 14.98
3500.31 8.71 735.50 16.01
3516.75 8.83 703.75 22.57
3532.93 8.76 680.68 18.64
3549.50 8.90 648.00 17.51
3565.87 8.81 617.62 16.14
3582.37 8.69 586.68 15.33
3598.87 8.85 557.12 15.55
3615.12 8.82 529.50 13.24
3631.56 8.94 502.06 11.98
3647.93 8.84 481.18 11.56
3664.31 8.76 460.62 8.95
3680.68 8.91 436.87 16.69
3697.12 8.76 426.75 9.88
3713.62 8.93 420.00 2.65
3730.00 8.82 413.00 4.70
3746.50 8.72 414.18 3.41
3762.81 8.88 417.81 7.54
3779.25 8.77 424.75 7.80
3795.75 8.90 434.37 10.15
3812.06 8.81 451.50 14.97
3828.62 8.93 468.75 12.29
3844.81 8.88 489.31 13.41
3861.25 9.02 513.68 12.91
3877.75 8.90 537.18 13.99
3894.06 8.81 565.12 18.06
3910.62 8.94 591.68 14.71
3926.87 8.87 620.93 15.06
3943.18 8.78 644.68 15.50
3959.93 8.84 673.37 14.04
3976.18 8.77 697.31 11.37
3992.68 8.91 721.18 10.75
4009.12 8.78 740.87 7.10
4025.31 8.74 755.62 12.00
4041.93 8.83 773.18 5.91
4058.25 8.75 785.00 4.62
4074.62 8.93 790.81 3.73
4091.00 8.82 794.62 2.34
4107.31 8.74 792.12 8.23
4123.87 8.85 789.68 5.59
4140.25 8.75 783.06 8.05
4156.62 8.88 773.87 9.31
4173.18 8.77 759.75 12.09
4189.50 8.69 741.81 12.49
4206.00 8.82 722.43 13.23
4222.37 8.72 701.50 12.27
4238.68 8.90 677.06 16.54
4255.18 8.77 654.62 13.38
4271.43 8.70 629.37 13.80
4288.06 8.81 606.93 9.63
4304.50 8.69 581.56 13.98
4320.75 8.89 556.81 13.26
4337.25 8.76 533.81 16.20
4353.50 8.69 516.31 8.98
4370.06 8.83 498.06 8.27
4386.56 8.68 481.18 5.73
4402.68 8.66 469.43 4.18
4419.31 8.74 461.37 3.14
4435.62 8.67 454.87 4.34
4452.06 8.83 452.31 3.25
4468.56 8.68 453.25 4.46
4484.68 8.66 458.56 4.58
4501.25 8.76 468.00 6.71
4517.62 8.67 475.43 8.43
4533.93 8.86 490.50 8.57
4550.37 8.73 503.12 12.40
4566.75 8.64 523.43 10.56
4583.31 8.75 541.00 13.74
4599.75 8.69 563.43 14.05
4616.12 8.87 586.68 12.37
4632.50 8.75 610.81 14.59
4648.81 8.67 630.87 11.89
4665.37 8.79 650.56 11.39
4681.68 8.70 672.00 10.53
4698.18 8.85 695.06 14.14
4714.50 8.75 709.12 10.10
4730.81 8.67 723.18 7.86
4747.50 8.77 736.00 5.47
4763.81 8.67 748.81 6.08
4780.31 8.87 754.18 3.63
4796.62 8.73 758.75 2.49
4812.93 8.65 758.62 7.95
4829.56 8.75 759.50 5.08
4845.87 8.66 755.31 6.70
4862.25 8.88 746.75 7.63
4878.62 8.73 736.43 8.59
4894.93 8.65 724.68 9.66
4911.56 8.77 710.87 8.73
4927.93 8.64 692.62 9.29
4944.18 8.65 674.68 10.76
4960.75 8.69 656.50 10.57
4977.06 8.61 636.62 9.89
4993.62 8.74 616.12 10.78
5010.00 8.62 598.00 13.25
5026.25 8.57 577.12 9.60
5042.81 8.67 557.93 8.61
5059.12 8.59 543.62 9.75
5075.62 8.74 527.68 7.43
5092.00 8.62 513.12 5.04
5108.25 8.57 502.50 4.65
5124.81 8.67 495.50 4.82
5141.12 8.59 489.37 5.04
5157.62 8.74 489.37 11.81
5174.12 8.58 489.31 17.15
5190.37 8.54 486.62 3.58
5206.93 8.63 485.31 27.10
5223.25 8.56 500.75 4.45
5239.75 8.76 510.25 30.25
5256.18 8.57 520.87 7.99
5272.37 8.53 534.31 9.26
5289.00 8.62 548.81 10.69
5305.31 8.56 565.81 11.05
5321.75 8.76 580.68 12.66
5338.31 8.56 601.87 10.10
5354.43 8.53 619.50 9.51
5370.93 8.67 634.06 11.85
5387.43 8.53 656.56 18.29
5403.62 8.55 669.25 7.69
5420.18 8.59 682.31 5.81
5436.50 8.52 693.68 9.63
5453.00 8.66 706.81 5.96
5469.43 8.53 718.25 4.41
5485.56 8.51 723.62 3.44
5502.18 8.59 729.12 2.74
5518.50 8.52 731.43 3.76
5535.00 8.66 731.37 2.64
5551.37 8.54 729.43 4.34
5567.62 8.50 723.43 8.88
5584.18 8.59 716.87 5.84
5600.56 8.56 710.81 9.00
5617.12 8.69 696.18 8.12
5633.50 8.56 684.43 7.43
5649.75 8.58 669.87 7.76
5666.25 8.63 658.31 14.60
5682.56 8.56 638.18 9.42
5699.18 8.67 623.06 9.15
5715.56 8.55 606.81 7.93
5731.81 8.56 591.87 8.20
5748.37 8.61 577.12 6.88
5764.68 8.53 560.68 12.45
5781.25 8.72 549.50 5.47
5797.68 8.53 537.43 5.62
5813.93 8.54 529.06 6.09
5830.37 8.61 522.75 6.71
5846.75 8.52 515.93 4.71
5863.18 8.73 511.50 2.65
5879.50 8.58 509.31 3.31
5895.87 8.50 511.81 3.16
5912.50 8.58 515.56 4.17
5928.81 8.50 519.12 5.96
5945.25 8.71 524.06 7.45
5961.68 8.53 536.50 6.62
5978.00 8.46 544.93 7.41
5994.56 8.58 556.00 6.01
6010.87 8.48 569.56 8.66
6027.31 8.69 581.43 6.98
6043.75 8.50 596.93 9.97
6060.00 8.46 609.37 7.43
6076.56 8.58 624.50 7.47
6092.87 8.48 636.62 10.80
6109.31 8.69 653.31 7.38
6125.75 8.50 664.18 5.49
6141.93 8.47 675.75 5.08
6158.62 8.56 682.06 11.60
6174.93 8.46 694.56 3.79
6191.25 8.46 701.81 7.70
6207.87 8.47 706.37 4.05
6224.12 8.42 706.75 7.86
6240.62 8.62 709.31 3.02
6257.00 8.45 706.68 8.03
6273.25 8.46 705.18 3.38
6289.81 8.49 707.62 24.35
6306.18 8.42 691.31 8.20
6322.68 8.61 684.93 6.99
6339.06 8.44 674.50 7.32
6355.25 8.41 665.00 6.73
6371.87 8.48 652.87 6.31
6388.25 8.41 641.31 5.55
6404.75 8.60 629.75 11.71
6421.12 8.43 614.93 6.22
6437.31 8.41 603.62 5.89
6453.87 8.52 591.37 5.33
6470.18 8.43 579.75 6.70
6486.62 8.64 567.56 7.58
6503.12 8.43 559.12 5.86
6519.31 8.41 550.56 5.37
6535.93 8.47 544.00 4.20
6552.18 8.43 536.75 3.65
6568.75 8.61 533.81 3.20
6585.18 8.42 532.43 4.86
6601.43 8.48 529.43 8.76
6618.06 8.50 533.56 3.66
6634.31 8.45 536.12 3.82
6650.68 8.44 541.00 6.02
6667.25 8.46 546.75 4.29
6683.43 8.48 554.56 6.02
6700.06 8.51 563.75 8.03
6716.37 8.44 571.75 7.18
6732.68 8.45 582.31 11.02
6749.18 8.49 589.93 15.68
6765.56 8.42 604.75 6.61
6782.06 8.61 616.68 6.22
6798.50 8.42 628.50 7.04
6814.87 8.42 639.93 9.09
6831.25 8.47 649.25 4.96
6847.62 8.40 659.50 4.42
6864.06 8.61 669.50 9.86
6880.43 8.42 674.81 3.09
6896.81 8.43 684.50 5.85
6913.31 8.46 687.18 3.38
6929.62 8.40 689.56 2.89
6946.12 8.60 690.68 7.34
6962.56 8.39 691.62 2.55
6978.93 8.39 688.56 2.76
6995.56 8.39 685.37 4.12
7011.68 8.37 679.87 3.79
7028.25 8.56 674.68 7.37
7044.62 8.38 665.56 6.89
7060.93 8.38 659.00 6.24
7077.56 8.39 650.18 5.14
7093.68 8.37 641.62 4.57
7110.18 8.57 633.12 8.24
7126.62 8.38 621.50 6.24
7142.87 8.39 609.75 6.03
7159.43 8.42 600.56 7.06
7175.81 8.34 591.06 5.18
7192.18 8.33 581.87 6.47
7208.62 8.37 574.00 4.15
7224.93 8.33 566.93 3.80
7241.43 8.52 564.18 15.71
7257.87 8.33 553.75 5.43
7274.25 8.33 550.12 3.39
7290.68 8.36 547.31 3.84
7307.00 8.33 548.68 2.31
7323.50 8.51 548.75 2.82
7339.81 8.35 549.68 6.85
7356.25 8.34 552.43 2.83
7372.81 8.35 557.18 4.78
7389.06 8.32 563.00 4.03
7405.56 8.51 569.62 4.47
7421.93 8.34 574.31 9.99
7438.31 8.33 583.37 5.96
7454.81 8.34 593.68 6.21
7471.00 8.33 604.06 4.56
7487.56 8.51 611.25 6.90
7503.93 8.34 623.12 8.89
7520.25 8.35 626.93 18.76
7536.81 8.34 639.06 4.94
7553.00 8.33 649.31 9.02
7569.56 8.51 655.62 4.25
7586.00 8.33 662.00 4.29
7602.31 8.39 666.00 3.79
7618.81 8.41 670.31 2.52
7635.12 8.36 677.56 14.35
7651.56 8.33 675.00 2.35
7668.06 8.37 675.43 3.64
7684.31 8.39 675.37 6.08
7700.81 8.46 675.87 11.97
7717.18 8.34 668.62 3.00
7733.56 8.35 664.68 4.40
7750.12 8.36 659.12 4.39
7766.43 8.38 652.87 6.19
7782.87 8.52 645.62 7.98
7799.31 8.34 643.50 9.57
7815.68 8.34 632.68 11.59
7832.18 8.34 623.12 5.16
7848.56 8.36 615.25 6.31
7864.87 8.52 604.50 13.22
7881.25 8.34 601.18 9.15
7897.68 8.34 592.62 4.72
7914.18 8.34 586.62 6.10
7930.56 8.35 579.31 3.57
7946.93 8.51 573.12 2.64
7963.37 8.31 569.31 3.33
7979.81 8.31 566.93 1.82
7996.31 8.31 562.50 3.76
8012.62 8.33 562.87 3.77
8029.06 8.47 557.31 10.46
8045.43 8.30 561.00 5.52
8061.81 8.30 560.43 18.50
8078.31 8.31 567.75 4.23
8094.56 8.28 570.56 3.33
8111.06 8.47 575.31 3.87
8127.43 8.30 583.06 4.81
8143.81 8.30 587.43 3.85
8160.25 8.37 593.37 5.47
8176.62 8.27 601.56 4.08
8193.12 8.46 610.75 5.33
8209.43 8.29 616.75 5.65
8225.93 8.29 627.68 15.38
8242.31 8.43 631.50 9.67
8258.68 8.27 637.43 4.65
8275.06 8.26 644.12 3.02
8291.50 8.28 648.87 3.77
8307.93 8.29 655.81 4.69
8324.37 8.42 657.87 3.10
8340.62 8.27 659.93 2.36
8357.12 8.26 659.00 17.71
8373.50 8.28 663.75 3.36
8389.87 8.30 662.62 1.96
8406.43 8.42 668.18 14.19
8422.68 8.27 660.62 6.97
8439.06 8.27 656.12 3.08
8455.62 8.27 652.43 3.12
8471.81 8.31 648.81 4.65
8488.31 8.45 640.43 8.05
8504.68 8.27 638.68 5.13
8521.06 8.27 631.43 4.43
8537.62 8.27 627.87 9.47
8553.75 8.26 619.12 4.54
8570.37 8.44 612.56 5.05
8586.75 8.26 607.18 3.54
8603.18 8.31 604.25 8.98
8619.68 8.31 597.37 13.12
8635.93 8.35 582.37 20.00
8652.43 8.48 582.37 4.72
8668.75 8.31 579.81 4.56
8685.18 8.31 576.06 2.59
8701.75 8.30 573.00 2.98
8718.06 8.33 572.50 8.20
8734.37 8.29 570.37 3.58
8750.87 8.30 572.62 2.76
8767.31 8.31 569.50 8.43
8783.81 8.37 575.31 4.38
8800.12 8.33 577.12 4.24
8816.56 8.50 580.25 5.96
8832.93 8.29 586.75 4.26
8849.31 8.31 591.37 3.14
8865.81 8.37 595.50 3.81
8882.12 8.33 601.31 5.83
8898.43 8.52 607.43 3.79
8915.00 8.27 613.75 4.80
8931.37 8.30 618.37 4.37
8947.68 8.46 626.00 6.45
8964.18 8.25 632.00 4.87
8980.62 8.48 635.50 3.22
8997.12 8.25 639.37 2.85
9013.50 8.27 644.87 4.28
9029.93 8.41 647.06 4.24
9046.25 8.24 651.68 3.37
9062.62 8.25 650.93 4.59
9079.06 8.26 655.25 3.03
9095.43 8.27 654.37 3.69
9111.93 8.41 653.50 2.85
9128.18 8.25 653.50 3.59
9144.62 8.25 650.75 3.56
9161.06 8.26 647.68 3.39
9177.50 8.27 640.18 8.95
9194.00 8.40 638.37 8.75
9210.25 8.23 635.68 4.38
9226.68 8.24 632.75 6.98
9243.12 8.33 626.31 4.00
9259.43 8.27 622.50 3.87
9276.06 8.39 616.43 4.39
9292.31 8.23 606.68 13.74
9308.62 8.25 606.43 6.46
9325.12 8.33 600.37 2.94
9341.43 8.27 595.43 3.34
9357.93 8.41 591.37 3.00
9374.31 8.23 588.50 2.85
9390.68 8.25 586.00 3.24
9407.18 8.39 584.18 6.55
9423.43 8.23 580.00 4.06
9439.93 8.42 581.12 4.58
9456.37 8.23 579.56 2.96
9472.68 8.25 582.18 5.01
9489.12 8.39 580.62 7.74
9505.43 8.23 576.75 27.78
9521.81 8.24 585.50 6.76
9538.31 8.23 590.68 5.77
9554.62 8.26 596.31 7.28
9571.18 8.38 599.12 5.32
9587.50 8.22 603.56 4.97
9603.87 8.29 607.06 4.66
9620.43 8.27 611.18 3.63
9636.81 8.30 622.18 23.93
9653.25 8.43 622.43 5.23
9669.56 8.32 625.43 4.23
9685.87 8.29 629.06 3.38
9702.43 8.27 633.50 3.00
9718.75 8.31 638.93 15.97
9735.25 8.43 637.75 6.56
9751.68 8.33 640.62 5.04
9767.87 8.30 641.62 11.83
9784.50 8.36 647.12 3.41
9800.93 8.30 645.93 2.66
9817.25 8.45 647.37 5.85
9833.68 8.27 646.68 2.52
9849.93 8.30 645.25 7.37
9866.50 8.36 639.93 8.79
9882.93 8.30 640.18 3.13
9899.18 8.46 638.18 4.02
9915.68 8.25 633.62 4.11
9932.06 8.29 631.25 3.07
9948.43 8.42 624.62 18.50
9965.00 8.28 621.68 3.14
9981.25 8.26 616.31 4.36
9997.75 8.24 614.06 8.33
10014.18 8.26 610.12 5.41
10030.56 8.40 605.43 3.16
10047.00 8.28 601.25 2.46
10063.31 8.25 596.12 6.74
10079.75 8.24 594.43 3.12
10096.18 8.26 593.00 2.55
10112.56 8.40 589.06 2.51
10128.93 8.29 587.00 4.39
10145.31 8.25 587.25 2.75
10161.75 8.24 587.81 2.04
10178.18 8.26 586.56 4.15
10194.62 8.40 589.31 3.33
10211.00 8.28 589.00 2.69
10227.25 8.26 591.81 2.83
10243.81 8.32 593.00 3.28
10260.18 8.26 596.50 2.60
10276.62 8.40 599.68 3.31
10292.93 8.23 601.37 5.48
10309.25 8.26 605.18 5.51
10325.81 8.32 610.37 3.67
10342.18 8.26 615.56 8.98
10358.62 8.40 618.56 3.55
10374.87 8.23 622.31 3.33
10391.31 8.26 624.12 3.53
10407.75 8.40 626.75 4.47
10424.18 8.27 632.37 10.79
10440.62 8.18 634.43 2.87
10456.93 8.23 636.06 2.22
10473.31 8.26 636.50 10.26
10489.75 8.40 639.25 2.90
10506.12 8.28 640.68 2.47
10522.56 8.22 640.12 3.28
10538.93 8.23 637.81 8.60
10555.31 8.26 638.37 1.93
10571.81 8.40 637.43 2.55
10588.18 8.28 634.75 5.21
10604.56 8.23 635.93 7.49
10621.06 8.28 631.87 2.98
10637.31 8.27 628.81 2.07
10653.81 8.44 625.31 2.80
10670.18 8.28 621.56 4.03
10686.37 8.26 619.43 5.18
10703.06 8.28 616.81 6.67
10719.31 8.27 611.93 3.86
10735.75 8.39 607.56 3.84
10752.25 8.27 606.87 4.69
10768.43 8.27 602.56 4.08
10785.12 8.37 598.68 2.66
10801.43 8.27 597.68 6.11
10817.87 8.39 595.25 5.93
10834.18 8.28 596.12 7.42
10850.50 8.27 593.50 3.00
10867.06 8.38 594.12 6.58
10883.37 8.27 592.75 2.68
10899.87 8.39 594.12 2.78
10916.25 8.27 595.25 3.51
10932.56 8.27 594.87 3.89
10949.06 8.44 597.68 5.90
10965.56 8.25 598.93 3.85
10981.93 8.43 600.43 3.44
10998.37 8.26 601.25 8.44
11014.81 8.25 606.87 2.57
11031.18 8.43 612.18 14.76
11047.56 8.24 614.81 5.23
11063.93 8.44 616.37 4.67
11080.37 8.26 618.25 4.93
11096.68 8.25 620.75 5.36
11113.12 8.43 625.18 4.50
11129.56 8.24 627.25 5.50
11145.87 8.45 629.62 3.60
11162.37 8.26 633.87 5.42
11178.75 8.25 632.81 2.48
11195.18 8.38 631.06 13.20
11211.62 8.24 634.18 6.80
11227.87 8.24 635.62 4.63
11244.37 8.36 638.68 7.48
11260.75 8.25 634.75 2.84
11277.18 8.38 632.75 5.75
11293.43 8.26 632.56 6.09
11309.87 8.24 630.31 2.36
11326.37 8.36 630.50 2.92
11342.68 8.24 629.00 6.89
11359.12 8.38 626.75 3.85
11375.43 8.26 619.93 10.83
11391.93 8.25 619.93 2.68
11408.37 8.44 617.00 2.98
11424.75 8.25 613.31 3.00
11441.25 8.39 611.18 2.50
11457.50 8.27 609.43 3.61
11473.93 8.25 605.62 4.53
11490.37 8.44 603.56 3.24
11506.68 8.25 601.81 2.92
11523.18 8.38 599.93 2.01
11539.50 8.27 599.81 2.72
11555.81 8.25 599.18 2.86
11572.43 8.44 598.81 4.03
11588.75 8.26 597.62 2.74
11605.18 8.43 597.00 5.62
11621.62 8.27 599.25 4.64
11637.87 8.26 598.56 3.74
11654.43 8.44 604.06 15.03
11670.75 8.26 600.87 2.44
11687.00 8.25 607.75 21.13
11703.56 8.27 605.37 4.97
11719.87 8.26 607.87 3.30
11736.37 8.39 608.31 8.98
11752.68 8.26 611.43 2.76
11769.00 8.25 615.87 5.82
11785.56 8.36 616.31 4.13
11801.93 8.26 620.50 6.43
11818.37 8.39 622.81 3.97
11834.75 8.28 623.00 3.32
11851.06 8.26 626.93 4.09
11867.56 8.36 627.87 3.04
11883.93 8.26 628.68 2.82
11900.37 8.39 632.12 7.61
11916.81 8.28 631.06 3.47
11933.12 8.26 631.87 2.42
11949.56 8.44 632.50 2.74
11966.06 8.26 632.12 2.69
11982.43 8.39 630.37 2.60
11998.93 8.27 626.87 13.92
12015.25 8.26 630.12 2.09
12031.68 8.44 625.68 7.36
12048.12 8.26 626.00 2.98
12064.43 8.43 622.43 8.45
12080.93 8.27 621.93 2.08
12097.25 8.26 620.31 2.62
12113.68 8.44 616.93 6.13
12130.06 8.26 614.81 9.17
12146.37 8.42 613.43 2.76
12162.81 8.26 610.62 2.85
12179.25 8.26 612.12 10.03
12195.62 8.39 606.75 2.86
12212.06 8.26 606.18 5.40
12228.37 8.21 602.37 5.52
12244.75 8.36 604.31 4.17
12261.18 8.26 602.43 3.22
12277.62 8.39 602.12 2.60
12293.93 8.27 600.75 3.70
12310.37 8.21 601.31 1.96
12326.75 8.36 600.31 3.14
12343.12 8.26 600.68 7.87
12359.62 8.39 601.68 4.76
12375.93 8.27 604.25 4.29
12392.31 8.25 605.93 4.21
12408.68 8.44 606.12 3.42
12425.12 8.26 613.87 14.62
12441.62 8.39 609.06 3.01
12457.93 8.27 612.25 3.13
12474.25 8.26 611.12 6.43
12490.68 8.44 615.56 3.08
12507.12 8.26 618.00 2.45
12523.50 8.39 619.43 2.87
12539.93 8.27 619.75 6.51
12556.25 8.26 623.43 2.23
12572.68 8.44 625.31 2.76
12589.06 8.26 625.50 2.03
12605.50 8.39 628.06 3.51
12621.87 8.27 627.56 2.92
12638.25 8.26 627.18 2.88
12654.68 8.44 628.93 2.56
12671.06 8.26 629.56 2.89
12687.43 8.18 628.75 6.51
12703.81 8.26 628.37 5.10
12720.18 8.26 623.87 8.99
12736.68 8.44 619.25 23.39
12753.00 8.25 623.37 2.62
12769.37 8.21 626.06 7.71
12785.75 8.36 620.68 2.99
12802.12 8.26 620.37 2.96
12818.68 8.44 617.37 2.64
12835.00 8.25 615.62 2.47
12851.31 8.25 614.75 2.63
12867.75 8.36 611.18 11.26
12884.12 8.26 611.56 2.78
12900.68 8.44 608.18 6.93
12917.06 8.26 608.12 3.76
12933.31 8.27 606.81 2.77
12949.75 8.44 605.18 5.67
12966.25 8.27 605.12 2.98
12982.62 8.40 604.06 1.92
12999.18 8.26 603.87 3.04
13015.43 8.29 605.00 4.14
13031.87 8.45 603.68 2.17
13048.31 8.27 601.18 6.85
13064.68 8.41 605.93 4.53
13081.12 8.28 606.31 3.39
13097.37 8.28 605.00 3.67
13113.87 8.45 606.93 7.01
13130.18 8.26 609.18 2.24
13146.68 8.41 610.37 3.48
13163.06 8.28 610.81 2.21
13179.37 8.28 611.81 3.48
13195.87 8.45 614.31 3.74
13212.18 8.26 615.81 2.72
13228.62 8.23 618.18 2.75
13244.93 8.38 619.62 3.86
13261.37 8.28 621.31 3.35
13277.87 8.45 622.37 3.22
13294.18 8.26 624.18 4.97
13310.56 8.25 624.68 4.25
13326.93 8.38 624.12 4.92
13343.37 8.28 626.06 4.83
13359.87 8.45 626.50 3.28
13376.18 8.26 626.31 2.52
13392.50 8.27 627.68 5.76
13408.87 8.45 624.00 4.33
13425.37 8.28 621.37 12.48
13441.81 8.41 625.06 3.42
13458.18 8.26 622.37 2.15
13474.50 8.27 623.43 9.40
13490.87 8.45 618.50 8.94
13507.31 8.27 619.12 2.69
13523.81 8.41 616.93 3.68
13540.12 8.28 619.12 6.95
13556.37 8.28 615.00 4.21
13572.87 8.45 613.68 3.06
13589.18 8.26 611.18 4.11
13605.81 8.41 612.62 4.00
13622.12 8.28 610.56 2.76
13638.37 8.28 609.31 3.79
13654.87 8.45 608.31 2.20
13671.18 8.26 607.50 2.67
13687.75 8.21 607.00 3.59
13704.06 8.28 608.31 4.12
13720.37 8.28 609.68 11.27
13736.87 8.45 607.00 3.41
13753.18 8.26 604.93 6.35
13769.56 8.25 601.75 11.78
13786.06 8.38 606.43 2.71
13802.37 8.28 606.81 4.50
13818.87 8.45 611.06 14.25
13835.18 8.26 611.62 6.44
13851.50 8.27 610.62 3.16
13868.06 8.38 610.56 4.17
13884.37 8.28 611.50 5.42
13900.87 8.45 614.62 2.20
13917.18 8.26 614.93 3.01
13933.50 8.27 617.31 2.52
13949.93 8.46 617.87 2.47
13966.37 8.28 619.25 6.51
13982.81 8.41 621.31 1.26
13999.18 8.26 621.87 2.06
14015.43 8.29 622.37 3.24
14031.87 8.45 623.75 2.56
14048.31 8.27 623.43 2.76
14064.81 8.41 623.50 4.67
14081.12 8.28 621.75 2.41
14097.37 8.28 622.68 3.57
14113.87 8.45 629.87 23.68
14130.25 8.26 624.06 2.91
14146.81 8.41 622.06 2.97
14163.12 8.28 621.00 3.45
14179.37 8.28 621.68 2.89
14195.87 8.45 619.93 4.16
14212.18 8.26 618.56 2.76
14228.68 8.20 617.25 6.38
14245.06 8.38 618.18 5.30
14261.37 8.28 614.50 7.71
14277.87 8.45 615.93 2.61
14294.18 8.26 613.18 5.00
14310.62 8.21 612.75 4.48
14327.06 8.38 611.75 7.39
14343.37 8.28 611.25 6.01
14359.87 8.45 611.18 4.14
14376.18 8.26 610.25 2.19
14392.62 8.21 609.43 6.27
14408.93 8.46 604.25 12.46
14425.37 8.28 610.50 7.26
14441.81 8.41 609.18 2.74
14458.18 8.26 608.25 2.02
14474.56 8.23 607.56 3.32
14490.87 8.45 609.25 2.61
14507.31 8.27 609.06 3.73
14523.81 8.41 610.12 2.67
14540.12 8.28 611.50 6.45
14556.43 8.27 611.00 2.06
14572.87 8.45 612.50 2.62
14589.25 8.26 613.25 3.31
14605.81 8.41 615.12 6.66
14622.12 8.28 613.00 13.14
14638.37 8.28 617.18 2.88
14654.87 8.45 618.75 8.77
14671.18 8.26 618.37 3.37
14687.75 8.21 619.00 4.21
14704.12 8.28 617.00 3.57
14720.37 8.28 621.37 3.04
14736.87 8.45 622.62 2.87
14753.25 8.26 620.31 3.31
14769.62 8.21 620.25 3.25
14786.06 8.38 622.18 7.07
14802.37 8.28 623.43 2.94
14818.87 8.45 622.37 4.70
14835.25 8.26 621.75 2.86
14851.62 8.21 621.50 3.39
14868.06 8.38 621.75 5.95
14884.37 8.28 620.56 3.32
14900.87 8.45 618.87 3.42
14917.25 8.26 616.25 8.56
14933.56 8.23 617.00 4.24
14949.87 8.45 618.75 2.25
14966.37 8.28 616.56 6.61
14982.87 8.45 615.68 2.91
14999.18 8.26 616.06 7.22
15015.50 8.28 615.68 5.42
15031.87 8.45 613.68 2.80
15048.37 8.28 612.12 3.65
15064.81 8.41 611.56 2.62
15081.18 8.26 610.50 2.50
15097.43 8.29 609.81 2.65
15113.87 8.45 610.43 3.08
15130.37 8.28 611.00 6.64
15146.81 8.41 610.00 2.83
15163.12 8.28 608.18 4.89
15179.43 8.29 608.31 3.25
15195.87 8.45 608.81 2.56
15212.37 8.28 609.56 2.60
15228.68 8.20 608.75 7.39
15245.06 8.38 610.18 2.60
15261.43 8.29 610.68 3.55
15277.87 8.45 612.00 3.12
15294.31 8.27 613.06 4.23
15310.68 8.20 614.81 6.12
15327.06 8.38 613.43 3.77
15343.37 8.28 614.56 6.18
15359.87 8.45 616.18 3.54
15376.25 8.26 616.25 4.48
15392.68 8.20 616.56 2.76
15408.87 8.45 619.06 1.78
15425.37 8.28 618.75 5.13
15441.87 8.45 619.37 3.12
15458.18 8.26 619.50 2.03
15474.68 8.20 621.06 15.25
15490.87 8.45 621.50 10.09
15507.37 8.28 621.31 2.36
15523.81 8.41 620.25 2.54
15540.18 8.26 624.62 9.71
15556.56 8.25 620.56 5.52
15572.87 8.45 619.68 3.33
15589.37 8.28 620.43 3.14
15605.87 8.45 619.37 4.99
15622.12 8.28 618.37 1.96
15638.50 8.27 618.93 3.40
15654.87 8.45 614.62 13.96
15671.37 8.28 615.62 3.22
15687.81 8.25 613.62 6.40
15704.18 8.26 615.62 2.80
15720.43 8.29 615.50 2.87
15736.87 8.45 615.37 4.85
15753.31 8.27 610.31 8.41
15769.81 8.25 611.75 3.21
15786.12 8.36 611.68 2.39
15802.37 8.28 612.43 4.12
15818.87 8.45 610.00 2.24
15835.25 8.26 609.87 2.47
15851.68 8.20 608.68 7.86
15868.12 8.36 610.81 3.64
15884.37 8.28 608.87 3.00
15900.87 8.45 613.37 8.69
15917.18 8.26 611.87 5.26
15933.68 8.20 611.75 3.25
15950.00 8.46 613.31 5.16
15966.37 8.28 612.37 4.78
15982.87 8.45 607.12 20.12
15999.18 8.26 617.25 16.54
16015.56 8.25 613.43 2.21
16031.93 8.46 614.25 4.02
16048.37 8.28 614.75 2.33
16064.87 8.45 616.12 7.46
16081.18 8.26 615.93 2.46
16097.50 8.27 617.18 3.05
16113.93 8.46 617.43 3.97
16130.37 8.28 617.81 5.02
16146.87 8.45 618.18 3.05
16163.18 8.26 618.87 3.48
16179.43 8.29 621.18 10.96
16195.87 8.45 618.81 2.81
16212.37 8.28 618.75 1.92
16228.81 8.25 619.93 3.05
16245.12 8.36 621.06 4.76
16261.43 8.29 620.12 7.89
16277.87 8.45 618.81 2.92
16294.31 8.27 618.31 2.87
16310.68 8.20 618.56 2.94
16327.12 8.36 618.50 3.39
16343.37 8.28 616.62 4.18
16359.87 8.45 617.31 1.79
16376.18 8.26 616.93 4.22
16392.75 8.21 616.06 8.39
16409.00 8.46 616.18 3.49
16425.37 8.28 615.62 3.48
16441.87 8.45 610.00 24.96
16458.18 8.26 613.50 2.94
16474.75 8.21 611.68 9.60
16490.93 8.46 611.81 2.94
16507.37 8.28 612.06 2.58
16523.87 8.45 612.93 3.90
16540.18 8.26 611.75 3.47
16556.62 8.26 612.12 7.44
16573.00 8.46 612.37 2.06
16589.37 8.28 612.06 2.91
16605.87 8.45 611.68 3.10
16622.18 8.26 610.25 2.33
16638.50 8.27 611.25 6.12
16654.93 8.46 612.68 2.71
16671.37 8.28 613.31 3.44
16687.81 8.25 611.37 14.89
16704.18 8.26 614.06 2.38
16720.43 8.29 613.56 2.69
16736.93 8.46 613.68 8.42
16753.31 8.27 615.31 4.92
16769.75 8.21 614.75 4.22
16786.12 8.36 615.87 2.57
