1.87 0.33 562.43 75.62
40.37 8.94 451.18 38.35
77.00 8.79 328.25 31.50
113.37 8.94 222.12 25.09
149.62 8.89 134.68 18.49
186.06 8.77 72.56 10.26
222.43 9.18 42.12 3.71
259.00 9.05 35.31 8.00
295.37 9.20 65.43 12.03
331.62 9.14 120.00 18.55
368.12 9.01 195.93 25.70
404.43 9.18 300.93 28.33
441.00 9.05 412.87 33.10
477.62 9.15 542.50 31.02
513.81 9.11 668.68 28.62
550.31 8.98 792.50 28.41
586.68 9.13 906.75 25.05
623.37 8.97 1005.18 19.23
659.81 9.10 1084.31 12.87
695.93 9.08 1134.31 7.41
733.75 9.60 1160.93 5.61
770.06 9.73 1153.93 9.28
806.56 9.67 1121.75 15.68
843.25 9.67 1067.75 22.73
879.62 9.66 982.87 26.51
916.00 9.52 885.68 31.85
952.37 9.63 772.12 32.51
989.06 9.50 651.68 31.75
1025.50 9.56 532.37 30.38
1061.75 9.60 418.50 27.86
1098.25 9.42 314.43 24.62
1134.56 9.55 227.50 21.75
1171.00 9.51 160.18 13.21
1207.50 9.80 118.18 6.05
1243.81 9.82 102.43 4.27
1280.25 9.66 113.87 12.19
1316.62 9.77 147.62 14.97
1353.06 9.73 207.56 21.06
1389.50 9.80 287.68 26.10
1425.75 9.73 382.56 27.98
1462.37 9.62 491.12 29.36
1499.68 10.05 605.87 31.47
1536.06 10.00 717.56 29.93
1572.50 10.04 823.75 25.06
1609.62 10.03 922.00 25.49
1646.18 9.92 997.18 16.05
1682.50 10.08 1054.50 12.03
1719.06 10.02 1086.18 20.45
1756.25 10.04 1095.87 8.09
1792.50 10.10 1080.56 11.24
1829.00 9.95 1040.43 16.41
1866.18 9.91 978.50 22.25
1902.56 9.85 896.93 25.47
1939.06 9.89 803.50 27.48
1975.50 9.82 698.93 31.13
2012.75 9.58 590.31 30.14
2049.06 9.69 486.06 27.86
2085.50 9.63 387.81 24.60
2121.81 9.53 306.43 18.05
2158.31 9.70 235.43 18.31
2194.75 9.58 189.50 9.47
2231.12 9.88 164.93 3.68
2267.56 9.82 161.50 6.75
2303.93 9.92 181.62 11.28
2340.31 9.83 226.75 16.03
2376.81 9.77 286.06 21.91
2413.12 9.88 367.50 23.96
2449.50 9.87 458.87 25.19
2486.18 9.84 557.12 26.73
2522.37 9.88 657.68 25.96
2558.93 9.71 756.87 24.16
2595.37 9.87 843.56 21.74
2631.87 9.71 916.00 22.68
2668.37 9.78 980.68 13.50
2704.75 9.91 1020.87 8.56
2741.31 9.70 1038.18 4.19
2777.62 9.86 1032.87 18.43
2814.12 9.76 1011.75 10.64
2851.31 9.61 964.87 17.23
2887.62 9.71 903.50 20.03
2924.12 9.51 825.75 23.44
2960.50 9.62 734.18 23.31
2997.00 9.55 645.00 23.32
3033.37 9.38 549.06 27.23
3069.81 9.62 460.56 21.39
3106.31 9.43 379.56 18.65
3142.68 9.54 310.62 14.92
3179.00 9.55 258.25 10.24
3215.50 9.77 225.50 6.34
3251.81 9.75 213.37 3.81
3288.37 9.62 218.62 6.04
3324.75 9.73 249.12 11.36
3361.06 9.74 290.25 19.79
3397.50 9.77 355.00 19.65
3433.81 9.75 430.06 21.70
3470.50 9.55 516.37 23.78
3506.87 9.73 603.31 23.19
3543.18 9.67 692.87 23.80
3579.75 9.67 773.87 20.90
3616.12 9.61 842.43 28.43
3652.50 9.57 911.50 13.47
3688.93 9.68 957.06 6.74
3725.43 9.66 982.25 6.19
3762.00 9.66 993.00 3.18
3798.31 9.75 982.31 6.86
3835.06 9.75 950.06 11.65
3871.62 9.77 902.93 15.09
3908.00 9.88 838.37 18.79
3944.37 9.63 768.06 20.35
3981.37 9.50 686.50 20.31
4018.00 9.47 604.18 22.04
4054.37 9.47 520.43 20.88
4090.87 9.51 443.50 19.50
4127.12 9.35 377.50 14.79
4163.43 9.49 327.68 10.69
4200.00 9.47 282.56 10.87
4236.43 9.66 262.31 3.90
4272.93 9.70 260.18 10.06
4309.25 9.72 275.43 9.16
4345.50 9.68 305.75 12.40
4382.06 9.65 354.75 17.28
4418.31 9.67 418.18 17.66
4454.81 9.68 485.06 20.31
4491.43 9.66 561.62 21.29
4527.68 9.62 643.87 21.70
4564.18 9.58 719.06 18.19
4600.68 9.61 789.18 17.08
4637.87 9.22 854.00 15.24
4674.18 9.36 898.87 9.72
4710.56 9.34 930.00 9.01
4747.18 9.23 949.56 3.14
4783.50 9.34 946.18 4.90
4820.00 9.35 929.75 8.19
4856.43 9.12 895.62 12.43
4892.75 9.28 844.00 17.85
4929.37 9.19 784.62 16.96
4966.18 9.29 718.43 18.99
5003.31 9.81 641.25 20.22
5039.56 9.76 571.06 21.09
5076.00 9.88 502.50 19.01
5112.56 9.76 434.37 15.92
5148.81 9.84 381.56 13.15
5185.31 9.81 338.37 9.97
5221.68 10.11 309.93 6.05
5258.06 10.05 300.25 2.58
5294.50 9.92 304.37 3.84
5330.75 10.04 325.00 9.03
5367.25 9.98 360.25 12.14
5403.68 10.11 407.93 16.84
5440.06 10.05 466.43 18.38
5477.18 9.57 533.81 18.91
5513.62 9.70 604.81 18.23
5550.00 9.64 671.62 17.83
5586.50 9.75 739.06 16.12
5623.00 9.65 799.62 15.67
5659.43 9.49 845.12 11.74
5695.81 9.62 882.06 7.71
5732.93 9.17 905.62 4.41
5769.37 8.99 908.12 13.99
5805.75 9.19 903.12 5.71
5842.25 9.01 879.68 9.08
5878.75 9.14 842.37 12.05
5915.12 9.11 794.62 13.32
5951.50 8.94 737.87 16.20
5988.37 9.92 672.12 17.43
6025.06 9.76 610.56 15.96
6061.31 9.90 543.62 16.14
6097.68 9.76 484.12 14.91
6134.12 9.74 431.68 13.91
6170.37 9.92 387.81 10.61
6206.93 9.79 355.68 6.16
6243.25 9.89 340.18 3.71
6279.56 9.82 338.12 5.71
6316.12 9.74 347.31 7.82
6352.37 9.92 371.81 9.25
6388.87 9.86 408.56 13.33
6425.25 9.89 453.93 12.23
6461.93 9.87 514.37 17.69
6498.56 9.73 574.06 17.45
6534.87 9.92 630.06 21.53
6571.43 9.77 693.81 16.67
6608.56 9.44 749.81 12.92
6644.87 9.39 798.43 11.47
6681.43 9.23 836.06 8.74
6718.75 10.32 859.31 14.59
6755.31 10.10 876.06 3.17
6791.56 10.19 877.06 6.02
6827.93 10.26 862.31 7.50
6865.18 9.53 834.00 7.74
6901.62 9.74 796.25 11.54
6938.18 9.53 746.93 13.78
6974.68 9.87 694.62 15.32
7011.06 9.87 635.43 16.51
7047.50 9.77 578.00 15.76
7083.93 9.96 523.93 15.51
7120.37 9.83 474.93 13.87
7156.56 9.73 431.06 9.55
7193.00 9.87 397.00 7.65
7229.56 9.91 379.12 9.54
7265.93 10.00 367.50 3.67
7302.37 10.05 370.81 4.77
7338.68 10.02 388.37 7.50
7375.06 10.01 415.00 9.89
7411.56 9.91 457.06 17.17
7447.93 10.00 500.18 13.29
7484.56 9.89 548.31 16.04
7520.87 9.97 605.00 15.09
7557.12 10.02 659.68 15.00
7594.37 9.89 711.50 20.20
7630.75 9.98 757.68 12.20
7667.25 9.78 795.12 11.30
7703.62 10.09 823.43 7.33
7740.12 10.05 841.06 3.58
7776.62 9.85 847.81 2.18
7813.06 10.08 839.37 5.02
7849.68 9.71 819.56 12.03
7886.12 9.86 793.81 9.28
7922.31 9.99 756.06 10.91
7958.75 9.82 711.93 14.01
7996.56 12.40 662.37 18.93
8032.87 12.19 607.50 17.65
8069.18 12.26 560.00 16.45
8105.62 12.33 510.62 14.43
8141.93 12.16 470.68 11.57
8178.50 12.33 438.56 12.37
8214.93 12.48 412.56 10.39
8251.37 12.58 396.43 5.85
8287.75 12.54 403.87 25.90
8324.12 12.48 405.12 7.00
8360.62 12.55 422.68 9.64
8396.93 12.48 452.62 12.16
8433.31 12.61 490.00 13.68
8469.75 12.61 528.68 20.13
8506.25 12.35 579.87 16.03
8542.68 12.52 629.25 16.55
8579.31 12.58 675.06 16.82
8615.81 12.67 721.56 13.42
8652.18 12.61 754.50 15.90
8688.56 12.41 786.56 7.50
8725.25 12.67 807.93 7.31
8761.56 12.55 818.68 4.21
8798.06 12.45 818.68 8.13
8834.37 12.63 808.06 7.11
8870.93 12.35 783.87 14.90
8907.50 12.57 757.25 12.44
8943.81 12.46 721.62 15.76
8980.43 12.62 679.62 17.92
9016.75 12.57 635.18 17.59
9053.12 12.42 590.43 15.75
9089.62 12.57 545.62 14.08
9125.93 12.51 506.12 12.14
9162.43 12.62 474.93 11.55
9198.75 12.57 446.18 7.70
9235.25 12.64 428.50 5.48
9271.68 12.68 419.87 6.35
9308.00 12.61 424.12 4.40
9344.43 12.77 435.00 7.05
9380.75 12.75 457.43 8.96
9417.12 12.61 485.06 11.45
9453.68 12.68 524.81 17.92
9490.18 12.52 561.43 14.21
9526.68 12.67 604.75 15.73
9562.93 12.66 647.93 14.89
9599.43 12.48 687.37 13.07
9636.06 12.56 725.37 12.04
9672.37 12.55 753.25 10.06
9708.87 12.55 776.50 8.55
9745.25 12.67 793.87 13.60
9781.68 12.45 795.43 3.48
9818.18 12.68 793.62 7.94
9854.75 12.50 779.43 5.91
9891.12 12.42 759.18 10.79
9927.43 12.61 729.56 10.79
9964.00 12.54 692.68 12.32
10000.56 12.61 654.50 13.87
10036.87 12.54 616.43 15.22
10073.31 12.70 577.75 14.98
10109.62 12.68 537.50 12.29
10146.06 12.46 504.87 12.60
10182.56 12.61 478.75 8.04
10218.93 12.65 456.50 6.69
10255.37 12.80 447.31 4.36
10291.68 12.78 442.81 3.54
10328.06 12.65 448.43 4.47
10364.62 12.72 463.62 7.11
10400.93 12.65 483.75 13.74
10437.37 12.80 512.93 11.43
10473.87 12.62 546.31 13.89
10510.31 12.43 586.12 14.22
10546.87 12.55 622.00 13.51
10583.31 12.49 659.12 14.98
10619.75 12.45 692.93 12.05
10656.12 12.59 724.68 9.57
10692.62 12.45 748.43 6.88
10729.18 12.63 763.56 6.03
10765.56 12.51 773.06 3.38
10802.00 12.41 776.00 2.53
10838.37 12.58 768.37 4.49
10874.87 12.33 751.12 8.97
10911.37 12.48 730.81 10.14
10947.50 12.53 699.75 10.93
10984.87 12.14 670.37 11.29
11021.25 12.07 634.43 13.41
11057.62 11.90 600.31 11.93
11094.12 12.04 567.06 12.87
11130.37 12.02 536.00 13.61
11166.87 12.14 505.68 8.42
11203.25 12.07 486.50 6.37
11239.68 12.01 469.31 4.67
11276.18 12.14 463.31 1.89
11312.43 12.13 464.81 2.53
11348.93 12.25 472.75 5.60
11385.31 12.18 490.75 8.59
11421.62 12.05 511.37 8.29
11458.18 12.15 536.93 12.36
11494.68 11.95 569.68 11.93
11531.06 11.98 602.25 11.04
11567.50 12.08 635.00 11.93
11603.93 11.95 667.18 9.61
11640.50 12.03 697.37 9.26
11676.87 12.03 721.75 7.02
11713.37 11.97 740.12 8.56
11749.93 12.00 751.18 5.40
11786.25 11.87 756.18 1.91
11822.62 12.06 756.12 4.97
11859.18 11.88 746.06 5.21
11895.68 11.81 727.81 10.22
11932.00 11.99 706.18 9.19
11968.68 11.86 679.43 11.58
12005.12 12.04 649.68 10.73
12041.43 11.98 618.93 10.04
12077.93 12.10 588.06 10.41
12114.25 12.07 555.75 10.96
12150.68 11.86 529.87 7.72
12187.12 12.04 503.81 19.89
12223.50 12.09 492.12 5.79
12260.00 12.21 483.25 4.47
12296.31 12.18 479.93 1.82
12332.68 12.01 482.25 5.86
12369.12 12.16 492.62 6.74
12405.50 12.09 511.12 6.10
12441.87 12.05 532.31 9.38
12478.50 12.08 559.00 10.28
12514.87 11.90 588.25 11.67
12551.31 12.06 615.81 10.27
12587.75 12.08 643.56 10.67
12624.25 11.94 674.68 8.12
12660.68 12.04 697.00 8.49
12697.12 11.94 717.31 6.35
12733.56 12.09 732.25 3.82
12770.00 11.97 738.50 3.24
12806.50 11.90 741.68 4.24
12843.00 12.00 737.87 7.06
12879.56 11.72 723.62 6.19
12916.00 11.89 707.81 7.43
12952.31 11.83 686.93 9.20
12989.00 12.07 659.68 8.59
13025.31 12.04 633.62 9.99
13061.75 11.83 606.68 10.79
13098.18 12.01 579.25 12.58
13134.43 11.98 552.37 7.94
13170.87 11.79 532.68 7.30
13207.31 12.04 513.75 5.06
13243.75 11.98 502.87 4.06
13280.18 12.13 495.62 3.10
13316.50 12.09 493.12 8.51
13352.93 12.02 501.43 5.35
13389.37 12.15 515.12 5.62
13425.75 11.98 531.00 7.80
13462.18 12.14 549.87 13.20
13498.68 11.99 576.87 9.80
13535.12 11.94 601.43 10.24
13571.56 12.05 625.81 10.20
13608.06 11.88 652.12 15.53
13644.50 12.03 674.93 8.13
13680.87 11.94 698.50 8.91
13717.43 11.94 712.87 4.44
13753.87 12.04 722.43 4.55
13790.37 11.80 725.50 7.29
13826.68 12.02 726.56 5.53
13863.31 11.83 717.62 6.67
13899.75 11.79 705.06 6.55
13936.06 11.97 688.68 7.83
13972.75 11.83 669.00 14.71
14009.18 12.01 645.81 8.70
14045.43 11.98 621.50 10.60
14081.87 11.79 593.81 8.61
14118.31 12.04 571.25 8.07
14154.68 11.87 552.06 6.74
14191.12 12.02 531.87 5.52
14227.50 12.09 520.75 4.98
14263.93 12.02 511.06 11.18
14300.37 12.15 505.56 2.62
14336.75 11.98 510.68 6.58
14373.12 12.14 520.68 5.16
14409.50 12.09 527.43 9.43
14445.87 12.06 552.31 19.28
14482.56 12.05 568.62 8.23
14518.87 11.85 589.62 7.19
14555.31 12.06 614.43 8.24
14592.50 12.84 637.31 7.65
14629.06 12.66 658.62 8.48
14665.37 12.71 677.87 6.58
14702.00 12.63 695.56 4.58
14738.37 12.78 705.25 4.93
14774.75 12.79 713.50 3.69
14811.25 12.64 713.68 3.23
14847.68 12.74 708.93 7.29
14884.25 12.51 702.00 6.15
14920.62 12.68 689.81 5.31
14956.93 12.90 670.87 7.59
14993.56 12.55 653.62 9.58
15029.93 12.80 631.18 9.19
15066.37 12.64 610.37 9.32
15102.75 12.79 589.62 9.89
15139.06 12.74 566.75 10.65
15175.50 12.56 552.31 6.45
15211.93 12.80 540.31 7.36
15248.31 12.68 530.37 19.22
15284.68 12.80 522.12 3.14
15321.06 12.74 522.93 2.70
15357.50 12.70 524.93 4.51
15393.93 12.80 534.87 7.31
15430.25 12.76 546.93 9.11
15466.75 12.79 563.62 6.49
15503.18 12.65 582.81 8.13
15539.68 12.48 605.87 16.52
15576.12 12.72 619.37 14.11
15613.37 12.63 645.81 7.93
15649.87 12.67 662.62 5.24
15686.18 12.78 677.06 5.64
15722.75 12.50 693.81 16.62
15759.87 12.53 698.75 2.73
15796.37 12.32 703.18 2.86
15832.68 12.47 704.06 5.33
15869.87 12.17 697.50 8.65
15906.31 11.94 690.12 14.72
15942.68 12.20 672.62 6.98
15979.25 12.08 655.56 10.60
16015.62 12.25 638.50 8.59
16052.06 12.14 622.56 12.39
16088.37 12.03 601.68 8.77
16124.87 12.20 585.18 8.41
16161.25 12.08 566.18 5.50
16197.62 12.25 552.31 6.49
16234.12 12.23 541.00 3.99
16270.50 12.21 534.50 4.11
16306.87 12.24 533.25 6.88
16343.25 12.27 533.31 4.04
16379.68 12.34 541.18 3.83
16416.06 12.25 549.06 3.52
16452.43 12.12 561.06 15.88
16489.06 12.10 577.12 6.07
16525.50 12.03 596.00 7.13
16561.93 12.17 610.81 9.83
16598.93 12.74 631.81 6.66
16635.50 12.45 648.43 5.95
16671.81 12.62 663.62 5.59
16709.00 13.18 678.00 4.30
16745.56 13.35 683.68 8.08
16781.81 13.28 691.06 3.38
16818.25 13.09 692.56 3.98
16855.56 13.23 688.93 4.04
16892.00 13.05 682.68 4.48
16928.37 13.05 677.75 11.92
16964.75 13.25 659.87 5.41
17001.37 13.05 643.62 9.22
17037.81 13.21 631.12 7.29
17074.18 13.09 611.18 6.45
17110.62 13.21 594.56 5.81
17146.87 13.15 579.00 5.58
17183.37 13.05 563.37 9.40
17219.81 13.21 550.68 22.71
17256.18 13.26 546.93 2.31
17292.68 13.29 535.25 24.45
17328.93 13.23 539.93 9.05
17365.37 13.10 545.87 2.78
17401.87 13.28 551.06 5.23
17438.12 13.21 559.25 9.99
17474.75 13.26 573.06 10.48
17511.00 13.22 587.31 5.00
17547.56 13.00 604.31 6.68
17584.06 13.40 622.06 6.32
17620.50 13.22 636.68 6.32
17657.00 13.31 647.56 13.53
17693.50 13.87 662.81 5.90
17730.12 13.63 673.62 6.37
17766.50 13.79 680.31 4.12
17802.87 13.86 684.62 9.02
17840.00 14.12 681.93 3.23
17876.43 14.09 678.43 1.97
17912.93 14.04 670.43 13.12
17949.31 14.21 661.06 5.12
17986.62 14.02 646.00 8.88
18023.12 14.06 633.75 5.26
18059.43 13.97 619.37 6.01
18095.87 13.93 606.06 10.08
18132.37 14.03 591.18 6.34
18168.62 14.02 576.93 5.76
18205.12 14.06 566.12 5.16
18241.50 14.04 557.00 4.09
18277.93 13.99 552.68 2.87
18314.43 14.10 548.75 3.68
18350.62 14.04 550.75 2.73
18387.18 14.12 556.56 6.02
18423.43 14.10 568.12 24.53
18459.87 14.06 572.81 5.34
18496.50 13.97 584.87 5.45
18532.87 13.76 598.12 6.10
18569.50 13.96 614.75 7.20
18605.81 14.08 626.37 7.82
18642.93 13.46 640.31 5.94
18679.25 13.54 652.56 4.05
18715.75 13.64 661.68 4.65
18752.25 13.54 668.12 4.09
18788.62 13.55 672.81 2.38
18825.06 13.50 675.81 2.48
18861.68 13.59 673.87 2.47
18898.06 13.55 668.68 3.82
18934.43 13.52 661.68 7.90
18971.56 13.89 650.75 5.30
19008.00 13.83 638.37 5.24
19044.56 13.89 626.00 5.36
19080.87 13.95 612.87 5.81
19117.31 14.02 600.00 5.79
19153.56 13.89 587.25 5.42
19190.00 13.83 576.12 4.06
19226.56 14.02 566.93 3.61
19262.87 13.97 560.25 4.68
19299.37 14.08 559.81 6.89
19335.62 13.95 558.50 3.67
19372.06 13.88 559.43 3.73
19408.50 14.08 565.06 3.75
19444.87 13.97 572.00 4.76
19482.12 13.80 581.81 5.59
19518.50 13.63 592.93 5.86
19555.00 13.55 605.68 5.29
19591.43 13.81 619.18 6.35
19628.00 13.81 630.75 4.93
19664.31 13.64 642.56 4.95
19700.75 13.77 652.25 4.35
19737.87 13.10 659.68 6.71
19774.37 13.18 666.18 3.58
19810.75 13.21 669.12 3.22
19847.18 13.24 672.25 17.49
19883.62 13.17 662.56 9.34
19920.12 13.06 660.81 3.59
19956.56 13.33 653.93 9.11
19993.12 13.29 643.25 4.59
20029.56 13.37 632.62 6.54
20065.81 13.26 619.56 5.68
20102.31 13.15 606.87 5.70
20138.75 13.29 597.00 4.09
20175.00 13.32 585.50 5.15
20211.50 13.32 578.12 6.36
20247.87 13.31 569.93 3.58
20284.37 13.20 565.25 3.70
20320.68 13.48 563.56 2.69
20357.06 13.38 557.62 25.65
20393.56 13.34 569.12 3.00
20429.87 13.31 574.75 4.71
20466.93 13.53 581.25 3.96
20504.12 13.21 591.06 4.85
20540.43 13.21 598.87 7.64
20577.00 13.10 612.93 6.23
20613.37 13.17 623.68 4.81
20649.81 13.01 635.75 3.19
20686.25 13.21 643.12 4.60
20722.75 13.21 653.18 3.73
20760.00 13.09 656.25 3.99
20796.31 13.06 660.75 3.19
20832.81 12.97 664.31 5.11
20870.06 13.00 660.81 5.08
20906.37 12.77 656.68 3.01
20942.93 12.86 650.31 6.23
20979.37 12.91 640.43 7.13
21015.81 12.75 633.12 5.40
21052.31 12.96 621.87 10.14
21088.56 12.94 611.93 7.12
21125.12 12.97 603.37 7.04
21161.37 12.91 591.12 7.36
21197.81 12.75 586.00 4.81
21234.31 13.09 577.93 2.88
21270.62 12.98 575.75 15.28
21307.12 12.94 569.68 2.82
21343.43 12.96 571.37 4.12
21379.87 12.80 572.31 3.96
21416.25 13.05 574.68 4.79
21452.62 13.07 579.31 7.43
21489.31 12.77 590.43 4.00
21525.62 12.85 597.68 5.97
21562.06 12.68 605.31 8.33
21598.56 13.00 618.31 5.21
21635.00 12.87 630.43 7.75
21671.50 12.78 635.93 3.86
21707.87 12.93 643.81 3.05
21744.87 12.97 654.06 8.19
21781.31 13.26 654.18 3.61
21817.62 13.14 658.00 7.12
21854.68 13.32 657.68 4.57
21891.12 13.31 655.06 5.11
21927.50 13.12 650.00 2.42
21964.00 13.43 643.18 5.57
22000.50 13.36 635.18 8.50
22036.93 13.33 629.81 6.00
22073.31 13.35 620.37 6.43
22109.68 13.15 608.68 3.44
22146.06 13.41 601.00 4.53
22182.50 13.36 592.18 7.20
22218.81 13.22 584.56 3.28
22255.37 13.38 580.06 3.72
22291.75 13.19 577.12 3.02
22328.12 13.45 571.62 11.12
22364.50 13.44 575.93 5.01
22400.87 13.33 578.37 4.33
22437.37 13.38 578.12 9.67
22473.75 13.36 594.37 18.49
22510.31 13.33 597.00 3.98
22546.56 13.26 603.81 5.16
22583.18 13.15 612.50 4.50
22619.68 13.30 621.12 3.84
22656.12 13.07 635.06 18.12
22692.56 13.40 638.12 5.34
22729.18 13.41 644.00 4.85
22765.68 13.35 646.87 3.71
22802.06 13.42 650.18 3.22
22838.68 13.40 652.25 2.80
22875.18 13.60 651.06 3.65
22911.50 13.49 648.68 3.72
22947.93 13.39 644.87 3.60
22984.50 13.51 638.93 6.28
23020.87 13.31 627.25 8.36
23057.25 13.57 623.50 3.04
23093.62 13.57 614.43 5.56
23130.00 13.38 607.25 5.78
23166.50 13.51 599.37 3.76
23202.87 13.31 591.18 6.85
23239.31 13.61 585.12 4.14
23275.62 13.58 582.25 3.73
23312.06 13.48 577.25 7.07
23348.56 13.55 583.25 16.17
23384.87 13.49 581.93 6.60
23421.25 13.56 583.50 4.42
23457.62 13.59 588.43 3.97
23494.31 13.28 593.37 3.79
23530.68 13.38 600.62 4.49
23567.12 13.22 607.12 11.10
23603.56 13.48 613.56 11.74
23640.06 13.40 623.31 3.44
23676.50 13.28 630.68 4.98
23712.87 13.49 636.93 4.38
23750.56 14.76 641.37 2.59
23786.87 14.93 646.25 7.73
23823.31 14.95 647.37 2.74
23861.00 16.05 645.06 5.91
23897.31 16.02 646.18 3.40
23933.81 16.00 642.56 3.14
23970.25 16.22 635.31 9.40
24006.68 16.15 632.12 2.89
24043.12 16.05 627.68 17.33
24079.50 16.02 618.18 6.28
24116.00 16.00 608.25 5.38
24152.31 16.13 604.00 5.06
24188.56 16.12 596.50 3.81
24225.06 16.07 592.81 5.13
24261.56 16.04 587.93 2.84
24298.00 16.15 580.68 6.45
24334.37 16.16 583.75 2.84
24370.62 16.14 584.87 3.70
24407.12 16.05 584.62 3.50
24443.50 16.09 588.50 3.32
24480.00 16.15 590.50 17.20
24516.50 16.01 601.18 7.12
24552.68 15.89 605.87 7.70
24590.06 16.22 614.18 4.05
24626.43 16.26 620.25 5.34
24662.87 16.07 623.62 11.71
24699.31 16.33 633.06 2.77
24736.50 16.02 636.37 3.74
24772.93 15.92 639.18 3.47
24809.31 15.93 645.12 4.51
24845.87 16.10 643.06 2.90
24882.31 16.04 642.06 2.77
24918.62 16.09 642.31 3.56
24955.00 15.93 635.87 3.62
24991.68 15.94 633.25 3.80
25028.18 15.92 628.00 4.92
25064.50 16.02 621.31 3.74
25100.81 16.08 612.68 2.95
25137.25 15.99 608.87 3.16
25173.68 15.94 602.68 3.70
25210.12 16.05 596.18 2.90
25246.56 16.04 599.06 27.50
25282.87 16.10 589.25 3.33
25319.31 15.96 589.31 6.51
25355.75 15.96 589.50 5.60
25392.18 16.06 587.37 4.71
25428.56 16.04 590.37 2.62
25464.87 16.01 594.18 3.43
25501.62 15.79 598.12 4.06
25537.93 15.81 603.00 3.22
25574.62 15.97 609.68 3.31
25611.18 16.23 616.75 3.29
25647.50 16.03 622.25 4.16
25684.00 16.04 631.31 8.67
25721.06 16.22 630.18 4.23
25757.43 16.15 636.68 3.40
25793.93 16.30 641.56 7.75
25830.25 16.41 639.50 4.50
25866.75 16.17 640.31 5.43
25903.18 16.32 638.18 3.02
25939.75 16.17 637.31 2.91
25976.25 16.38 632.50 2.76
26012.50 16.30 628.93 3.98
26049.00 16.21 623.18 4.81
26085.43 16.21 619.62 5.27
26121.87 16.27 612.81 4.19
26158.31 16.29 604.81 3.34
26194.50 16.30 602.18 3.09
26230.93 16.14 601.06 8.28
26267.50 16.23 593.93 6.30
26303.93 16.28 592.50 3.32
26340.37 16.31 589.75 2.80
26376.50 16.23 589.87 2.37
26413.00 16.16 591.18 3.42
26449.43 16.31 595.68 3.23
26485.93 16.17 599.12 3.41
26522.56 16.16 603.31 2.97
26558.68 16.07 608.81 4.60
26595.37 16.02 613.68 4.04
26631.81 16.16 619.18 6.04
26668.25 16.00 626.31 8.57
26704.93 16.19 627.31 7.86
26741.25 16.35 631.12 8.43
26777.68 16.19 635.25 3.73
26814.06 16.34 636.87 3.46
26850.75 16.38 638.81 2.94
26887.18 16.29 636.93 3.31
26923.43 16.36 636.00 5.23
26959.93 16.21 631.81 2.51
26997.31 15.44 632.25 7.16
27033.75 15.49 623.75 3.61
27070.18 15.38 624.12 7.69
27106.37 15.54 614.12 3.06
27142.81 15.35 610.75 6.53
27179.31 15.44 605.06 3.94
27215.75 15.49 599.43 4.83
27253.00 15.84 597.31 2.64
27289.12 15.90 595.06 3.19
27325.68 15.84 594.56 6.06
27362.06 15.84 594.25 6.42
27398.43 15.89 593.25 3.13
27434.93 15.89 592.06 17.23
27471.18 15.90 597.37 4.09
27507.93 15.62 602.68 3.92
27544.25 15.67 606.37 8.37
27580.68 15.73 608.68 5.43
27617.25 15.76 612.87 9.76
27653.50 15.70 619.68 3.69
27690.06 15.65 623.06 3.72
27727.68 16.65 629.18 2.40
27764.06 16.51 630.12 6.93
27800.56 16.65 633.56 2.52
27836.93 16.80 634.50 2.85
27873.43 16.53 635.31 3.16
27909.93 16.63 634.06 3.47
27946.25 16.62 631.00 3.22
27983.00 16.58 626.75 10.66
28019.18 16.70 624.18 4.90
28055.62 16.52 625.50 7.64
28092.12 16.62 616.43 3.10
28128.50 16.61 614.25 6.50
28165.00 16.58 608.93 4.09
28201.12 16.62 604.68 2.49
28238.25 17.19 602.68 9.23
28274.75 17.31 599.75 3.61
28311.06 17.26 595.93 3.21
28347.62 17.36 595.31 2.75
28383.81 17.35 596.18 4.73
28420.25 17.19 598.43 5.35
28456.81 17.31 599.62 4.04
28493.12 17.31 603.43 5.33
28529.75 17.12 605.18 4.23
28566.00 17.17 608.93 3.82
28602.56 17.04 614.31 4.10
28639.12 17.14 618.31 2.91
28675.43 17.13 625.62 17.41
28712.12 17.25 627.37 6.68
28748.43 17.38 626.50 8.10
28784.81 17.14 630.62 4.37
28821.31 17.31 632.87 2.78
28857.75 17.45 632.00 2.62
28894.37 17.29 631.25 5.75
28930.56 17.28 630.81 3.24
28967.06 17.12 628.68 7.36
29003.75 17.27 627.12 3.04
29040.06 17.17 622.93 2.73
29076.50 17.20 619.87 2.62
29112.75 17.27 612.12 13.99
29149.18 17.11 612.25 5.86
29185.68 17.22 609.06 3.03
29222.06 17.26 606.12 6.25
29258.62 17.36 601.56 3.89
29294.81 17.35 600.50 15.45
29331.25 17.19 598.25 2.75
29367.75 17.31 597.12 2.78
29404.00 17.36 597.81 3.39
29440.50 17.30 601.18 3.26
29476.87 17.35 603.37 4.26
29514.18 15.64 605.43 3.66
29550.62 15.76 606.62 2.55
29587.00 15.81 611.37 3.37
29623.56 15.74 614.81 4.61
29660.00 15.64 621.31 9.08
29696.43 15.66 624.75 10.40
29733.00 15.99 628.93 16.67
29769.37 15.81 628.31 3.06
29805.93 15.94 629.81 6.05
29842.31 15.89 631.56 4.91
29878.75 15.73 630.25 3.42
29915.25 15.94 630.25 2.41
29951.62 15.67 630.87 5.38
29989.06 15.32 626.25 2.99
30025.25 15.43 622.12 9.09
30061.68 15.26 620.50 3.95
30098.18 15.39 617.37 3.87
30134.56 15.21 618.68 24.50
30170.93 15.31 610.25 8.86
30207.25 15.43 606.62 3.67
30243.75 15.34 603.68 2.64
30280.25 15.48 603.18 4.86
30316.56 15.40 600.12 4.12
30352.93 15.42 599.00 3.62
30389.31 15.52 601.12 3.24
30425.75 15.34 600.62 2.85
30462.25 15.48 601.75 2.33
30499.25 14.54 604.00 4.61
30535.81 14.38 607.50 4.72
30572.18 14.52 614.68 8.51
30608.68 14.33 614.00 2.89
30645.25 14.42 617.50 3.20
30681.50 14.38 619.00 3.20
30719.06 15.15 621.43 6.51
30755.25 15.14 624.25 2.63
30791.75 15.04 624.56 5.66
30828.25 15.23 629.25 2.08
30864.56 15.16 628.56 4.85
30901.12 14.96 627.93 3.53
30937.43 15.08 627.75 2.22
30974.06 14.93 623.87 6.83
31010.50 15.00 626.75 10.00
31046.75 15.01 622.06 3.15
31083.25 14.92 618.12 3.57
31119.56 15.04 614.25 3.65
31156.00 14.86 613.62 9.84
31192.50 15.00 612.25 5.91
31228.81 15.09 604.62 6.39
31265.25 15.03 603.00 7.23
31301.62 15.12 602.56 2.26
31338.00 15.02 601.43 7.14
31374.50 15.10 601.06 5.54
31410.75 15.18 604.62 13.19
31447.18 15.10 602.06 2.88
31483.75 15.04 607.00 5.01
31520.25 14.79 606.93 2.51
31556.68 14.95 607.25 2.82
31592.93 15.09 608.56 15.38
31629.62 14.88 616.43 3.77
31666.00 14.90 617.43 2.55
31702.62 14.92 622.00 7.01
31739.12 15.12 622.00 9.27
31775.31 15.10 623.62 2.20
31811.87 14.99 627.75 4.34
31848.31 15.16 627.62 3.57
31885.62 13.77 626.31 3.08
31922.00 13.79 628.12 7.03
31958.31 13.77 626.37 3.66
31995.00 13.73 623.50 3.52
32031.37 13.77 622.12 3.87
32067.75 13.69 619.43 3.02
32104.25 13.81 615.37 3.95
32140.56 13.73 612.75 3.54
32176.87 13.68 610.37 2.80
32213.37 13.77 608.81 4.54
32249.68 13.77 608.06 5.12
32286.18 13.83 606.25 4.15
32322.50 13.82 604.25 4.32
32358.87 13.84 603.00 2.69
32395.31 13.85 603.87 2.50
32431.68 13.77 604.12 3.26
32468.25 13.81 605.56 7.56
32504.62 13.67 606.93 1.89
32541.12 13.49 609.12 4.23
32577.56 13.72 611.62 3.18
32614.81 13.44 613.25 2.28
32651.31 13.53 616.68 2.93
32687.62 13.30 618.06 7.31
32724.31 13.59 618.62 7.33
32760.68 13.70 623.62 2.71
32797.00 13.48 623.93 3.73
32833.43 13.74 625.06 2.66
32870.62 13.01 625.18 4.98
32907.06 12.88 626.31 4.90
32943.50 13.04 624.81 2.38
32980.12 12.92 626.31 5.92
33016.56 13.03 623.81 3.78
33052.93 12.98 619.18 3.84
33089.31 12.95 618.50 3.52
33125.68 13.03 613.93 3.45
33162.06 13.02 613.37 6.96
33198.56 13.03 610.68 2.89
33234.93 13.17 611.62 8.84
33271.31 13.15 607.87 3.45
33307.75 13.11 604.37 1.73
33344.12 13.09 604.50 2.89
33380.62 13.11 604.00 2.76
33416.87 13.20 605.81 7.39
33453.18 13.00 605.93 2.70
33489.87 12.99 607.25 1.89
33526.37 12.80 608.12 3.79
33562.75 12.94 610.87 12.95
33599.68 13.32 603.75 27.04
33636.31 13.02 615.87 2.94
33672.75 13.21 617.18 2.32
33710.00 14.40 618.75 8.86
33746.50 14.52 622.06 2.71
33782.81 14.43 620.87 8.77
33819.31 14.37 623.87 5.30
33856.62 14.39 623.75 5.14
33893.06 14.27 624.62 3.77
33929.50 14.41 625.18 7.37
33965.81 14.30 624.31 2.87
34002.50 14.27 621.25 3.53
34038.81 14.33 620.62 2.89
34075.18 14.31 619.06 3.68
34111.75 14.31 616.06 2.54
34147.87 14.39 614.87 2.78
34184.37 14.34 611.87 2.71
34220.81 14.33 605.37 16.04
34257.25 14.37 606.87 5.65
34293.81 14.38 605.50 3.30
34329.93 14.46 605.87 1.41
34366.37 14.38 607.25 5.64
34402.87 14.40 603.37 9.98
34439.18 14.32 606.18 7.29
34475.81 14.38 607.50 3.66
34512.00 14.28 610.75 3.56
34548.62 14.14 608.75 4.25
34585.12 14.35 612.31 3.12
34621.43 14.21 615.43 2.57
34658.06 14.26 614.43 3.48
34694.37 14.30 617.50 1.46
34731.00 14.32 620.87 5.00
34767.37 14.46 620.25 3.34
34803.62 14.42 622.31 3.12
34840.93 14.89 622.50 3.00
34877.31 14.82 621.93 6.39
34913.75 14.75 621.81 3.17
34950.18 14.87 622.87 4.01
34987.50 14.61 621.06 2.70
35024.00 14.55 620.81 3.91
35060.25 14.68 620.68 7.26
35096.62 14.61 616.25 2.73
35133.18 14.63 615.12 2.67
35169.50 14.61 614.12 3.71
35206.00 14.55 612.00 2.58
35242.31 14.74 610.75 4.78
35278.68 14.66 606.18 5.93
35315.25 14.69 606.43 10.33
35351.50 14.63 607.37 3.33
35388.00 14.65 605.93 3.33
35424.25 14.69 606.06 3.38
35460.68 14.66 609.62 3.10
35497.37 14.45 608.68 3.53
35533.62 14.30 608.87 4.81
35570.18 14.43 610.31 2.95
35606.56 14.51 612.68 1.99
35643.12 14.29 613.75 7.70
35679.50 14.34 616.81 4.45
35715.93 14.53 618.81 4.19
35752.56 14.57 615.81 6.82
35788.93 14.54 619.81 2.51
35825.37 14.54 620.75 2.61
35861.93 14.64 620.37 3.67
35898.31 14.63 622.25 1.89
35934.75 14.62 622.68 3.98
35971.75 14.93 621.43 2.67
36008.25 14.91 621.56 7.47
36044.75 14.90 618.56 3.53
36081.12 14.92 617.68 2.23
36117.62 14.84 615.43 2.78
36153.81 14.95 612.68 7.13
36190.25 14.91 611.12 3.74
36226.81 14.95 610.06 2.13
36263.12 14.93 609.18 2.81
36299.62 14.94 607.75 3.67
36335.81 14.95 607.12 2.85
36372.25 14.86 606.62 3.28
36408.81 14.95 608.87 3.64
36445.00 14.94 607.12 2.87
36482.43 14.75 608.25 4.58
36518.75 14.55 609.87 2.57
36555.31 14.35 611.93 5.98
36591.81 14.55 615.00 8.06
36628.18 14.61 612.87 1.80
36664.68 14.43 615.37 3.62
36701.12 14.49 614.31 4.35
36737.75 14.55 617.43 4.64
36774.06 14.61 618.81 5.26
36810.37 14.63 619.56 2.76
36847.06 14.74 620.25 3.13
36883.31 14.79 622.43 3.20
36919.81 14.73 620.93 2.38
36956.31 14.79 619.12 8.37
36992.81 14.75 620.43 4.32
37029.31 14.69 615.37 11.48
37065.50 14.80 620.68 7.45
37102.00 14.74 616.81 3.99
37138.43 14.75 614.56 3.10
37174.68 14.77 615.06 3.72
37211.18 14.70 611.56 7.89
37247.50 14.80 610.43 3.14
37284.00 14.69 608.68 5.25
37320.50 14.80 609.56 3.32
