
1.93 0.24 572.43 70.53
30.62 8.89 529.56 31.11
57.87 9.31 459.75 26.95
85.00 9.45 394.62 29.30
111.43 9.29 324.12 35.97
137.93 9.39 269.75 21.73
164.25 9.35 217.06 19.72
190.62 9.53 169.68 18.60
217.00 9.45 125.06 15.02
243.37 9.31 89.37 10.43
269.87 9.42 60.68 10.99
296.18 9.37 39.37 6.15
322.68 9.51 26.06 5.11
349.56 9.38 20.37 2.67
376.06 9.24 21.18 2.90
402.68 9.32 30.68 5.82
429.00 9.27 47.62 7.26
455.43 9.39 71.56 9.85
481.81 9.27 103.93 13.73
508.12 9.20 138.25 13.65
534.75 9.30 181.06 17.48
560.93 9.30 229.93 17.79
587.37 9.42 282.12 19.85
613.75 9.30 337.12 19.06
640.12 9.20 397.87 21.49
667.06 9.19 456.50 22.55
693.37 9.12 520.18 21.16
719.81 9.19 587.87 20.72
746.68 10.64 648.31 24.52
773.06 10.57 712.75 23.50
799.68 10.64 771.37 22.36
825.93 10.60 829.50 20.44
852.31 10.71 881.93 19.45
878.68 10.64 932.25 18.95
905.00 10.58 976.43 16.78
931.62 10.68 1015.62 15.32
957.81 10.66 1051.68 11.27
984.18 10.76 1079.56 9.40
1010.75 10.61 1104.37 11.70
1037.12 10.59 1116.43 4.91
1063.75 10.71 1124.00 3.79
1090.06 10.68 1126.31 4.24
1116.50 10.83 1120.50 6.25
1142.93 10.67 1108.50 8.34
1169.25 10.60 1091.00 11.36
1195.75 10.71 1067.00 13.05
1222.12 10.66 1041.00 17.79
1248.43 10.61 1000.75 16.61
1274.93 10.67 961.62 18.65
1301.18 10.63 917.31 15.50
1327.75 10.71 867.31 21.85
1354.18 10.68 815.93 22.18
1380.56 10.52 760.00 23.79
1407.18 10.61 708.00 24.01
1433.50 10.54 654.06 25.31
1460.18 10.61 596.37 22.94
1486.43 10.57 541.00 22.58
1512.68 10.47 487.56 20.50
1539.25 10.58 436.62 20.69
1565.50 10.54 387.37 18.49
1592.06 10.67 341.87 17.45
1618.37 10.60 298.50 15.27
1644.62 10.48 260.00 15.62
1671.37 10.54 228.12 13.48
1697.68 10.47 201.06 9.38
1724.25 10.55 181.25 6.98
1751.50 13.62 164.25 5.20
1777.81 13.57 156.93 3.90
1804.37 13.41 153.00 5.69
1830.75 13.58 156.12 6.78
1857.12 13.48 162.81 9.29
1883.50 13.62 179.25 11.63
1909.81 13.57 200.93 14.53
1936.37 13.41 221.62 16.84
1962.68 13.60 252.31 17.97
1989.18 13.46 287.37 20.23
2015.75 13.52 324.18 22.16
2042.18 13.47 365.06 24.50
2068.68 13.40 411.81 23.86
2095.12 13.54 458.43 25.35
2121.50 13.44 507.25 26.08
2148.00 13.58 556.12 24.10
2174.31 13.47 605.31 25.34
2200.81 13.34 653.18 25.19
2227.12 13.53 705.18 28.20
2253.43 13.47 749.25 22.68
2280.00 13.58 792.87 21.20
2306.25 13.48 836.81 18.90
2332.87 13.36 873.00 16.16
2359.18 13.54 907.37 15.08
2385.68 13.40 939.56 12.39
2412.18 13.49 967.18 12.27
2438.56 13.39 988.75 18.60
2465.12 13.25 1001.62 5.97
2491.37 13.46 1011.56 4.23
2517.75 13.37 1018.18 4.50
2544.25 13.21 1016.93 4.98
2570.56 13.39 1012.93 7.26
2597.12 13.25 1001.43 9.61
2623.37 13.46 986.37 12.39
2649.81 13.35 965.00 15.56
2676.31 13.19 941.00 16.76
2702.75 13.34 914.50 18.93
2729.87 15.01 880.12 22.32
2756.18 14.94 844.06 23.78
2782.50 14.83 805.31 25.08
2808.93 14.99 765.00 26.94
2835.37 14.88 722.37 25.54
2861.81 14.78 679.00 26.36
2888.18 14.94 635.37 28.15
2914.43 14.86 593.18 25.86
2940.93 14.99 549.56 24.92
2967.25 14.92 507.68 24.39
2994.00 14.74 466.50 22.92
3020.43 14.89 429.43 19.52
3046.81 14.84 394.25 20.90
3073.37 14.94 362.56 15.52
3099.81 14.83 326.62 32.96
3126.25 14.71 310.25 12.52
3152.62 14.91 288.68 9.94
3178.93 14.84 275.25 11.70
3205.43 14.92 262.31 4.96
3231.81 14.83 255.25 6.29
3258.18 14.73 252.50 5.15
3284.62 14.91 255.62 7.57
3310.93 14.84 264.50 8.99
3337.50 14.92 276.62 9.74
3363.87 14.84 288.25 5.66
3390.37 14.72 312.12 15.13
3416.62 14.92 336.56 16.27
3443.06 14.77 363.81 19.85
3469.62 14.87 393.87 19.85
3495.93 14.81 426.56 21.69
3522.37 14.72 462.87 21.86
3548.68 14.90 502.50 25.25
3575.06 14.77 535.31 25.40
3601.56 14.64 577.31 22.46
3627.87 14.84 614.00 23.93
3654.43 14.69 654.75 21.35
3680.81 14.86 691.62 21.22
3707.25 14.71 728.43 19.27
3733.93 15.01 761.62 17.89
3760.31 14.92 794.12 17.31
3786.62 14.86 823.68 17.25
3813.00 14.99 849.87 13.92
3839.43 14.89 870.50 23.59
3866.00 14.99 892.68 12.36
3892.31 14.92 907.12 7.48
3918.62 14.86 918.06 7.36
3945.00 14.99 928.25 5.25
3971.43 14.89 930.93 5.10
3998.00 15.00 929.37 5.34
4024.43 14.89 925.31 8.91
4050.81 14.85 916.18 9.62
4077.31 15.02 902.50 12.27
4103.75 14.88 887.06 12.74
4130.18 15.03 863.06 21.46
4156.56 14.94 843.06 17.26
4182.93 14.85 816.93 19.89
4209.37 15.00 790.25 13.39
4235.75 14.88 757.37 20.09
4262.12 14.80 726.50 19.65
4288.50 14.97 695.18 20.80
4314.87 14.87 658.50 22.22
4341.50 14.98 624.87 20.83
4367.93 14.81 590.31 19.71
4394.31 14.75 557.50 18.60
4420.81 14.86 525.00 20.18
4447.18 14.76 497.43 23.04
4473.62 14.87 464.62 16.47
4500.06 14.76 436.62 15.18
4526.43 14.69 413.18 12.68
4552.87 14.84 390.75 11.14
4579.18 14.76 374.00 10.27
4605.62 14.87 357.00 8.21
4632.06 14.76 344.68 6.12
4658.50 14.67 337.81 6.27
4684.93 14.82 330.62 6.27
4711.43 14.67 331.81 6.12
4737.93 15.01 336.00 6.69
4764.50 14.86 340.00 7.89
4790.87 15.04 351.68 9.28
4817.18 14.96 366.87 19.44
4843.62 14.81 379.62 13.08
4870.00 14.99 401.43 14.40
4896.43 14.87 422.68 16.06
4922.81 15.07 446.56 15.53
4949.18 14.96 472.31 16.39
4975.56 14.83 500.12 17.90
5002.06 14.98 529.12 18.22
5028.56 14.84 558.68 17.90
5054.87 14.80 590.50 18.26
5081.43 14.99 622.12 19.08
5107.81 14.84 650.31 17.51
5134.25 14.95 678.25 16.78
5160.75 14.86 710.00 16.18
5187.00 14.77 734.37 14.92
5213.43 14.99 759.31 15.74
5239.81 14.84 777.31 17.51
5266.12 15.01 801.50 10.90
5292.75 14.86 816.93 17.14
5319.18 14.70 833.00 12.43
5345.68 14.92 845.31 6.20
5372.12 14.76 853.81 10.06
5398.56 14.86 860.75 4.56
5425.12 14.74 861.87 5.00
5451.50 14.62 860.81 4.45
5477.87 14.82 856.43 7.53
5504.25 14.70 848.81 7.70
5530.68 14.80 838.18 10.80
5557.12 14.74 826.31 11.17
5583.43 14.65 809.43 10.99
5609.81 14.80 791.43 14.23
5636.18 14.71 770.00 13.32
5662.87 14.75 750.56 15.51
5689.25 14.71 724.62 17.85
5715.68 14.82 698.43 16.96
5742.18 14.93 673.43 16.77
5768.56 14.84 647.37 17.26
5795.06 14.93 616.87 16.68
5821.43 14.88 591.81 15.04
5847.68 14.78 565.12 15.39
5874.06 14.93 539.18 15.25
5900.56 14.84 515.75 13.94
5926.93 14.99 493.18 12.36
5953.37 14.91 471.62 11.74
5979.62 14.81 455.06 11.62
6006.18 14.92 440.06 17.74
6032.68 14.81 419.56 23.07
6059.12 15.01 409.93 5.82
6085.68 14.90 400.93 4.68
6112.00 14.78 397.56 5.29
6138.43 14.94 394.50 8.74
6164.87 14.83 392.25 5.64
6191.18 14.98 395.56 7.16
6217.75 14.88 400.75 6.25
6243.93 14.80 408.12 8.71
6270.43 14.94 419.81 8.90
6296.87 14.83 432.81 10.03
6323.62 14.93 448.37 12.79
6350.12 14.86 469.75 13.05
6376.50 14.76 488.12 12.55
6403.12 14.80 508.62 13.50
6429.56 14.70 530.75 17.73
6455.93 14.56 552.18 13.88
6482.31 14.78 574.81 16.00
6508.56 14.70 600.25 15.94
6535.06 14.77 624.50 13.66
6561.56 14.70 646.50 14.32
6587.81 14.61 669.12 13.91
6614.31 14.78 691.37 13.28
6640.56 14.70 712.06 10.94
6667.18 14.73 731.81 11.56
6693.68 14.66 749.00 10.04
6720.06 15.04 764.62 9.21
6746.81 14.81 778.37 7.61
6773.06 14.74 788.06 11.39
6799.50 14.85 797.87 5.37
6826.00 14.76 804.12 4.45
6852.31 14.92 807.06 4.01
6878.68 14.81 807.93 8.23
6905.06 14.74 807.93 4.83
6931.50 14.85 803.43 7.67
6957.93 14.76 795.25 8.24
6984.25 14.95 789.43 8.88
7010.75 14.82 776.81 10.44
7037.25 14.72 764.87 9.84
7063.81 14.87 749.37 9.68
7090.18 14.77 735.12 11.16
7116.56 14.66 716.81 13.66
7143.06 14.82 697.87 13.14
7169.37 14.71 679.75 14.92
7195.81 14.82 654.56 17.90
7222.25 14.74 634.81 13.53
7248.50 14.66 614.68 13.10
7275.00 14.85 591.06 16.07
7301.37 14.71 571.00 15.10
7327.75 14.88 554.50 13.63
7354.37 14.75 535.31 12.06
7380.68 14.63 516.43 10.63
7407.25 14.77 499.43 9.88
7433.68 14.63 486.87 8.11
7460.00 14.75 473.87 8.60
7486.50 14.69 461.62 7.87
7512.75 14.60 454.87 5.78
7539.18 14.73 447.56 5.03
7565.62 14.66 444.56 5.76
7592.00 14.75 440.31 8.79
7618.43 14.68 443.75 7.06
7644.81 14.57 445.18 4.39
7671.31 14.69 448.87 6.58
7697.81 14.59 457.31 7.47
7724.37 14.87 464.87 8.00
7750.81 14.79 475.93 9.65
7777.12 14.71 488.75 8.88
7803.56 14.84 502.68 10.24
7830.06 14.74 516.75 10.30
7856.43 14.84 535.18 10.74
7882.81 14.79 550.62 11.99
7909.12 14.71 569.62 12.10
7935.43 14.84 588.50 11.63
7962.00 14.73 606.62 11.78
7988.37 14.89 625.50 11.88
8014.87 14.78 642.81 11.95
8041.31 14.69 661.43 10.11
8067.87 14.88 677.50 10.61
8094.25 14.74 696.87 10.58
8120.56 14.89 709.37 10.29
8147.06 14.79 725.25 8.28
8173.43 14.69 734.68 5.18
8199.81 14.84 745.31 7.01
8226.25 14.74 757.75 14.89
8252.56 14.89 760.56 4.50
8279.06 14.79 765.87 4.46
8305.43 14.69 768.06 4.05
8332.00 14.85 766.87 4.15
8358.50 14.76 766.00 4.65
8384.81 14.87 763.06 5.25
8411.31 14.77 757.81 4.75
8437.75 14.64 751.31 6.57
8464.25 14.74 740.43 9.61
8490.68 14.67 731.06 7.62
8517.00 14.52 719.93 9.56
8543.37 14.74 710.75 18.06
8569.75 14.64 691.12 11.55
8596.12 14.74 675.06 12.84
8622.68 14.67 662.87 10.99
8648.93 14.55 644.37 10.76
8675.50 14.70 627.68 12.61
8702.00 14.54 611.62 10.68
8728.43 14.88 594.81 9.66
8755.12 14.74 580.06 10.64
8781.31 14.92 562.37 11.49
8807.81 14.81 550.75 10.94
8834.12 14.74 535.87 7.98
8860.50 14.85 523.18 9.44
8886.93 14.79 510.18 10.75
8913.31 14.92 502.12 6.72
8939.68 14.81 494.93 6.23
8966.12 14.74 487.31 5.61
8992.56 14.83 482.12 5.70
9019.12 14.73 478.93 9.56
9045.50 14.90 481.31 5.96
9072.00 14.85 475.68 10.38
9098.43 14.72 482.06 6.06
9124.87 14.84 485.56 6.21
9151.25 14.74 490.81 5.34
9177.56 14.66 496.75 8.26
9204.06 14.82 507.56 6.19
9230.43 14.72 515.18 10.01
9256.81 14.82 530.00 9.82
9283.25 14.74 541.18 8.80
9309.62 14.67 552.50 10.04
9336.31 14.90 567.31 8.70
9362.75 14.78 582.12 9.60
9389.06 14.90 595.56 9.80
9415.75 14.73 610.75 10.22
9442.06 14.62 626.50 11.23
9468.56 14.78 639.31 9.09
9494.93 14.68 654.00 9.82
9521.25 14.80 667.43 11.91
9547.62 14.75 680.00 8.77
9574.00 14.66 691.87 7.76
9600.43 14.78 700.62 7.02
9626.87 14.72 710.06 6.37
9653.31 14.77 718.50 5.11
9679.75 14.71 722.56 5.36
9706.25 14.55 729.93 4.17
9732.75 14.90 732.75 5.47
9759.25 14.77 735.06 3.93
9785.68 14.88 735.56 4.94
9812.06 14.82 729.81 11.57
9838.37 14.75 732.56 8.97
9864.75 14.90 726.87 5.43
9891.25 14.77 719.25 8.55
9917.68 14.88 714.00 7.30
9944.06 14.82 703.25 7.89
9970.37 14.75 695.18 7.54
9996.81 14.86 685.62 13.24
10023.37 14.73 674.12 8.75
10049.75 14.92 662.12 9.05
10076.37 14.80 649.18 9.12
10102.75 14.70 636.93 7.84
10129.18 14.88 623.81 9.76
10155.56 14.74 610.31 8.31
10181.81 14.93 599.18 9.53
10208.31 14.82 585.50 7.83
10234.68 14.73 575.18 8.47
10261.06 14.88 560.87 8.02
10287.43 14.77 551.93 9.04
10313.87 14.93 544.50 14.44
10340.43 14.84 533.87 14.23
10366.81 14.75 523.93 8.28
10393.25 14.86 521.18 6.59
10419.75 14.73 514.31 5.54
10446.25 14.80 516.12 7.28
10472.56 14.78 507.31 9.64
10498.93 14.68 509.43 5.53
10525.37 14.81 510.18 3.56
10551.81 14.70 512.18 4.30
10578.12 14.60 515.06 4.38
10604.56 14.78 517.37 11.20
10630.93 14.68 527.37 7.81
10657.37 14.75 530.43 9.84
10683.87 14.67 536.81 10.13
10710.31 14.52 551.31 7.85
10736.87 14.64 558.56 6.63
10763.37 14.75 568.81 7.35
10789.56 14.67 580.62 8.35
10816.12 14.55 592.31 7.47
10842.43 14.73 602.31 9.14
10868.87 14.63 613.31 12.43
10895.25 14.80 626.12 6.71
10921.56 14.67 638.00 7.24
10947.93 14.60 648.62 6.79
10974.43 14.73 657.68 6.96
11000.81 14.64 668.00 6.75
11027.37 14.76 676.93 6.23
11053.75 14.64 683.87 6.40
11080.18 14.56 693.25 5.26
11106.75 14.70 696.93 11.83
11133.00 14.64 700.50 7.30
11159.50 14.76 706.43 4.69
11185.87 14.64 706.62 7.15
11212.25 14.53 709.50 2.74
11238.75 14.70 709.12 5.69
11265.00 14.64 709.00 3.82
11291.37 14.50 705.56 4.95
11317.87 14.67 703.56 6.61
11344.43 14.55 696.81 4.60
11370.93 14.69 691.93 6.02
11397.31 14.57 687.37 15.80
11423.75 14.45 678.12 6.33
11450.18 14.57 670.62 6.27
11476.62 14.46 660.75 6.76
11503.06 14.62 650.68 7.49
11529.37 14.55 641.37 6.72
11555.75 14.45 630.06 7.21
11582.18 14.57 620.62 8.47
11608.43 14.52 608.56 6.84
11634.93 14.68 602.12 4.77
11661.25 14.54 589.62 10.51
11687.81 14.44 581.56 6.13
11714.37 14.49 569.18 14.27
11740.81 14.62 562.81 9.74
11767.43 14.73 555.37 7.66
11793.56 14.67 550.00 5.53
11820.06 14.53 544.31 6.16
11846.56 14.67 539.87 6.15
11872.87 14.58 535.93 4.83
11899.37 14.75 532.56 6.31
11925.56 14.67 532.37 5.84
11952.06 14.53 531.18 4.05
11978.50 14.70 532.12 4.20
12004.93 14.57 535.37 7.66
12031.43 14.70 535.37 8.38
12058.00 14.70 541.00 4.90
12084.43 14.58 544.68 5.99
12110.87 14.69 549.62 5.34
12137.31 14.55 558.43 7.07
12163.81 14.72 562.81 8.05
12190.00 14.65 573.75 9.99
12216.50 14.55 581.75 7.89
12242.81 14.72 588.37 6.41
12269.18 14.61 591.06 17.05
12295.75 14.75 606.37 7.19
12322.00 14.66 616.50 6.49
12348.62 14.62 625.43 6.82
12375.00 14.71 633.43 6.01
12401.37 14.60 641.00 6.29
12428.00 14.70 647.87 5.64
12454.25 14.59 657.31 8.11
12480.75 14.51 664.12 4.65
12507.25 14.59 670.06 5.88
12533.43 14.57 676.50 5.09
12559.87 14.50 679.62 4.65
12586.25 14.59 683.06 6.59
12612.75 14.51 685.81 4.32
12639.18 14.62 685.18 7.44
12665.56 14.52 687.75 4.37
12692.12 14.40 688.12 4.20
12718.50 14.75 688.31 7.20
12745.06 14.63 685.68 3.18
12771.56 14.72 679.37 13.39
12797.87 14.63 678.93 6.37
12824.43 14.78 674.37 4.40
12850.62 14.69 667.31 6.19
12877.06 14.58 664.43 7.56
12903.50 14.75 656.00 5.95
12929.81 14.62 649.31 5.50
12956.43 14.78 640.87 5.67
12982.62 14.69 634.18 6.40
13008.93 14.60 626.68 7.39
13035.68 14.72 619.12 6.15
13061.93 14.71 610.81 5.93
13088.56 14.83 602.75 6.44
13114.93 14.66 595.56 6.22
13141.31 14.59 592.12 14.16
13167.81 14.72 581.06 6.30
13194.00 14.68 573.56 7.77
13220.43 14.56 569.00 5.21
13246.93 14.66 562.12 6.30
13273.31 14.59 557.68 5.85
13299.81 14.72 557.75 4.66
13326.06 14.68 552.12 8.16
13352.62 14.61 550.75 4.70
13379.06 14.68 549.87 4.65
13405.62 14.55 549.18 4.35
13432.18 14.62 549.56 5.45
13458.37 14.58 552.75 9.79
13484.81 14.51 553.93 6.86
13511.25 14.59 557.87 6.27
13537.56 14.53 560.31 5.17
13564.12 14.65 566.12 6.38
13590.31 14.56 570.81 5.71
13616.75 14.54 574.18 7.43
13643.31 14.56 582.18 10.29
13669.56 14.50 585.68 13.15
13696.43 14.53 594.62 10.40
13722.68 14.67 601.62 6.68
13749.43 14.77 610.00 5.84
13775.87 14.59 616.25 6.05
13802.06 14.54 623.87 6.39
13828.68 14.67 630.12 6.78
13854.87 14.59 636.18 5.31
13881.31 14.52 643.31 6.61
13907.87 14.59 649.50 7.48
13934.06 14.54 657.00 8.75
13960.56 14.72 659.87 6.34
13986.87 14.59 663.93 6.51
14013.37 14.50 666.93 5.04
14040.00 14.59 670.50 6.67
14066.43 14.54 673.68 13.16
14092.87 14.70 673.31 5.43
14119.18 14.60 673.93 4.58
14145.62 14.49 668.93 11.75
14172.00 14.64 672.43 5.40
14198.37 14.52 670.62 4.34
14224.93 14.67 667.18 5.95
14251.12 14.58 664.31 5.97
14277.62 14.49 661.43 6.62
14303.93 14.67 657.56 4.37
14330.50 14.53 653.18 5.50
14357.06 14.69 646.56 5.34
14383.31 14.57 640.06 6.70
14409.87 14.49 634.87 6.98
14436.37 14.54 632.56 11.21
14462.56 14.50 623.12 5.78
14489.12 14.65 619.93 18.75
14515.43 14.51 610.50 5.50
14541.87 14.44 607.62 10.48
14568.37 14.54 597.93 5.27
14594.56 14.50 592.75 5.56
14621.06 14.42 588.43 5.39
14647.50 14.48 581.75 5.48
14673.93 14.42 576.00 8.19
14700.50 14.50 575.00 5.45
14726.93 14.60 570.25 5.81
14753.93 14.65 567.62 5.34
14780.12 14.57 565.68 5.45
14806.56 14.49 564.93 4.88
14833.06 14.60 563.75 5.74
14859.31 14.52 560.31 31.11
14885.93 14.65 564.68 4.45
14912.12 14.57 565.75 6.26
14938.50 14.47 567.37 3.14
14965.00 14.63 567.00 14.83
14991.31 14.49 574.06 6.78
15018.12 14.59 576.56 3.77
15044.31 14.54 581.00 4.06
15070.68 14.51 586.06 6.99
15097.25 14.63 590.00 10.40
15123.50 14.54 592.87 9.48
15150.18 14.65 599.25 5.99
15176.43 14.52 609.62 14.44
15202.75 14.47 611.43 4.03
15229.31 14.59 616.87 5.13
15255.50 14.54 623.68 6.54
15282.06 14.40 628.62 5.48
15308.56 14.53 633.62 4.87
15335.00 14.50 637.62 6.04
15361.50 14.61 642.43 5.82
15387.87 14.50 640.81 15.70
15414.37 14.39 650.25 4.52
15440.81 14.45 652.50 4.60
15467.18 14.40 656.18 4.17
15493.75 14.48 658.25 3.93
15519.93 14.43 659.62 3.72
15546.37 14.36 660.18 3.63
15572.81 14.45 663.00 6.11
15599.12 14.38 660.75 3.85
15625.68 14.51 660.68 4.39
15651.93 14.38 658.37 3.00
15678.62 14.26 657.18 4.61
15705.00 14.37 653.87 4.64
15731.43 14.50 652.93 4.87
15758.06 14.63 649.37 4.26
15784.18 14.57 644.06 4.86
15810.87 14.70 640.81 7.89
15837.18 14.57 636.31 7.76
15863.43 14.52 630.62 4.66
15890.06 14.63 626.75 5.64
15916.18 14.57 621.18 4.72
15942.68 14.49 615.31 5.03
15969.18 14.57 612.56 6.86
15995.50 14.51 606.93 8.56
16022.18 14.59 602.00 5.73
16048.43 14.55 597.81 5.57
16074.93 14.49 594.00 5.73
16101.43 14.56 592.06 6.88
16127.87 14.48 582.06 10.48
16154.37 14.59 583.37 6.33
16180.56 14.54 579.31 4.47
16207.00 14.42 577.50 3.20
16233.43 14.56 577.12 4.20
16259.75 14.45 575.56 4.28
16286.37 14.59 574.68 6.90
16312.56 14.53 576.12 4.31
16339.18 14.46 576.93 7.93
16365.50 14.61 574.56 7.47
16391.93 14.48 579.50 5.76
16418.56 14.58 579.93 4.44
16444.68 14.51 582.43 4.67
16471.25 14.42 581.62 18.25
16497.68 14.51 589.62 3.37
16523.87 14.50 591.56 4.26
16550.50 14.60 593.50 9.06
16576.68 14.51 601.00 7.42
16603.12 14.43 603.68 5.17
16629.68 14.51 608.31 3.92
16655.93 14.47 611.37 2.55
16682.68 14.27 616.56 5.43
16708.87 14.44 619.87 4.57
16735.50 14.53 624.43 3.92
16762.00 14.64 629.00 4.42
16788.25 14.63 633.50 4.73
16814.87 14.69 634.93 10.95
16841.06 14.64 639.06 5.71
16867.56 14.53 642.18 3.39
16894.00 14.64 645.31 3.70
16920.18 14.62 646.12 4.64
16946.87 14.69 649.31 3.29
16973.00 14.64 649.62 3.54
16999.50 14.52 650.12 4.36
17026.06 14.63 649.37 9.98
17052.43 14.57 649.62 3.97
17079.18 14.67 649.81 3.97
17105.31 14.60 647.93 3.49
17131.81 14.52 646.93 4.60
17158.25 14.63 645.18 5.02
17184.43 14.61 639.81 10.18
17211.12 14.69 640.25 3.95
17237.31 14.60 636.12 5.51
17263.75 14.55 638.18 16.51
17290.25 14.63 629.37 4.78
17316.56 14.63 624.62 5.53
17343.18 14.48 622.43 6.95
17369.56 14.55 618.81 4.07
17396.06 14.48 611.87 9.13
17422.68 14.49 611.18 3.70
17448.93 14.47 607.50 4.81
17475.37 14.36 603.31 3.35
17501.75 14.46 600.75 5.12
17528.12 14.44 596.81 5.67
17554.75 14.46 593.31 3.90
17580.87 14.47 591.68 2.99
17607.37 14.36 588.37 4.77
17633.75 14.46 587.43 5.94
17660.12 14.38 584.68 4.33
17686.87 14.41 584.37 4.11
17712.93 14.38 583.87 3.51
17739.87 14.66 584.12 3.04
17766.12 14.58 582.81 4.60
17792.43 14.53 587.31 11.16
17819.12 14.58 581.18 7.88
17845.18 14.57 586.31 3.42
17871.81 14.46 587.31 3.70
17898.12 14.58 588.75 4.28
17924.37 14.56 591.31 6.63
17951.12 14.58 596.25 8.13
17977.18 14.57 598.50 6.33
18003.75 14.47 596.75 7.88
18030.25 14.53 604.00 2.71
18056.56 14.49 604.87 3.26
18083.37 14.57 609.31 4.38
18109.50 14.53 621.93 26.38
18135.93 14.41 614.81 4.07
18162.43 14.53 619.43 3.54
18188.68 14.48 623.93 5.97
18215.31 14.60 625.93 5.62
18241.50 14.53 629.56 3.52
18267.87 14.45 631.37 5.44
18294.43 14.53 634.62 3.52
18320.75 14.48 636.25 4.21
18347.43 14.62 638.18 4.80
18373.68 14.52 639.62 3.43
18400.31 14.39 642.12 3.62
18426.93 14.40 641.18 4.45
18453.18 14.34 643.56 4.08
18479.87 14.42 642.81 3.63
18505.93 14.40 643.18 4.10
18532.43 14.31 642.93 4.89
18558.93 14.40 642.31 3.31
18585.06 14.40 639.06 3.58
18611.68 14.21 637.43 3.57
18637.93 14.40 637.43 3.82
18664.43 14.27 633.62 4.91
18691.06 14.35 632.12 9.43
18717.31 14.55 628.93 4.99
18744.25 14.55 622.50 6.81
18770.50 14.52 625.31 4.14
18796.75 14.48 619.37 16.59
18823.31 14.56 620.87 7.75
18849.56 14.52 614.93 6.25
18876.12 14.61 611.62 4.58
18902.50 14.52 608.31 5.43
18928.62 14.49 605.37 4.55
18955.31 14.56 602.62 3.90
18981.50 14.52 601.25 6.39
19008.25 14.57 598.25 4.31
19034.56 14.46 598.00 4.34
19061.00 14.53 593.50 4.94
19087.68 14.60 592.18 9.24
19114.00 14.49 591.31 4.04
19140.56 14.57 592.06 4.59
19166.87 14.52 592.62 4.54
19193.12 14.46 590.81 4.05
19219.75 14.57 592.87 7.38
19245.93 14.52 588.31 16.76
19272.43 14.37 591.56 6.10
19298.81 14.55 594.31 6.63
19325.12 14.50 592.31 5.55
19351.81 14.57 598.18 6.48
19378.18 14.50 598.06 4.13
19404.62 14.31 600.06 5.64
19431.12 14.48 599.93 5.63
19457.43 14.39 605.43 4.20
19483.93 14.45 605.50 3.10
19510.31 14.45 609.50 4.72
19536.50 14.35 613.00 7.02
19563.06 14.47 614.81 3.86
19589.37 14.42 617.93 3.51
19615.93 14.45 618.62 4.17
19642.37 14.38 621.68 4.43
19668.81 14.22 623.37 3.79
19695.43 14.32 623.00 16.43
19721.81 14.50 629.00 4.03
19748.50 14.50 630.68 3.60
19774.81 14.49 631.62 3.66
19801.25 14.57 633.56 3.97
19827.62 14.51 634.75 4.45
19853.93 14.46 635.43 5.36
19880.43 14.49 636.18 3.56
19906.81 14.49 636.56 5.60
19933.18 14.34 637.93 7.69
19959.62 14.51 636.18 3.93
19985.87 14.49 635.62 4.23
20012.50 14.48 634.43 3.48
20039.00 14.45 632.56 4.45
20065.75 14.61 632.81 5.62
20092.18 14.70 632.00 4.37
20118.56 14.61 629.00 4.00
20145.18 14.69 627.75 3.83
20171.43 14.64 625.75 6.05
20197.87 14.54 623.06 4.79
20224.18 14.69 620.18 5.16
20250.56 14.61 616.18 7.14
20277.12 14.73 615.18 3.25
20303.37 14.63 614.56 4.57
20329.81 14.60 610.75 3.95
20356.31 14.70 610.93 6.77
20382.75 14.59 607.31 3.02
20409.37 14.66 605.06 5.01
20435.68 14.56 606.06 7.44
20462.06 14.51 600.50 3.71
20488.56 14.58 598.31 9.65
20514.87 14.53 598.62 9.54
20541.37 14.61 596.81 5.34
20567.62 14.60 596.50 3.00
20594.06 14.51 595.31 3.69
20620.56 14.58 593.81 3.43
20647.06 14.46 595.43 3.24
20673.62 14.27 596.37 2.59
20700.00 14.46 596.31 6.23
20726.50 14.58 595.75 2.93
20753.12 14.63 597.81 4.02
20779.37 14.60 598.56 3.37
20806.00 14.64 598.81 4.16
20832.31 14.60 600.12 10.60
20858.50 14.53 603.56 5.54
20885.06 14.65 603.75 3.70
20911.37 14.60 608.00 6.96
20937.93 14.68 608.50 4.09
20964.31 14.60 609.62 4.21
20990.50 14.55 611.43 8.84
21017.25 14.57 614.18 3.34
21043.62 14.50 615.68 3.88
21070.18 14.70 618.81 3.54
21096.50 14.56 619.37 3.14
21122.93 14.52 622.31 3.42
21149.43 14.58 625.87 5.29
21175.75 14.51 626.50 4.86
21202.18 14.66 627.75 3.31
21228.50 14.56 629.37 8.15
21254.87 14.55 632.25 7.50
21281.43 14.58 629.06 3.31
21307.75 14.51 629.56 3.22
21334.25 14.44 631.68 4.01
21360.68 14.58 631.43 3.98
21387.06 14.53 631.31 3.62
21413.75 14.51 631.50 5.21
21440.06 14.41 631.43 5.43
21466.43 14.33 629.31 3.12
21492.87 14.49 629.68 3.00
21519.18 14.38 631.81 7.18
21545.75 14.49 627.37 4.11
21572.06 14.41 624.87 2.42
21598.37 14.37 624.62 3.26
21624.87 14.49 623.31 3.69
21651.18 14.40 620.12 3.06
21677.87 14.45 619.06 2.97
21704.25 14.35 618.87 3.87
21730.75 14.71 615.50 3.62
21757.25 14.56 616.75 9.09
21783.50 14.54 613.31 5.37
21810.12 14.61 610.81 4.02
21836.37 14.57 609.06 3.72
21862.81 14.71 608.18 4.99
21889.18 14.59 604.68 3.44
21915.50 14.54 605.50 4.55
21942.06 14.61 604.25 3.29
21968.37 14.57 603.12 3.55
21994.81 14.48 601.37 2.69
22021.50 14.48 599.56 8.55
22047.87 14.44 601.12 5.13
22074.50 14.51 601.18 8.32
22100.87 14.46 601.68 5.30
22127.18 14.35 601.06 3.31
22153.68 14.50 600.62 6.26
22179.93 14.45 602.87 3.82
22206.56 14.47 604.43 4.48
22232.87 14.46 602.37 3.92
22259.18 14.35 604.00 4.50
22285.56 14.47 607.75 9.15
22312.06 14.45 607.00 5.51
22338.62 14.52 606.00 5.90
22365.00 14.47 608.25 6.78
22391.25 14.38 610.81 4.49
22417.87 14.40 611.56 3.59
22444.25 14.37 614.31 4.48
22470.75 14.42 613.37 9.83
22497.12 14.37 617.43 4.27
22523.43 14.28 619.87 4.66
22549.93 14.36 620.12 4.17
22576.25 14.37 621.06 5.02
22602.68 14.42 624.37 3.62
22629.06 14.41 626.18 4.59
22655.43 14.29 625.12 3.35
22682.06 14.31 626.12 3.44
22708.43 14.30 624.18 6.00
22735.12 14.49 627.31 3.37
22761.50 14.49 628.37 4.33
22787.75 14.43 631.75 16.90
22814.31 14.48 628.68 4.75
22840.56 14.49 626.87 5.85
22867.12 14.53 621.68 24.95
22893.50 14.49 626.50 5.35
22919.75 14.43 625.93 4.75
22946.25 14.50 627.00 5.48
22972.50 14.49 626.25 4.82
22999.18 14.51 624.62 5.05
23025.56 14.41 623.68 5.50
23051.87 14.44 619.87 14.20
23078.50 14.51 621.56 5.62
23104.81 14.47 618.18 4.50
23131.37 14.56 617.81 5.05
23157.75 14.46 616.75 9.07
23184.06 14.41 615.93 6.31
23210.56 14.47 612.81 5.87
23236.81 14.47 612.62 4.49
23263.31 14.55 609.06 4.28
23289.68 14.50 609.50 3.78
23316.06 14.45 610.50 10.98
23342.68 14.48 608.31 4.34
23369.00 14.48 606.56 5.69
23395.50 14.27 605.00 6.33
23422.00 14.46 604.43 5.81
23448.37 14.32 605.37 7.31
23474.93 14.36 604.00 2.78
23501.12 14.37 604.12 11.56
23527.50 14.26 602.25 5.21
23554.06 14.41 602.68 4.15
23580.31 14.35 603.75 4.75
23606.87 14.38 603.56 4.74
23633.12 14.37 604.56 3.95
23659.62 14.22 605.00 5.18
23686.12 14.39 605.18 4.68
23712.43 14.29 606.25 4.16
23739.06 14.30 606.93 4.84
23765.43 14.52 609.31 4.75
23791.81 14.39 610.75 6.23
23818.25 14.24 610.56 3.53
23844.62 14.49 611.75 5.08
23871.12 14.29 613.12 4.26
23897.43 14.52 614.00 3.95
23923.81 14.39 613.93 8.95
23950.18 14.27 616.31 5.32
23976.62 14.49 617.50 4.57
24003.06 14.31 618.00 3.20
24029.56 14.48 617.31 8.25
24056.18 14.53 620.87 3.29
24082.62 14.45 622.93 4.23
24109.12 14.55 622.87 3.90
24135.50 14.42 624.12 5.33
24161.87 14.60 623.25 4.78
24188.31 14.45 624.06 4.46
24214.68 14.41 624.93 4.53
24241.00 14.58 624.68 5.24
24267.50 14.42 626.00 4.60
24293.81 14.37 624.93 5.56
24320.31 14.49 624.00 7.70
24346.75 14.39 623.75 4.28
24373.25 14.55 624.50 5.50
24399.75 14.34 622.75 6.03
24426.12 14.28 624.06 6.03
24452.56 14.38 622.81 4.80
24478.93 14.26 620.62 6.39
24505.25 14.51 621.00 4.53
24531.75 14.32 618.68 4.69
24558.12 14.28 617.62 3.66
24584.56 14.38 618.81 9.00
24610.93 14.26 616.68 3.42
24637.25 14.51 616.68 6.70
24663.75 14.32 614.00 4.20
24690.18 14.27 613.87 4.91
24716.68 14.35 611.81 3.52
24743.31 14.37 610.75 5.57
24769.68 14.61 610.31 4.25
24796.06 14.44 608.00 3.59
24822.50 14.39 609.75 4.38
24848.87 14.53 608.81 5.30
24875.31 14.37 606.87 5.58
24901.62 14.61 606.50 4.50
24928.06 14.44 607.31 5.45
24954.50 14.39 604.62 8.27
24980.81 14.57 605.56 4.83
25007.31 14.37 606.68 3.84
25033.81 14.56 608.50 12.38
25060.37 14.48 607.56 4.82
25086.75 14.41 605.75 5.50
25113.18 14.51 607.68 5.10
25139.56 14.37 608.68 5.07
25165.87 14.60 607.75 4.82
25192.31 14.45 608.62 6.91
25218.75 14.37 609.81 6.40
25245.18 14.51 610.87 4.94
25271.56 14.37 611.62 5.18
25297.87 14.60 612.93 4.35
25324.37 14.45 613.37 3.29
25350.87 14.42 611.75 14.24
25377.31 14.52 615.06 4.72
25403.87 14.30 616.43 4.27
25430.25 14.51 617.75 4.17
25456.62 14.36 618.31 3.96
25483.06 14.32 619.81 5.47
25509.43 14.45 618.93 5.72
25535.87 14.28 620.62 4.14
25562.12 14.28 621.18 3.76
25588.62 14.36 620.12 4.51
25615.06 14.32 622.75 3.58
25641.43 14.46 621.06 6.48
25667.93 14.25 619.93 4.52
25694.43 14.18 620.87 8.48
25721.06 14.45 622.43 3.76
25747.56 14.31 621.75 4.75
25773.93 14.53 623.00 10.22
25800.31 14.37 620.56 3.52
25826.68 14.58 621.25 3.87
25853.06 14.45 620.81 4.36
25879.43 14.34 621.18 6.58
25905.87 14.55 620.43 3.39
25932.25 14.37 619.31 3.65
25958.68 14.58 618.87 3.95
25985.06 14.45 618.37 3.77
26011.43 14.34 617.37 5.66
26038.12 14.50 617.00 6.29
26064.43 14.46 615.12 4.41
26090.87 14.63 614.00 3.52
26117.37 14.43 615.68 6.16
26143.75 14.40 614.06 4.92
26170.18 14.54 612.06 3.05
26196.50 14.42 612.68 3.28
26222.87 14.36 610.25 4.49
26249.37 14.43 610.00 4.64
26275.75 14.40 608.56 5.79
26302.12 14.55 610.31 3.67
26328.56 14.42 607.31 9.28
26355.00 14.37 610.43 6.04
26381.50 14.44 608.12 4.71
26407.93 14.31 607.56 4.61
26434.50 14.45 608.68 4.70
26460.87 14.28 608.81 3.32
26487.18 14.27 608.68 7.78
26513.68 14.34 609.75 7.49
26540.00 14.27 609.31 3.44
26566.31 14.49 612.75 7.50
26592.75 14.30 609.31 4.40
26619.12 14.31 611.12 5.74
26645.75 14.31 611.31 4.51
26672.06 14.21 614.37 6.84
26698.56 14.40 610.93 5.52
26725.06 14.44 613.93 3.58
26751.62 14.61 613.68 5.48
26778.00 14.49 613.25 5.23
26804.37 14.36 613.93 4.16
26830.75 14.61 616.75 3.90
26857.12 14.43 616.25 4.76
26883.56 14.39 617.56 4.40
26910.00 14.49 619.62 5.73
26936.37 14.36 618.93 4.55
26962.68 14.61 619.50 5.21
26989.12 14.43 620.00 4.29
27015.68 14.34 620.18 4.39
27042.12 14.50 620.75 4.84
