#Creator: pendulumEventBuffer
#Creation time: Mon Mar 21 09:33:57 2022
#Time	Period	Transit time
#[s]	[s]	[s]
2.347165	2.135310	0.022238
3.414820	2.135270	0.022296
4.482435	2.135225	0.022338
5.550045	2.135199	0.022390
6.617634	2.135154	0.022448
7.685199	2.135111	0.022502
8.752745	2.135065	0.022558
9.820264	2.135043	0.022612
10.887788	2.134992	0.022664
11.955256	2.134929	0.022724
13.022717	2.134914	0.022786
14.090170	2.134869	0.022840
15.157586	2.134816	0.022896
16.224986	2.134800	0.022952
17.292386	2.134769	0.023004
18.359755	2.134731	0.023058
19.427117	2.134694	0.023118
20.494449	2.134657	0.023178
21.561774	2.134621	0.023236
22.629070	2.134590	0.023292
23.696364	2.134549	0.023344
24.763619	2.134504	0.023406
25.830868	2.134483	0.023464
26.898102	2.134458	0.023512
27.965326	2.134416	0.023568
29.032518	2.134385	0.023624
30.099711	2.134359	0.023682
31.166877	2.134322	0.023742
32.234033	2.134288	0.023794
33.301165	2.134242	0.023854
34.368275	2.134223	0.023906
35.435388	2.134219	0.023960
36.502494	2.134147	0.024024
37.569535	2.134082	0.024086
38.636576	2.134068	0.024144
39.703603	2.134014	0.024210
40.770590	2.133961	0.024264
41.837564	2.133931	0.024304
42.904521	2.133913	0.024366
43.971477	2.133892	0.024434
45.038413	2.133851	0.024494
46.105328	2.133806	0.024548
47.172219	2.133768	0.024602
48.239096	2.133765	0.024660
49.305984	2.133734	0.024720
50.372830	2.133696	0.024776
51.439680	2.133677	0.024832
52.506507	2.133656	0.024890
53.573336	2.133627	0.024948
54.640134	2.133586	0.025012
55.706922	2.133549	0.025072
56.773683	2.133514	0.025130
57.840436	2.133479	0.025188
58.907162	2.133453	0.025240
59.973889	2.133430	0.025302
61.040592	2.133403	0.025368
62.107292	2.133375	0.025428
63.173967	2.133336	0.025486
64.240628	2.133313	0.025544
65.307280	2.133297	0.025600
66.373925	2.133269	0.025662
67.440549	2.133242	0.025718
68.507167	2.133206	0.025774
69.573755	2.133171	0.025842
70.640338	2.133157	0.025904
71.706912	2.133123	0.025960
72.773461	2.133075	0.026022
73.839987	2.133001	0.026086
74.906462	2.132986	0.026160
75.972973	2.132973	0.026222
77.039435	2.132937	0.026294
78.105910	2.133014	0.026392
79.172449	2.132972	0.026414
80.238882	2.132840	0.026436
81.305289	2.132824	0.026494
82.371706	2.132818	0.026560
83.438107	2.132772	0.026638
84.504478	2.132742	0.026688
85.570849	2.132688	0.026746
86.637166	2.132681	0.026828
87.703530	2.132701	0.026896
88.769867	2.132682	0.026950
89.836212	2.132628	0.027016
90.902495	2.132463	0.027070
91.968675	2.132445	0.027114
93.034940	2.132572	0.027192
94.101247	2.132557	0.027270
95.167497	2.132487	0.027322
96.233734	2.132453	0.027388
97.299950	2.132457	0.027448
98.366191	2.132441	0.027502
99.432391	2.132391	0.027558
100.498582	2.132376	0.027624
101.564767	2.132362	0.027702
102.630944	2.132332	0.027768
103.697099	2.132311	0.027814
104.763255	2.132289	0.027878
105.829388	2.132262	0.027948
106.895517	2.132235	0.028002
107.961623	2.132196	0.028062
109.027713	2.132181	0.028138
110.093804	2.132173	0.028200
111.159886	2.132133	0.028256
112.225937	2.132101	0.028326
113.291987	2.132081	0.028390
114.358018	2.132036	0.028452
115.424023	2.132010	0.028518
116.490028	2.131968	0.028600
117.555991	2.131929	0.028662
118.621957	2.131907	0.028722
119.687898	2.131881	0.028796
120.753838	2.131795	0.028864
121.819693	2.131776	0.028934
122.885614	2.131675	0.029012
123.951368	2.131543	0.029096
125.017157	2.131809	0.029178
126.083177	2.131868	0.029250
127.149025	2.131583	0.029322
128.214760	2.131537	0.029408
129.280562	2.131635	0.029488
130.346395	2.131565	0.029562
131.412127	2.131515	0.029634
132.477910	2.131513	0.029720
133.543640	2.131474	0.029800
134.609384	2.131517	0.029864
135.675157	2.131430	0.029934
136.740814	2.131455	0.030012
137.806612	2.131537	0.030092
138.872351	2.131391	0.030174
139.938003	2.131408	0.030270
141.003759	2.131441	0.030358
142.069444	2.131364	0.030432
143.135123	2.131373	0.030502
144.200817	2.131327	0.030578
145.266450	2.131262	0.030660
146.332079	2.131289	0.030726
147.397739	2.131277	0.030806
148.463356	2.131225	0.030892
149.528964	2.131191	0.030964
150.594547	2.131176	0.031054
151.660140	2.131155	0.031132
152.725702	2.131145	0.031216
153.791285	2.131117	0.031318
154.856819	2.131121	0.031374
155.922406	2.131096	0.031428
156.987915	2.131023	0.031510
158.053429	2.131030	0.031586
159.118945	2.131022	0.031670
160.184451	2.130984	0.031738
161.249929	2.130979	0.031794
162.315430	2.130974	0.031868
163.380903	2.130955	0.031942
164.446385	2.130944	0.032018
165.511847	2.130923	0.032090
166.577308	2.130889	0.032164
167.642736	2.130863	0.032236
168.708171	2.130851	0.032310
169.773587	2.130843	0.032382
170.839014	2.130825	0.032448
171.904412	2.130797	0.032520
172.969811	2.130788	0.032594
174.035200	2.130785	0.032660
175.100596	2.130773	0.032724
176.165973	2.130729	0.032806
177.231325	2.130715	0.032898
178.296688	2.130720	0.032984
179.362045	2.130684	0.033046
180.427372	2.130667	0.033108
181.492712	2.130657	0.033172
182.558029	2.130643	0.033250
183.623355	2.130632	0.033338
184.688661	2.130606	0.033418
185.753961	2.130584	0.033490
186.819245	2.130569	0.033550
187.884530	2.130563	0.033628
188.949808	2.130536	0.033708
190.015066	2.130512	0.033776
191.080320	2.130508	0.033848
192.145574	2.130486	0.033924
193.210806	2.130475	0.033996
194.276049	2.130456	0.034082
195.341262	2.130436	0.034168
196.406485	2.130431	0.034222
197.471693	2.130426	0.034298
198.536911	2.130426	0.034394
199.602119	2.130415	0.034458
200.667326	2.130388	0.034528
201.732507	2.130358	0.034598
202.797684	2.130335	0.034648
203.862842	2.130318	0.034736
204.928002	2.130306	0.034844
205.993148	2.130303	0.034936
207.058305	2.130303	0.035002
208.123451	2.130278	0.035062
209.188583	2.130228	0.035150
210.253679	2.130218	0.035234
211.318801	2.130230	0.035302
212.383909	2.130216	0.035374
213.449017	2.130192	0.035462
214.514101	2.130182	0.035550
215.579199	2.130177	0.035618
216.644278	2.130156	0.035680
217.709355	2.130135	0.035754
218.774413	2.130122	0.035826
219.839477	2.130102	0.035902
220.904515	2.130084	0.035994
221.969561	2.130094	0.036090
223.034609	2.130074	0.036154
224.099635	2.130034	0.036218
225.164643	2.130026	0.036314
226.229661	2.130013	0.036390
227.294656	2.129994	0.036468
228.359655	2.129983	0.036542
229.424639	2.129967	0.036622
230.489622	2.129952	0.036712
231.554591	2.129924	0.036770
232.619546	2.129923	0.036852
233.684514	2.129924	0.036948
234.749470	2.129869	0.037028
235.814383	2.129851	0.037110
236.879321	2.129864	0.037194
237.944247	2.129850	0.037274
239.009171	2.129836	0.037354
240.074083	2.129827	0.037430
241.138998	2.129821	0.037512
242.203904	2.129800	0.037588
243.268798	2.129764	0.037664
244.333668	2.129768	0.037756
245.398566	2.129766	0.037852
246.463434	2.129725	0.037936
247.528291	2.129661	0.037998
248.593095	2.129699	0.038074
249.657990	2.129758	0.038168
250.722853	2.129713	0.038242
251.787703	2.129658	0.038326
252.852511	2.129609	0.038410
253.917312	2.129663	0.038500
254.982174	2.129688	0.038596
256.047000	2.129639	0.038664
257.111813	2.129635	0.038742
258.176635	2.129617	0.038822
259.241430	2.129590	0.038900
260.306225	2.129582	0.039002
261.371012	2.129571	0.039084
262.435796	2.129558	0.039144
263.500570	2.129518	0.039240
264.565314	2.129496	0.039340
265.630066	2.129543	0.039428
266.694857	2.129530	0.039522
267.759596	2.129479	0.039604
268.824336	2.129493	0.039672
269.889089	2.129476	0.039738
270.953812	2.129442	0.039836
272.018531	2.129447	0.039934
273.083259	2.129439	0.040018
274.147970	2.129437	0.040120
275.212696	2.129417	0.040200
276.277387	2.129390	0.040270
277.342086	2.129396	0.040352
278.406783	2.129392	0.040434
279.471478	2.129378	0.040536
280.536161	2.129360	0.040626
281.600838	2.129342	0.040692
282.665503	2.129331	0.040766
283.730169	2.129322	0.040862
284.794825	2.129315	0.040962
285.859484	2.129298	0.041052
286.924123	2.129273	0.041150
287.988757	2.129263	0.041234
289.053386	2.129266	0.041316
290.118023	2.129263	0.041422
291.182649	2.129240	0.041518
292.247263	2.129223	0.041590
293.311872	2.129202	0.041676
294.376465	2.129186	0.041766
295.441058	2.129168	0.041856
296.505633	2.129143	0.041930
297.570201	2.129169	0.042006
298.634802	2.129166	0.042120
299.699367	2.129120	0.042234
300.763922	2.129121	0.042348
301.828488	2.129123	0.042420
302.893045	2.129111	0.042486
303.957599	2.129107	0.042614
305.022152	2.129081	0.042700
306.086680	2.129054	0.042772
307.151206	2.129001	0.042868
308.215681	2.129054	0.042962
309.280260	2.129110	0.043044
310.344791	2.129017	0.043122
311.409277	2.128995	0.043226
312.473786	2.129025	0.043332
313.538302	2.129010	0.043424
314.602796	2.128955	0.043504
315.667257	2.128941	0.043586
316.731737	2.128967	0.043738
317.796224	2.128916	0.043848
318.860653	2.128902	0.043898
319.925126	2.128912	0.044000
320.989565	2.128885	0.044098
322.054011	2.128892	0.044186
323.118457	2.128868	0.044278
324.182879	2.128851	0.044370
325.247308	2.128856	0.044492
326.311735	2.128794	0.044598
327.376102	2.128796	0.044668
328.440531	2.128853	0.044766
329.504955	2.128854	0.044866
330.569385	2.128834	0.044970
331.633789	2.128776	0.045066
332.698161	2.128768	0.045170
333.762557	2.128851	0.045246
334.827012	2.128834	0.045356
335.891391	2.128726	0.045482
336.955738	2.128706	0.045556
338.020097	2.128727	0.045654
339.084465	2.128723	0.045762
340.148820	2.128706	0.045856
341.213171	2.128697	0.045942
342.277517	2.128693	0.046034
343.341864	2.128682	0.046136
344.406199	2.128693	0.046226
345.470557	2.128688	0.046318
346.534887	2.128652	0.046430
347.599209	2.128642	0.046538
348.663529	2.128651	0.046634
349.727860	2.128646	0.046672
350.792175	2.128651	0.046766
351.856511	2.128640	0.046926
352.920815	2.128613	0.047038
353.985124	2.128593	0.047140
355.049408	2.128575	0.047240
356.113699	2.128594	0.047346
357.178002	2.128600	0.047444
358.242299	2.128563	0.047550
359.306565	2.128551	0.047662
360.370850	2.128573	0.047764
361.435138	2.128574	0.047852
362.499424	2.128558	0.047916
363.563696	2.128527	0.048024
364.627951	2.128486	0.048146
365.692182	2.128507	0.048260
366.756458	2.128520	0.048368
367.820702	2.128523	0.048460
368.884981	2.128544	0.048574
369.949246	2.128465	0.048648
371.013446	2.128446	0.048728
372.077692	2.128513	0.048872
373.141959	2.128494	0.049002
374.206186	2.128442	0.049104
375.270401	2.128417	0.049210
376.334603	2.128432	0.049310
377.398833	2.128444	0.049394
378.463047	2.128416	0.049526
379.527249	2.128400	0.049646
380.591447	2.128421	0.049726
381.655670	2.128408	0.049832
382.719855	2.128344	0.049934
383.784014	2.128418	0.050016
384.848273	2.128487	0.050122
385.912501	2.128339	0.050258
386.976612	2.128310	0.050392
388.040811	2.128379	0.050494
389.104991	2.128350	0.050582
390.169161	2.128352	0.050682
391.233343	2.128301	0.050822
392.297462	2.128312	0.050940
393.361655	2.128363	0.051002
394.425825	2.128313	0.051114
395.489968	2.128291	0.051240
396.554116	2.128304	0.051344
397.618272	2.128275	0.051436
398.682391	2.128236	0.051538
399.746508	2.128370	0.051660
400.810761	2.128304	0.051810
401.874812	2.128059	0.051928
402.938820	2.128155	0.052024
404.002967	2.128266	0.052130
405.067086	2.128237	0.052224
406.131204	2.128239	0.052324
407.195325	2.128199	0.052438
408.259403	2.128183	0.052570
409.323508	2.128169	0.052688
410.387572	2.128256	0.052812
411.451764	2.128324	0.052892
412.515896	2.128072	0.052968
413.579836	2.127974	0.053112
414.643870	2.128109	0.053248
415.707945	2.128137	0.053362
416.772007	2.128129	0.053474
417.836074	2.128124	0.053564
418.900131	2.128107	0.053658
419.964181	2.128093	0.053806
421.028224	2.128094	0.053964
422.092275	2.128106	0.054074
423.156330	2.128094	0.054144
424.220369	2.128065	0.054246
425.284395	2.128071	0.054406
426.348440	2.128055	0.054540
427.412450	2.128033	0.054636
428.476473	2.128040	0.054738
429.540490	2.128006	0.054852
430.604479	2.127975	0.054974
431.668465	2.128032	0.055130
432.732511	2.128038	0.055386
433.796503	2.128010	0.055474
434.860521	2.127989	0.055454
435.924492	2.127960	0.055580
436.988481	2.127987	0.055706
438.052479	2.127989	0.055822
439.116470	2.127961	0.055932
440.180440	2.127971	0.056060
441.244441	2.127980	0.056194
442.308420	2.127968	0.056312
443.372409	2.127930	0.056450
444.436350	2.127881	0.056576
445.500290	2.127926	0.056680
446.564276	2.127958	0.056800
447.628248	2.127900	0.056932
448.692176	2.127903	0.057068
449.756151	2.127854	0.057158
450.820030	2.127829	0.057244
451.883980	2.127915	0.057424
452.947945	2.127888	0.057566
454.011868	2.127866	0.057684
455.075811	2.127863	0.057814
456.139731	2.127839	0.057914
457.203650	2.127872	0.058040
458.267603	2.127871	0.058190
459.331521	2.127795	0.058286
460.395398	2.127771	0.058388
461.459292	2.127830	0.058544
462.523228	2.127828	0.058672
463.587120	2.127926	0.058800
464.651154	2.127885	0.058940
465.715005	2.127714	0.059098
466.778868	2.127813	0.059196
467.842818	2.127691	0.059284
468.906559	2.127556	0.059470
469.970374	2.127787	0.059600
471.034346	2.127857	0.059692
472.098231	2.127806	0.059826
473.162152	2.127759	0.059952
474.225990	2.127692	0.060052
475.289844	2.127727	0.060188
476.353717	2.127665	0.060338
477.417509	2.127611	0.060486
478.481328	2.127696	0.060656
479.545205	2.127753	0.060786
480.609081	2.127734	0.060898
481.672939	2.127721	0.061010
482.736802	2.127709	0.061116
483.800648	2.127659	0.061232
484.864461	2.127647	0.061402
485.928295	2.127663	0.061558
486.992124	2.127688	0.061664
488.055983	2.127683	0.061770
489.119807	2.127645	0.061906
490.183628	2.127649	0.062060
491.247456	2.127664	0.062184
492.311292	2.127623	0.062332
493.375079	2.127629	0.062466
494.438921	2.127674	0.062566
495.502753	2.127607	0.062698
496.566528	2.127582	0.062868
497.630335	2.127616	0.063018
498.694144	2.127591	0.063156
499.757926	2.127583	0.063288
500.821727	2.127597	0.063422
501.885523	2.127570	0.063594
502.949297	2.127556	0.063726
504.013079	2.127574	0.063842
505.076871	2.127556	0.063958
506.140635	2.127546	0.064090
507.204417	2.127535	0.064246
508.268170	2.127541	0.064384
509.331958	2.127572	0.064524
510.395742	2.127515	0.064676
511.459473	2.127481	0.064846
512.523223	2.127525	0.064990
513.586998	2.127387	0.065104
514.650610	2.127415	0.065268
515.714413	2.127690	0.065406
516.778300	2.127628	0.065524
517.842041	2.127492	0.065678
518.905792	2.127486	0.065812
519.969527	2.127456	0.065930
521.033248	2.127498	0.066060
522.097025	2.127480	0.066222
523.160728	2.127525	0.066376
524.224550	2.127533	0.066500
525.288261	2.127360	0.066646
526.351910	2.127378	0.066848
527.415639	2.127463	0.067014
528.479373	2.127434	0.067130
529.543073	2.127415	0.067262
530.606788	2.127420	0.067400
531.670493	2.127427	0.067554
532.734215	2.127440	0.067698
533.797933	2.127425	0.067846
534.861640	2.127418	0.068004
535.925351	2.127458	0.068034
536.989098	2.127394	0.068172
538.052745	2.127323	0.068434
539.116421	2.127344	0.068582
540.180089	2.127255	0.068722
541.243676	2.127249	0.068868
542.307338	2.127415	0.069040
543.371091	2.127448	0.069218
544.434786	2.127410	0.069352
545.498501	2.127345	0.069482
546.562131	2.127344	0.069642
547.625845	2.127351	0.069822
548.689482	2.127313	0.069952
549.753158	2.127316	0.070092
550.816798	2.127267	0.070268
551.880425	2.127262	0.070406
552.944060	2.127351	0.070536
554.007776	2.127366	0.070664
555.071426	2.127300	0.070844
556.135076	2.127294	0.071032
557.198720	2.127299	0.071188
558.262375	2.127276	0.071334
559.325996	2.127234	0.071492
560.389609	2.127228	0.071662
561.453224	2.127270	0.071832
562.516879	2.127290	0.071946
563.580514	2.127246	0.072068
564.644125	2.127068	0.072274
565.707582	2.127203	0.072416
566.771328	2.127308	0.072572
567.834890	2.127125	0.072808
568.898453	2.127335	0.072970
569.962225	2.127344	0.073086
571.025797	2.127157	0.073246
572.089382	2.127186	0.073404
573.152983	2.127111	0.073578
574.216493	2.127127	0.073706
575.280110	2.127230	0.073872
576.343723	2.127258	0.074082
577.407368	2.127215	0.074228
578.470938	2.127178	0.074364
579.534546	2.127178	0.074540
580.598116	2.127164	0.074728
581.661710	2.127157	0.074896
582.725273	2.127143	0.075066
583.788853	2.127148	0.075222
584.852421	2.127148	0.075382
585.916001	2.127145	0.075550
586.979566	2.127142	0.075720
588.043143	2.127152	0.075902
589.106718	2.127127	0.076068
590.170270	2.127092	0.076232
591.233810	2.127284	0.076396
592.297554	2.127281	0.076892
593.361091	2.126945	0.077070
594.424499	2.126951	0.076914
595.488042	2.127103	0.077088
596.551602	2.127056	0.077248
597.615098	2.127092	0.077428
598.678694	2.127114	0.077628
599.742212	2.127083	0.077828
600.805777	2.127079	0.077970
601.869291	2.127081	0.078094
602.932858	2.127039	0.078280
603.996330	2.126915	0.078420
605.059773	2.127170	0.078618
606.123500	2.127174	0.078864
607.186947	2.126879	0.078982
608.250379	2.127045	0.079114
609.313992	2.127089	0.079364
610.377468	2.127008	0.079540
611.441000	2.127036	0.079648
612.504504	2.127030	0.079844
613.568030	2.126994	0.080084
614.631498	2.126917	0.080308
615.694947	2.126977	0.080490
616.758475	2.127076	0.080610
617.822023	2.126991	0.080762
618.885466	2.126927	0.080956
619.948950	2.127003	0.081156
621.012469	2.126975	0.081354
622.075925	2.126850	0.081546
623.139319	2.126957	0.081730
624.202882	2.127099	0.081876
625.266418	2.126854	0.082072
626.329736	2.126837	0.082296
627.393255	2.127120	0.082506
628.456856	2.126957	0.082680
629.520212	2.126783	0.082840
630.583639	2.127004	0.083002
631.647216	2.127002	0.083160
632.710641	2.126908	0.083358
633.774124	2.126905	0.083636
634.837546	2.126830	0.083860
635.900954	2.126842	0.084004
636.964388	2.126830	0.084160
638.027784	2.126840	0.084352
639.091228	2.126929	0.084576
640.154713	2.126836	0.084774
641.218064	2.126821	0.084976
642.281534	2.126947	0.085144
643.345011	2.126834	0.085298
644.408368	2.126790	0.085516
645.471801	2.126821	0.085714
646.535189	2.126850	0.085902
647.598651	2.126884	0.086110
648.662073	2.126830	0.086342
649.725481	2.126770	0.086506
650.788843	2.126797	0.086662
651.852278	2.126812	0.086908
652.915655	2.126819	0.087126
653.979097	2.126824	0.087350
655.042479	2.126738	0.087546
656.105835	2.126773	0.087746
657.169252	2.126800	0.087928
658.232635	2.126763	0.088098
659.296015	2.126711	0.088282
660.359346	2.126736	0.088596
661.422751	2.126890	0.088834
662.486236	2.126841	0.088980
663.549592	2.126802	0.089192
664.613038	2.126742	0.089428
665.676334	2.126747	0.089620
666.739785	2.126803	0.089774
667.803137	2.126741	0.089982
668.866526	2.126803	0.090156
669.929940	2.126808	0.090348
670.993334	2.126762	0.090564
672.056702	2.126795	0.090832
673.120129	2.126741	0.091042
674.183443	2.126543	0.091214
675.246672	2.126727	0.091444
676.310170	2.126859	0.091668
677.373531	2.126715	0.091914
678.436885	2.126670	0.092114
679.500201	2.126635	0.092294
680.563520	2.126741	0.092492
681.626942	2.126754	0.092688
682.690274	2.126632	0.092924
683.753574	2.126641	0.093168
684.816915	2.126710	0.093390
685.880284	2.126679	0.093584
686.943594	2.126645	0.093800
688.006929	2.126646	0.094038
689.070240	2.126660	0.094252
690.133589	2.126740	0.094458
691.196980	2.126705	0.094684
692.260294	2.126475	0.094928
693.323455	2.126413	0.095114
694.386707	2.126444	0.095414
695.449899	2.126652	0.095634
696.513359	2.126939	0.095918
697.576838	2.126885	0.096228
698.640244	2.126667	0.096304
699.703505	2.126544	0.096494
700.766788	2.126536	0.096752
701.830041	2.126581	0.096974
702.893369	2.126639	0.097170
703.956680	2.126634	0.097368
705.020003	2.126618	0.097626
706.083298	2.126510	0.097904
707.146513	2.126486	0.098122
708.209784	2.126618	0.098324
709.273131	2.126605	0.098538
710.336389	2.126602	0.098814
711.399733	2.126576	0.099066
712.462965	2.126493	0.099274
713.526226	2.126495	0.099520
714.589460	2.126522	0.099752
715.652748	2.126583	0.099960
716.716043	2.126538	0.100178
717.779286	2.126503	0.100360
718.842546	2.126540	0.100664
719.905826	2.126468	0.100956
720.969014	2.126518	0.101152
722.032344	2.126580	0.101360
723.095594	2.126531	0.101620
724.158875	2.126488	0.101874
725.222082	2.126451	0.102096
726.285326	2.126474	0.102408
727.348556	2.126450	0.102640
728.411776	2.126442	0.102816
729.474998	2.126683	0.103028
730.538459	2.126555	0.103262
731.601553	2.126269	0.103586
732.664728	2.126418	0.103856
733.727971	2.126351	0.104042
734.791079	2.126349	0.104366
735.854320	2.126522	0.104604
736.917601	2.126563	0.104830
737.980883	2.126505	0.105098
739.044106	2.126445	0.105288
740.107328	2.126412	0.105512
741.170518	2.126459	0.105740
742.233787	2.126417	0.106014
743.296935	2.126414	0.106298
744.360201	2.126405	0.106498
745.423340	2.126369	0.106736
746.486570	2.126519	0.106932
747.549859	2.126380	0.107186
748.612950	2.126358	0.107540
749.676217	2.126399	0.107830
750.739349	2.126365	0.108142
751.802582	2.126425	0.108392
752.865774	2.126416	0.108612
753.928998	2.126402	0.108868
754.992176	2.126396	0.109112
756.055394	2.126378	0.109372
757.118554	2.126320	0.109640
758.181714	2.126303	0.109944
759.244857	2.126336	0.110262
760.308050	2.126483	0.110464
761.371340	2.126495	0.110684
762.434545	2.126278	0.110946
763.497618	2.126267	0.111248
764.560812	2.126271	0.111500
765.623889	2.126297	0.111718
766.687109	2.126379	0.112038
767.750268	2.126305	0.112292
768.813414	2.126341	0.112500
769.876609	2.126338	0.112798
770.939752	2.126267	0.113060
772.002876	2.126333	0.113328
773.066085	2.126349	0.113590
774.129225	2.126293	0.113854
775.192378	2.126273	0.114168
776.255498	2.126296	0.114428
777.318674	2.126321	0.114744
778.381819	2.126270	0.115074
779.444944	2.126275	0.115320
780.508094	2.126300	0.115568
781.571244	2.126319	0.115868
782.634413	2.126306	0.116106
783.697550	2.126174	0.116336
784.760587	2.126170	0.116658
785.823720	2.126230	0.116884
786.886817	2.126102	0.117154
787.949822	2.126185	0.117524
789.013002	2.126439	0.117784
790.076261	2.126318	0.118098
791.139320	2.126170	0.118404
792.202431	2.126205	0.118638
793.265525	2.126236	0.118854
794.328667	2.126264	0.119146
795.391789	2.126108	0.119522
796.454775	2.125998	0.119786
797.517787	2.126211	0.120034
798.580986	2.126300	0.120316
799.644087	2.126189	0.120626
800.707175	2.126230	0.120986
801.770317	2.126314	0.121342
802.833489	2.126174	0.121642
803.896491	2.126017	0.121930
804.959506	2.126133	0.122192
806.022624	2.126183	0.122360
807.085689	2.126053	0.122658
808.148677	2.126107	0.123050
809.211796	2.126142	0.123368
810.274819	2.126096	0.123698
811.337892	2.126095	0.124060
812.400914	2.126072	0.124340
813.463964	2.126154	0.124624
814.527068	2.126094	0.124984
815.590058	2.126011	0.125296
816.653079	2.126102	0.125566
817.716160	2.126143	0.125856
818.779222	2.125974	0.126160
819.842134	2.125926	0.126484
820.905148	2.126109	0.126836
821.968243	2.126084	0.127146
823.031232	2.126023	0.127440
824.094266	2.125952	0.127788
825.157184	2.126078	0.128116
826.220344	2.125990	0.128660
827.283174	2.125832	0.128956
828.346176	2.126056	0.129084
829.409230	2.125722	0.129504
830.471898	2.125726	0.129720
831.534956	2.126062	0.130020
832.597960	2.125899	0.130520
833.660855	2.125864	0.130942
834.723824	2.125994	0.131312
835.786849	2.125971	0.131622
836.849795	2.125648	0.131942
837.912497	2.125616	0.132322
838.975411	2.125939	0.132602
840.038436	2.126049	0.132980
841.101460	2.126103	0.133440
842.164539	2.126062	0.133742
843.227522	2.125836	0.134084
844.290375	2.125676	0.134542
845.353198	2.125893	0.134916
846.416268	2.126127	0.135128
847.479325	2.125900	0.135402
848.542168	2.125868	0.135824
849.605193	2.125899	0.136182
850.668067	2.125839	0.136514
851.731032	2.125863	0.136844
852.793930	2.125893	0.137180
853.856925	2.125869	0.137598
854.919799	2.125814	0.137958
855.982739	2.125835	0.138270
857.045634	2.125810	0.138604
858.108549	2.125919	0.139022
859.171553	2.125869	0.139370
860.234418	2.125867	0.139800
861.297420	2.125916	0.140204
862.360334	2.125786	0.140444
863.423206	2.125793	0.140744
864.486127	2.125835	0.141074
865.549041	2.125881	0.141502
866.612008	2.125765	0.141876
867.674806	2.125695	0.142180
868.737703	2.125783	0.142538
869.800589	2.125795	0.142898
870.863498	2.125732	0.143284
871.926321	2.125711	0.143694
872.989209	2.125755	0.144054
874.052076	2.125738	0.144452
875.114947	2.125728	0.144834
876.177804	2.125744	0.145140
877.240691	2.125735	0.145558
878.303539	2.125684	0.145962
879.366375	2.125690	0.146298
880.429229	2.125814	0.146622
881.492189	2.125719	0.147082
882.554948	2.125621	0.147464
883.617810	2.125709	0.147760
884.680657	2.125713	0.148174
885.743523	2.125675	0.148538
886.806332	2.125692	0.148928
887.869215	2.125464	0.149338
888.931796	2.125530	0.149672
889.994745	2.125913	0.149978
891.057709	2.125901	0.150278
892.120646	2.125693	0.150700
893.183402	2.125505	0.151192
894.246151	2.125371	0.151546
895.308773	2.125485	0.152050
896.371636	2.125824	0.152444
897.434597	2.125695	0.152698
898.497331	2.125590	0.153078
899.560187	2.125886	0.153450
900.623217	2.125754	0.153830
901.685941	2.125447	0.154226
902.748664	2.125395	0.154636
903.811336	2.125467	0.155104
904.874131	2.125794	0.155430
905.937130	2.125503	0.155940
906.999634	2.125131	0.156560
908.062261	2.125544	0.156882
909.125178	2.125896	0.157184
910.188157	2.125690	0.157318
911.250868	2.125423	0.157796
912.313580	2.125488	0.158480
913.376356	2.125514	0.158928
914.439094	2.125549	0.159420
915.501905	2.125540	0.159894
916.564634	2.125441	0.160364
917.627346	2.125344	0.160908
918.689978	2.125423	0.161420
919.752769	2.125446	0.161866
920.815424	2.125261	0.162328
921.878030	2.125266	0.162764
922.940690	2.125479	0.163196
924.003509	2.125746	0.163570
925.066436	2.125451	0.163928
926.128960	2.125095	0.164436
927.191531	2.125343	0.164962
928.254303	2.125494	0.165434
929.317025	2.125392	0.165922
930.379695	2.125135	0.166322
931.442160	2.125173	0.166888
932.504868	2.125651	0.167540
933.567811	2.125790	0.167882
934.630658	2.125067	0.168264
935.692878	2.125320	0.168708
936.755978	2.125767	0.169180
937.818645	2.125150	0.169798
938.881128	2.125180	0.170152
939.943825	2.125187	0.170454
941.006315	2.125257	0.170862
942.069082	2.125267	0.171244
943.131582	2.125384	0.171764
944.194466	2.125600	0.172184
945.257182	2.125274	0.172576
946.319740	2.125206	0.173060
947.382388	2.125252	0.173452
948.444992	2.125270	0.173824
949.507658	2.125228	0.174280
950.570220	2.125210	0.174788
951.632868	2.125256	0.175208
952.695476	2.125306	0.175596
953.758174	2.125212	0.176244
954.820688	2.125203	0.176732
955.883377	2.125410	0.177018
956.946098	2.125198	0.177384
958.008575	2.124965	0.177814
959.071063	2.125372	0.178358
960.133947	2.125255	0.178874
961.196318	2.125418	0.179316
962.259365	2.125409	0.179742
963.321727	2.124907	0.180182
964.384272	2.125100	0.180664
965.446827	2.125047	0.181210
966.509319	2.124979	0.181622
967.571806	2.124971	0.181968
968.634290	2.125357	0.182436
969.697163	2.125416	0.182938
970.759706	2.125127	0.183392
971.822290	2.125041	0.184020
972.884747	2.125046	0.184514
973.947336	2.125258	0.184808
975.010005	2.125258	0.185258
976.072594	2.125136	0.185672
977.135141	2.125078	0.186142
978.197672	2.125066	0.186596
979.260207	2.124935	0.187118
980.322607	2.125062	0.187578
981.385269	2.125255	0.187954
982.447862	2.125172	0.188452
983.510441	2.125088	0.188950
984.572950	2.125054	0.189360
985.635495	2.125090	0.189722
986.698040	2.125152	0.190268
987.760647	2.125134	0.190762
988.823174	2.125099	0.191124
989.885746	2.124874	0.191676
990.948048	2.124961	0.192156
992.010707	2.124987	0.192594
993.073035	2.125062	0.193150
994.135769	2.125205	0.193630
995.198240	2.125110	0.194124
996.260879	2.124963	0.194538
997.323203	2.124280	0.195070
998.385159	2.124689	0.195282
999.447892	2.125689	0.195500
1000.510848	2.125273	0.196112
1001.573165	2.124699	0.196458
1002.635547	2.125019	0.196902
1003.698184	2.125084	0.197608
1004.760631	2.124946	0.198202
1005.823130	2.125111	0.198596
1006.885742	2.124959	0.198976
1007.948089	2.124828	0.199486
1009.010570	2.124903	0.200020
1010.072992	2.124865	0.200516
1011.135435	2.124917	0.200990
1012.197909	2.124940	0.201410
1013.260375	2.124844	0.201882
1014.322753	2.124915	0.202430
1015.385290	2.124999	0.202928
1016.447752	2.124869	0.203324
1017.510159	2.124869	0.203766
1018.572621	2.124872	0.204322
1019.635031	2.124835	0.204806
1020.697456	2.124876	0.205236
1021.759907	2.124882	0.205722
1022.822338	2.124870	0.206200
1023.884777	2.124831	0.206650
1024.947169	2.124830	0.207046
1026.009607	2.124816	0.207594
1027.071985	2.125031	0.208150
1028.134638	2.124840	0.208576
1029.196825	2.124593	0.209066
1030.259231	2.124781	0.209562
1031.321606	2.124829	0.209984
1032.384060	2.124859	0.210504
1033.446465	2.124873	0.211030
1034.508933	2.124804	0.211478
1035.571269	2.124903	0.211986
1036.633836	2.124699	0.212588
1037.695968	2.124481	0.213172
1038.758317	2.124716	0.213654
1039.820684	2.124776	0.214244
1040.883093	2.124712	0.214738
1041.945396	2.124647	0.215168
1043.007740	2.124757	0.215728
1044.070153	2.124750	0.216174
1045.132490	2.124565	0.216732
1046.194718	2.124400	0.217376
1047.256890	2.124633	0.217880
1048.319351	2.124664	0.218518
1049.381554	2.124533	0.219060
1050.443884	2.124434	0.219596
1051.505988	2.124529	0.220304
1052.568413	2.125008	0.220966
1053.630996	2.124506	0.221764
1054.692919	2.123605	0.222402
1055.754601	2.124511	0.223046
1056.817430	2.125286	0.223848
1057.879887	2.124853	0.224666
1058.942283	2.125024	0.225566
1060.004911	2.125459	0.226334
1061.067742	2.125589	0.227664
1062.130500	2.124442	0.229108
1063.192184	2.124123	0.229844
1064.254623	2.124509	0.230542
1065.316693	2.123971	0.231414
1066.378594	2.124037	0.232168
1067.440730	2.124368	0.232696
1068.502962	2.124444	0.233200
1069.565174	2.124314	0.233676
1070.627276	2.124210	0.234132
1071.689384	2.124147	0.234784
1072.751423	2.124095	0.235458
1073.813479	2.124399	0.236166
1074.875822	2.124680	0.237064
1075.938159	2.124772	0.237954
1077.000594	2.124006	0.238424
1078.062165	2.123619	0.239002
1079.124213	2.124333	0.239762
1080.186498	2.124837	0.240304
1081.249050	2.124295	0.240916
1082.310793	2.124004	0.241526
1083.373054	2.124249	0.242192
1084.435042	2.124365	0.242760
1085.497419	2.124514	0.243298
1086.559556	2.124232	0.243820
1087.621651	2.124318	0.244194
1088.683874	2.124468	0.244740
1089.746119	2.124906	0.245410
1090.808780	2.124539	0.245776
1091.870658	2.123337	0.246748
1092.932117	2.124252	0.247698
1093.994910	2.124961	0.247748
1095.057078	2.124214	0.248404
1096.119124	2.124068	0.249060
1097.181146	2.122968	0.249524
1098.242092	2.123803	0.250184
1099.304949	2.125538	0.250962
1100.367630	2.124172	0.251492
1101.429121	2.124134	0.251714
1102.491764	2.124425	0.252496
1103.553546	2.124079	0.253272
1104.615843	2.124007	0.254010
1105.677553	2.124034	0.254674
1106.739877	2.124521	0.255166
1107.802074	2.124270	0.255728
1108.864147	2.124072	0.256266
1109.926146	2.124074	0.256816
1110.988221	2.124272	0.257302
1112.050418	2.124300	0.257800
1113.112521	2.124123	0.258350
1114.174541	2.124091	0.258798
1115.236612	2.124062	0.259096
1116.298603	2.124078	0.259642
1117.360690	2.124162	0.260276
1118.422765	2.124263	0.260690
1119.484953	2.124263	0.261358
1120.547028	2.124177	0.261976
1121.609130	2.124167	0.262544
1122.671195	2.124085	0.263230
1123.733215	2.124086	0.263858
1124.795281	2.124222	0.264570
1125.857437	2.124264	0.264934
1126.919545	2.124213	0.265146
1127.981650	2.124178	0.265596
1129.043723	2.124297	0.265886
1130.105947	2.124098	0.266498
1131.167821	2.123972	0.267314
1132.229919	2.124131	0.267758
1133.291952	2.124068	0.268156
1134.353987	2.124028	0.268754
1135.415980	2.123986	0.269276
1136.477973	2.124083	0.269746
1137.540063	2.124239	0.270294
1138.602212	2.124266	0.270676
1139.664329	2.124188	0.271190
1140.726400	2.123951	0.271804
1141.788280	2.123967	0.272280
1142.850367	2.124080	0.272970
1143.912360	2.124166	0.273572
1144.974533	2.124372	0.274018
1146.036732	2.124220	0.274420
1147.098753	2.124067	0.274846
1148.160799	2.124040	0.275366
1149.222793	2.123943	0.275846
1150.284742	2.124141	0.276472
1151.346934	2.124141	0.277052
1152.408883	2.124042	0.277542
1153.470976	2.124284	0.278120
1154.533167	2.123676	0.279006
1155.594652	2.123398	0.279728
1156.656565	2.124574	0.279922
1157.719226	2.124689	0.280196
1158.781254	2.123977	0.280780
1159.843203	2.123942	0.281194
1160.905196	2.124238	0.281616
1161.967441	2.124268	0.282214
1163.029464	2.124028	0.283168
1164.091469	2.124068	0.283602
1165.153532	2.124064	0.283476
1166.215533	2.123912	0.284310
1167.277444	2.124007	0.285044
1168.339540	2.123918	0.285100
1169.401362	2.123898	0.285476
1170.463438	2.124107	0.285848
1171.525469	2.124128	0.286082
1172.587566	2.123944	0.286864
1173.649413	2.123853	0.287530
1174.711419	2.124000	0.287962
1175.773413	2.124071	0.288410
1176.835490	2.124107	0.288816
1177.897520	2.124102	0.289228
1178.959592	2.124049	0.289524
1180.021569	2.123960	0.289982
1181.083552	2.123956	0.290660
1182.145525	2.123904	0.291146
1183.207456	2.124072	0.291348
1184.269597	2.124181	0.291862
1185.331637	2.124056	0.292674
1186.393653	2.123961	0.292846
1187.455598	2.123901	0.292908
1188.517554	2.124215	0.293640
1189.579813	2.124172	0.294634
1190.641726	2.123972	0.294872
1191.703785	2.123880	0.295022
1192.765606	2.123953	0.295568
1193.827738	2.124051	0.296100
1194.889657	2.123959	0.296526
1195.951697	2.123994	0.296942
1197.013651	2.123983	0.297570
1198.075680	2.123968	0.297948
1199.137619	2.123979	0.298286
1200.199659	2.124071	0.298770
1201.261690	2.124059	0.299264
1202.323718	2.123977	0.299780
1203.385667	2.123984	0.300202
1204.447702	2.124130	0.300576
1205.509797	2.124102	0.301070
1206.571804	2.123818	0.301524
1207.633615	2.123977	0.302122
1208.695781	2.124230	0.302594
1209.757845	2.123991	0.302958
1210.819772	2.123825	0.303428
1211.881670	2.123858	0.303868
1212.943630	2.123935	0.304188
1214.005605	2.124095	0.304586
1215.067725	2.123961	0.305186
1216.129566	2.124000	0.305624
1217.191725	2.124179	0.305910
1218.253745	2.123849	0.306414
1219.315574	2.123631	0.307020
1220.377376	2.123877	0.307304
1221.439451	2.124085	0.307662
1222.501461	2.123856	0.308306
1223.563307	2.123773	0.308838
1224.625234	2.123900	0.309252
1225.687207	2.124178	0.309542
1226.749412	2.124353	0.309844
1227.811560	2.124087	0.310352
1228.873499	2.123887	0.310934
1229.935447	2.123854	0.311394
1230.997353	2.123874	0.311922
1232.059321	2.123689	0.312570
1233.121042	2.123895	0.313004
1234.183216	2.124155	0.313124
1235.245197	2.123916	0.313550
1236.307132	2.123945	0.314084
1237.369142	2.123770	0.314348
1238.430902	2.123407	0.314400
1239.492549	2.123583	0.314782
1240.554485	2.124158	0.315446
1241.616707	2.123956	0.315950
1242.678441	2.124311	0.316982
1243.741018	2.124728	0.317012
1244.803169	2.123959	0.316978
1245.864977	2.123582	0.318134
1246.926751	2.123716	0.318962
1247.988693	2.123911	0.319130
1249.050662	2.124073	0.319132
1250.112766	2.124217	0.319476
1251.174879	2.123702	0.320290
1252.236468	2.123874	0.320880
1253.298753	2.124174	0.321130
1254.360642	2.123823	0.321504
1255.422576	2.123900	0.321892
1256.484542	2.123953	0.322196
1257.546529	2.123918	0.322714
1258.608460	2.123898	0.323384
1259.670427	2.123867	0.323730
1260.732327	2.123784	0.324218
1261.794211	2.123837	0.324874
1262.856164	2.123856	0.325316
1263.918067	2.123897	0.325658
1264.980061	2.124094	0.326022
1266.042161	2.123943	0.326290
1267.104004	2.123919	0.327012
1268.166080	2.123952	0.327656
1269.227956	2.123775	0.327664
1270.289855	2.123798	0.327834
1271.351754	2.124062	0.328668
1272.413917	2.124082	0.329510
1273.475836	2.123776	0.329796
1274.537693	2.123880	0.330190
1275.599716	2.123971	0.330916
1276.661664	2.123792	0.331300
1277.723508	2.123813	0.331456
1278.785477	2.123772	0.331966
1279.847280	2.123748	0.332608
1280.909225	2.124044	0.332878
1281.971324	2.124065	0.333176
1283.033290	2.123964	0.333776
1284.095288	2.123827	0.334184
1285.157117	2.123689	0.334478
1286.218977	2.123771	0.335074
1287.280888	2.123771	0.336028
1288.342748	2.124142	0.336400
1289.405030	2.124059	0.336552
1290.466807	2.123822	0.337210
1291.528852	2.124020	0.337720
1292.590827	2.123783	0.338162
1293.652635	2.123541	0.338510
1294.714368	2.123590	0.338628
1295.776225	2.124170	0.340234
1296.838538	2.124335	0.340956
1297.900560	2.123856	0.340472
1298.962394	2.123805	0.341004
1300.024365	2.123830	0.341394
1301.086224	2.123780	0.341764
1302.148145	2.123754	0.341882
1303.209978	2.123886	0.342252
1304.272031	2.123883	0.343094
1305.333861	2.123847	0.343758
1306.395878	2.124013	0.344216
1307.457874	2.123886	0.344684
1308.519764	2.123677	0.345112
1309.581551	2.123902	0.345470
1310.643666	2.123914	0.346108
1311.705465	2.123736	0.346586
1312.767402	2.123832	0.346912
1313.829297	2.123936	0.347474
1314.891338	2.123778	0.347956
1315.953075	2.123808	0.348426
1317.015146	2.124026	0.348980
1318.077101	2.123795	0.349422
1319.138941	2.123656	0.350086
1320.200757	2.123948	0.350506
1321.262889	2.123963	0.350818
1322.324720	2.123870	0.351268
1323.386759	2.123679	0.351538
1324.448399	2.123618	0.352262
1325.510377	2.124130	0.352766
1326.572529	2.124038	0.352862
1327.634415	2.123716	0.353314
1328.696245	2.123300	0.354342
1329.757715	2.123649	0.354958
1330.819894	2.124492	0.354576
1331.882207	2.124069	0.354746
1332.943963	2.123558	0.355698
1334.005765	2.123792	0.356290
1335.067755	2.123847	0.356550
1336.129612	2.123795	0.357252
1337.191550	2.124114	0.357828
1338.253726	2.123968	0.358160
1339.315518	2.123626	0.358648
1340.377352	2.123824	0.358996
1341.439342	2.123944	0.359520
1342.501296	2.123814	0.360188
1343.563156	2.123865	0.360644
1344.625161	2.123833	0.361206
1345.686989	2.123728	0.361710
1346.748889	2.123839	0.362078
1347.810828	2.123892	0.362548
1348.872781	2.123843	0.362950
1349.934671	2.123949	0.363474
1350.996730	2.123982	0.364132
1352.058653	2.123771	0.364626
1353.120501	2.124310	0.364766
1354.182963	2.124197	0.365358
1355.244698	2.123195	0.365880
1356.306158	2.123636	0.366336
1357.368334	2.123967	0.366940
1358.430125	2.123579	0.367350
1359.491913	2.123637	0.367962
1360.553762	2.123869	0.368408
1361.615782	2.123959	0.368816
1362.677721	2.123930	0.369354
1363.739712	2.123797	0.369924
1364.801518	2.123663	0.370480
1365.863375	2.123771	0.370854
1366.925289	2.123853	0.371214
1367.987228	2.123806	0.371724
1369.049095	2.123832	0.372198
1370.111060	2.123818	0.373036
1371.172913	2.123904	0.373518
1372.234964	2.123857	0.373812
1373.296770	2.123821	0.374432
1374.358785	2.124003	0.374918
1375.420773	2.123774	0.375618
1376.482559	2.123499	0.376126
1377.544272	2.123717	0.376388
1378.606276	2.123997	0.376828
1379.668269	2.123864	0.377130
1380.730140	2.123693	0.377632
1381.791962	2.123962	0.378348
1382.854102	2.124067	0.378812
1383.916029	2.123887	0.378994
1384.977989	2.123671	0.379554
1386.039700	2.123592	0.380300
1387.101581	2.123739	0.381046
1388.163439	2.123925	0.381526
1389.225506	2.123988	0.381688
1390.287427	2.123894	0.382046
1391.349400	2.123942	0.382516
1392.411369	2.123825	0.383210
1393.473225	2.123779	0.383706
1394.535148	2.123759	0.384192
1395.596984	2.123652	0.384508
1396.658800	2.123739	0.384800
1397.720723	2.123819	0.385498
1398.782619	2.123702	0.386182
1399.844425	2.123717	0.386526
1400.906336	2.123894	0.386784
1401.968319	2.123920	0.387398
1403.030256	2.123868	0.387944
1404.092187	2.123710	0.388546
1405.153966	2.123723	0.389268
1406.215910	2.123853	0.389708
1407.277819	2.123701	0.390178
1408.339611	2.123700	0.390898
1409.401519	2.124040	0.391298
1410.463651	2.123959	0.391714
1411.525478	2.123802	0.392284
1412.587453	2.123804	0.392698
1413.649282	2.123612	0.393204
1414.711065	2.123657	0.393746
1415.772939	2.123688	0.394026
1416.834753	2.123888	0.394230
1417.896827	2.124240	0.395086
1418.958993	2.123959	0.396078
1420.020786	2.123475	0.395928
1421.082468	2.123541	0.396328
1422.144327	2.123764	0.397390
1423.206232	2.123677	0.397700
1424.268004	2.123812	0.398176
1425.330044	2.123989	0.398876
1426.391993	2.123945	0.399334
1427.453989	2.123747	0.399682
1428.515740	2.123781	0.400336
1429.577770	2.123863	0.400980
1430.639603	2.123674	0.401590
1431.701444	2.123694	0.402180
1432.763297	2.123718	0.402634
1433.825162	2.123822	0.403152
1434.887119	2.123850	0.403370
1435.949012	2.123763	0.403968
1437.010882	2.123769	0.404736
1438.072781	2.123737	0.405206
1439.134619	2.123856	0.405694
1440.196637	2.123830	0.406194
1441.258449	2.123677	0.406742
1442.320314	2.123793	0.407308
1443.382242	2.123752	0.407792
1444.444066	2.123594	0.408208
1445.505836	2.123919	0.408728
1446.567985	2.123882	0.409266
1447.629718	2.123537	0.409968
1448.691522	2.123664	0.410860
1449.753382	2.123638	0.411428
1450.815160	2.123535	0.411684
1451.876917	2.123908	0.412022
1452.939068	2.124127	0.412528
1454.001044	2.123696	0.413116
1455.062764	2.123455	0.413520
1456.124499	2.123651	0.414006
1457.186415	2.123929	0.415010
1458.248428	2.123825	0.415512
1459.310240	2.123645	0.415788
1460.372073	2.124101	0.416406
1461.434341	2.124031	0.417010
1462.496104	2.122734	0.417616
1463.557075	2.123310	0.417982
1464.619414	2.124689	0.418400
1465.681764	2.124142	0.419128
1466.743556	2.123733	0.419484
1467.805497	2.123763	0.419602
1468.867319	2.123776	0.420274
1469.929273	2.123903	0.421862
1470.991222	2.124308	0.421700
1472.053581	2.123860	0.421518
1473.115082	2.123479	0.422520
1474.177060	2.123213	0.422788
1475.238295	2.123463	0.423790
1476.300523	2.124162	0.424814
1477.362457	2.123790	0.425222
1478.424313	2.123522	0.425574
1479.485979	2.123654	0.426270
1480.547967	2.123961	0.426918
1481.609940	2.124076	0.427360
1482.672043	2.123708	0.427798
1483.733648	2.123326	0.428424
1484.795369	2.123935	0.428926
1485.857583	2.124059	0.429486
1486.919428	2.123801	0.429784
1487.981384	2.123922	0.429904
1489.043350	2.123721	0.430816
1490.105105	2.123558	0.431530
1491.166908	2.123906	0.432160
1492.229011	2.123563	0.433230
1493.290471	2.123256	0.433830
1494.352267	2.124058	0.433486
1495.414529	2.123812	0.433898
1496.476079	2.123613	0.435106
1497.538142	2.123984	0.435580
1498.600063	2.123910	0.435966
1499.662052	2.123659	0.436512
1500.723722	2.123408	0.436964
1501.785460	2.123655	0.437408
1502.847377	2.123913	0.438038
1503.909373	2.123789	0.438686
1504.971166	2.123739	0.439012
1506.033112	2.123816	0.439376
1507.094982	2.123767	0.440048
1508.156879	2.124018	0.440546
1509.219000	2.123769	0.441652
1510.280648	2.123220	0.442468
1511.342220	2.123775	0.442516
1512.404423	2.124772	0.443434
1513.466992	2.123878	0.443980
1514.528301	2.122966	0.444178
1515.589958	2.123672	0.444920
1516.651973	2.123735	0.445366
1517.713693	2.123516	0.445886
1518.775489	2.123585	0.446610
1519.837278	2.123630	0.447256
1520.899119	2.123760	0.447846
1521.961038	2.123749	0.448640
1523.022868	2.123766	0.449264
1524.084804	2.123953	0.449680
1525.146821	2.123802	0.450122
1526.208606	2.123638	0.450672
1527.270459	2.123653	0.451526
1528.332259	2.123849	0.452166
1529.394308	2.123392	0.452752
1530.455651	2.123280	0.453330
1531.517588	2.124182	0.453804
1532.579833	2.123792	0.454614
1533.641380	2.123271	0.455600
1534.703104	2.123953	0.455904
1535.765333	2.124082	0.456350
1536.827186	2.123974	0.456964
1537.889307	2.123894	0.457634
1538.951080	2.123183	0.458284
1540.012490	2.123522	0.458700
1541.074602	2.124024	0.459488
1542.136514	2.123352	0.459596
1543.197954	2.124334	0.459920
1544.260848	2.125131	0.461284
1545.323085	2.123264	0.462562
1546.384112	2.122572	0.463160
1547.445657	2.123669	0.463270
1548.507781	2.123724	0.463934
1549.569381	2.123601	0.464918
1550.631382	2.123856	0.465480
1551.693237	2.123915	0.465946
1552.755297	2.123640	0.466838
1553.816877	2.123596	0.467938
1554.878893	2.123884	0.468186
1555.940761	2.123614	0.468646
1557.002507	2.123699	0.469350
1558.064460	2.123686	0.469500
1559.126193	2.123450	0.470002
1560.187910	2.123714	0.470724
1561.249907	2.123995	0.471314
1562.311905	2.123747	0.471982
1563.373654	2.123674	0.472640
1564.435579	2.123878	0.473054
1565.497532	2.123236	0.473580
1566.558815	2.123207	0.473942
1567.620739	2.124239	0.474754
1568.683054	2.124321	0.475640
1569.745060	2.123557	0.476128
1570.806611	2.123453	0.476726
1571.868513	2.123718	0.477346
1572.930329	2.123731	0.477866
1573.992244	2.123796	0.478488
1575.054125	2.123733	0.479146
1576.115977	2.123615	0.479758
1577.177740	2.123715	0.480672
1578.239692	2.123705	0.481360
1579.301445	2.123643	0.481930
1580.363335	2.123878	0.482562
1581.425323	2.123978	0.483302
1582.487313	2.123714	0.484090
1583.549037	2.123492	0.484610
1584.610805	2.123639	0.485250
1585.672676	2.123767	0.485984
1586.734572	2.123686	0.486740
1587.796362	2.123635	0.487284
1588.858207	2.123740	0.487750
1589.920102	2.123603	0.488984
1590.981810	2.123538	0.489964
1592.043640	2.123818	0.490172
1593.105628	2.123752	0.491012
1594.167392	2.123748	0.491892
1595.229376	2.123614	0.492660
1596.291006	2.123629	0.493648
1597.353005	2.123704	0.494354
1598.414710	2.123702	0.495016
1599.476707	2.123725	0.495802
1600.538435	2.123494	0.496430
1601.600201	2.123587	0.497286
1602.662022	2.123763	0.498044
1603.723964	2.123794	0.498904
1604.785816	2.123604	0.499900
1605.847568	2.123541	0.500448
1606.909357	2.123880	0.500786
1607.971448	2.123981	0.501388
1609.033338	2.123687	0.502416
1610.095135	2.123507	0.503334
1611.156845	2.123869	0.503894
1612.219004	2.123732	0.505148
1613.280577	2.123243	0.506470
1614.342247	2.123538	0.506954
1615.404115	2.123848	0.507362
1616.466095	2.123352	0.508198
1617.527467	2.123290	0.508878
1618.589385	2.123752	0.509430
1619.651219	2.124083	0.510214
1620.713468	2.123741	0.511312
1621.774960	2.123120	0.512608
1622.836588	2.123358	0.513324
1623.898318	2.123587	0.513544
1624.960175	2.123713	0.513566
1626.022031	2.123404	0.514462
1627.083579	2.122929	0.515630
1628.144960	2.123505	0.516708
1629.207084	2.124349	0.517684
1630.269309	2.123804	0.518042
1631.330888	2.123220	0.518536
1632.392529	2.123861	0.519210
1633.454749	2.124468	0.519890
1634.516997	2.123903	0.520514
1635.578652	2.123287	0.521592
1636.640284	2.123328	0.522220
1637.701980	2.123065	0.522756
1638.763349	2.124336	0.523710
1639.826316	2.124230	0.525528
1640.887579	2.123766	0.526250
1641.950082	2.123886	0.526016
1643.011465	2.123064	0.526878
1644.073146	2.122908	0.527148
1645.134373	2.123162	0.527774
1646.196308	2.124973	0.529092
1647.259346	2.124365	0.529548
1648.320673	2.122919	0.530022
1649.382265	2.123492	0.530866
1650.444165	2.123886	0.531506
1651.506151	2.123887	0.532286
1652.568052	2.123709	0.532768
1653.629860	2.123518	0.533444
1654.691570	2.123531	0.534356
1655.753391	2.123847	0.535054
1656.815417	2.123724	0.535710
1657.877115	2.123473	0.536462
1658.938890	2.123580	0.537524
1660.000695	2.124024	0.538250
1661.062914	2.123754	0.539056
1662.124449	2.123477	0.540038
1663.186391	2.123639	0.540674
1664.248088	2.123645	0.541212
1665.310036	2.123759	0.542184
1666.371847	2.123734	0.542986
1667.433770	2.123699	0.543752
1668.495546	2.123579	0.544440
1669.557349	2.123406	0.544990
1670.618952	2.123696	0.545912
1671.681045	2.124037	0.546634
1672.742989	2.123636	0.547034
1673.804681	2.123495	0.547842
1674.866484	2.123524	0.548876
1675.928205	2.123504	0.549290
1676.989988	2.123437	0.550012
1678.051642	2.124649	0.550264
1679.114637	2.124490	0.550038
1680.176132	2.122809	0.551544
1681.237446	2.123295	0.553028
1682.299427	2.123418	0.553554
1683.360864	2.124531	0.553936
1684.423958	2.124147	0.555084
1685.485011	2.122629	0.556474
1686.546587	2.123784	0.556778
1687.608795	2.124125	0.557694
1688.670712	2.123437	0.559004
1689.732232	2.123687	0.559352
1690.794399	2.124051	0.559990
1691.856283	2.123648	0.561182
1692.918047	2.123321	0.562286
1693.979604	2.123403	0.562860
1695.041450	2.123819	0.563372
1696.103423	2.122980	0.564210
1697.164430	2.123554	0.564640
1698.226977	2.124955	0.564818
1699.289385	2.123618	0.566294
1700.350595	2.122998	0.567358
1701.412383	2.123161	0.567022
1702.473756	2.124350	0.567956
1703.536733	2.124867	0.570478
1704.598623	2.123256	0.570798
1705.659989	2.123015	0.570010
1706.721638	2.123527	0.571428
1707.783516	2.123901	0.573000
1708.845539	2.123803	0.574106
1709.907319	2.123605	0.575110
1710.969144	2.123148	0.575676
1712.030467	2.123802	0.575242
1713.092946	2.124264	0.575692
1714.154731	2.123447	0.577882
1715.216393	2.125887	0.579854
1716.280618	2.124147	0.581644
1717.340540	2.121275	0.580616
1718.401893	2.122953	0.581126
1719.463493	2.122842	0.583822
1720.524735	2.123485	0.584430
1721.586978	2.124309	0.586104
1722.649044	2.123701	0.587548
1723.710679	2.123523	0.588070
1724.772567	2.123512	0.589134
1725.834191	2.123477	0.590422
1726.896044	2.123830	0.591272
1727.958021	2.123792	0.592190
1729.019836	2.123623	0.593352
1730.081644	2.123137	0.594868
1731.142973	2.123082	0.596206
1732.204726	2.123009	0.596540
1733.265982	2.125349	0.597004
1734.330075	2.126051	0.598154
1735.392033	2.121961	0.601262
1736.452036	2.121937	0.604684
1737.513970	2.124325	0.606548
1738.576361	2.124296	0.608058
1739.638266	2.123852	0.610728
1740.700213	2.124682	0.613554
1741.762948	2.123076	0.615536
1742.823289	2.123046	0.616410
1743.885994	2.123704	0.617752
1744.946993	2.123505	0.618958
1746.009499	2.123868	0.620274
1747.070861	2.123262	0.621854
1748.132761	2.123703	0.622626
1749.194564	2.123847	0.623768
1750.256608	2.123593	0.624884
1751.318157	2.123248	0.625970
1752.379856	2.123656	0.627200
1753.441813	2.123715	0.628294
1754.503571	2.124557	0.629170
1755.566370	2.123149	0.629692
1756.626720	2.121971	0.630652
1757.688341	2.124055	0.632286
1758.750775	2.123997	0.634290
1759.812338	2.121295	0.636932
1760.872070	2.121601	0.638144
1761.933939	2.125087	0.637750
1762.997157	2.124272	0.639386
1764.058211	2.123136	0.642202
1765.120293	2.122846	0.644398
1766.181057	2.123094	0.645862
1767.243387	2.124283	0.646698
1768.305340	2.123117	0.649240
1769.366504	2.122618	0.652232
1770.427958	2.123737	0.653472
1771.490241	2.123461	0.655154
1772.551419	2.124027	0.656866
1773.614268	2.123906	0.659260
1774.675325	2.123648	0.661282
1775.737916	2.123790	0.663336
1776.799115	2.122919	0.665798
1777.860835	2.123066	0.667526
1778.922181	2.123579	0.668790
1779.984414	2.123543	0.670812
1781.045724	2.123442	0.672580
1782.107856	2.123882	0.673208
1783.169606	2.124116	0.674668
1784.231972	2.123784	0.677076
1785.293390	2.123965	0.678160
1786.355937	2.123854	0.679626
1787.417244	2.123078	0.682316
1788.479015	2.123811	0.683882
1789.541055	2.123980	0.684770
1790.602995	2.123414	0.685978
1791.664469	2.123732	0.687294
1792.726727	2.123372	0.688774
1793.787841	2.123518	0.690250
1794.850245	2.124333	0.692258
1795.912174	2.123400	0.693524
1796.973645	2.122494	0.694630
1798.034668	2.125082	0.694376
1799.098727	2.124690	0.695662
1800.159358	2.122656	0.699504
1801.221383	2.123151	0.701654
1802.282509	2.123316	0.702482
1803.344699	2.121774	0.704526
1804.404283	2.123701	0.708438
1805.468400	2.127184	0.710264
1806.531467	2.124374	0.710374
1807.592774	2.122667	0.712856
1808.654134	2.123580	0.714412
1809.716354	2.123684	0.715584
1810.777818	2.124167	0.717820
1811.840521	2.124280	0.720574
1812.902098	2.123550	0.722068
1813.964071	2.122854	0.723710
1815.024952	2.123922	0.724716
1816.087993	2.124600	0.726918
1817.149552	2.123632	0.729132
1818.211625	2.123182	0.731062
1819.272734	2.123919	0.733024
1820.335544	2.124428	0.735580
1821.397162	2.123228	0.737068
1822.458772	2.123187	0.738364
1823.520349	2.123262	0.739810
1824.582034	2.123546	0.740456
1825.643895	2.124456	0.741302
1826.706490	2.124005	0.743764
1827.767900	2.122863	0.746976
1828.829353	2.123714	0.748730
1829.891614	2.125262	0.749164
1830.954615	2.123526	0.751790
1832.015140	2.119665	0.753896
1833.074280	2.123160	0.750396
1834.138300	2.127561	0.749396
1835.201841	2.124669	0.754190
1836.262969	2.123214	0.756694
1837.325055	2.123721	0.757942
1838.386690	2.123718	0.759728
1839.448773	2.123256	0.762386
1840.509946	2.124653	0.763744
1841.573426	2.125100	0.767272
1842.635046	2.123810	0.769048
1843.697236	2.123149	0.770328
1844.758195	2.124016	0.772610
1845.821252	2.124069	0.775892
1846.882264	2.123616	0.778012
1847.944868	2.123273	0.780928
1849.005537	2.123108	0.783526
1850.067976	2.124527	0.785448
1851.130064	2.125365	0.786592
1852.193341	2.124575	0.790658
1853.254639	2.125227	0.792022
1854.318568	2.124648	0.796228
1855.379287	2.123457	0.800254
1856.442025	2.123787	0.803586
1857.503074	2.124701	0.806000
1858.566726	2.125276	0.810908
#1859.628350	2.340460	0.812124
#1860.907186	3.177023	1.246796
#1862.805373	4.021622	1.699650
#1864.928808	4.247292	1.701916