48 911
154 911
260 909
367 907
473 902
580 902
686 897
792 893
899 889
1006 884
1113 878
1219 872
1325 866
1432 858
1538 851
1645 841
1751 833
1857 825
1964 815
2071 805
2178 793
2284 785
2390 772
2497 762
2603 747
2709 734
2816 723
2922 709
3030 696
3136 682
3243 669
3349 653
3455 640
3562 626
3668 612
3774 597
3881 581
3988 566
4095 552
4201 534
4307 521
4414 505
4520 488
4627 474
4733 458
4839 442
4946 426
5053 412
5160 397
5266 385
5372 368
5479 353
5585 339
5692 325
5798 312
5904 297
6012 283
6118 270
6225 258
6331 250
6437 232
6544 221
6650 209
6757 197
6863 186
6969 178
7077 167
7183 156
7290 150
7396 141
7502 133
7609 126
7715 119
7821 113
7928 108
8035 102
8142 98
8248 92
8354 90
8461 86
8567 84
8674 82
8780 77
8886 78
8994 78
9100 79
9207 83
9313 83
9419 86
9526 90
9632 91
9739 95
9845 102
9951 108
10059 112
10165 118
10272 124
10378 132
10484 139
10591 148
10697 154
10804 164
10910 174
11017 184
11124 196
11230 207
11337 217
11443 229
11549 243
11656 254
11762 267
11868 280
11975 307
12082 309
12189 322
12295 336
12401 348
12508 365
12614 380
12721 394
12827 411
12933 424
13041 440
13147 456
13254 472
13360 482
13466 502
13573 518
13679 531
13786 549
13892 564
13999 579
14106 595
14212 608
14319 624
14425 639
14531 655
14638 666
14744 680
14851 694
14957 708
15064 721
15171 733
15277 748
15384 757
15490 770
15596 782
15703 790
15809 804
15915 814
16023 824
16129 834
16236 842
16342 849
16449 858
16555 863
16661 872
16768 877
16874 885
16980 888
17088 891
17194 896
17301 900
17407 903
17513 906
17620 908
17726 914
17833 912
17939 911
18046 911
18153 910
18259 906
18366 905
18472 901
18578 898
18685 896
18791 891
18898 887
19005 881
19111 876
19218 869
19324 860
19431 854
19537 847
19643 837
19750 828
19856 819
19962 809
20070 800
20176 788
20283 777
20389 766
20496 754
20602 741
20708 728
20815 717
20921 702
21029 689
21135 676
21241 661
21348 647
21454 632
21560 619
21667 602
21773 589
21880 574
21988 559
22095 543
22201 528
22307 512
22414 496
22520 481
22627 466
22733 449
22839 433
22946 421
23053 404
23160 388
23266 375
23372 360
23479 345
23585 332
23692 317
23798 303
23904 289
24012 276
24118 263
24225 251
24331 239
24437 225
24544 214
24650 195
24757 192
24863 182
24969 172
25077 159
25183 153
25290 145
25396 137
25502 128
25609 124
25715 115
25821 110
25928 106
26035 99
26142 97
26248 91
26354 88
26461 85
26567 84
26674 83
26780 78
26886 76
26994 78
27100 80
27207 81
27313 85
27419 88
27526 91
27632 95
27739 99
27845 104
27951 109
28059 115
28165 123
28272 129
28378 137
28484 144
28591 152
28697 163
28804 172
28910 181
29017 191
29124 202
29230 211
29337 224
29443 238
29549 248
29656 257
29762 274
29868 288
29975 302
30082 316
30189 329
30295 344
30401 359
30508 372
30614 387
30721 403
30827 417
30933 432
31041 449
31147 463
31254 478
31360 495
31466 511
31573 526
31679 541
31786 557
31892 573
31999 585
32106 602
32212 618
32319 630
32425 646
32531 659
32638 673
32744 688
32851 694
32957 714
33064 728
33171 740
33277 753
33384 765
33490 777
33596 788
33703 799
33809 809
33915 819
34023 828
34129 837
34236 847
34342 853
34449 861
34555 868
34661 876
34768 881
34874 886
34980 891
35088 896
35194 898
35301 903
35407 904
35513 907
35620 909
35726 911
35833 915
35939 913
36046 910
36153 909
36259 906
36366 903
36472 901
36578 897
36685 893
36791 889
36898 883
37005 877
37111 872
37218 866
37324 857
37431 851
37537 841
37643 833
37750 830
37856 815
37962 804
38070 794
38176 781
38283 770
38389 758
38496 747
38602 734
38708 721
38815 708
38921 695
39029 682
39135 668
39241 652
39348 639
39454 624
39560 610
39667 596
39773 581
39880 565
39988 550
40095 534
40201 519
40307 504
40414 488
40520 472
40627 456
40733 441
40839 426
40946 412
41053 395
41160 384
41266 366
41372 352
41479 337
41585 324
41692 310
41798 295
41904 282
42012 268
42118 257
42225 244
42331 230
42437 219
42544 209
42650 203
42757 187
42863 176
42969 167
43077 158
43183 150
43290 140
43396 132
43502 126
43609 119
43715 113
43821 108
43928 102
44035 97
44142 93
44248 91
44354 86
44461 84
44567 80
44674 78
44780 80
44886 79
44994 79
45100 91
45207 84
45313 85
45419 90
45526 94
45632 96
45739 103
45845 107
45951 114
46059 120
46165 126
46272 133
46378 140
46484 149
46591 156
46697 168
46804 177
46910 185
47017 196
47124 206
47230 219
47337 231
47443 244
47549 257
47656 269
47762 282
47868 297
47975 310
48082 323
48189 337
48295 353
48401 367
48508 382
48614 396
48721 410
48827 426
48933 442
49041 457
49147 472
49254 488
49360 504
49466 519
49573 535
49679 550
49786 565
49892 580
49999 596
50106 611
50212 624
50319 638
50425 652
50531 667
50638 682
50744 696
50851 708
50957 721
51064 731
51171 746
51277 760
51384 771
51490 783
51596 793
51703 804
51809 815
51915 824
52023 833
52129 842
52236 851
52342 857
52449 866
52555 872
52661 877
52768 883
52874 889
52980 894
53088 898
53194 902
53301 905
53407 906
53513 909
53620 911
53726 914
53833 913
53939 911
54046 910
54153 908
54259 904
54366 902
54472 899
54578 895
54685 891
54791 886
54898 881
55005 876
55111 868
55218 861
55324 853
55431 846
55537 837
55643 828
55750 820
55856 809
55962 799
56070 789
56176 776
56283 764
56389 753
56496 740
56602 728
56708 715
56815 701
56921 687
57029 675
57135 660
57241 645
57348 629
57454 616
57560 602
57667 588
57773 573
57880 558
57988 541
58095 525
58201 511
58307 496
58414 478
58520 464
58627 448
58733 433
58839 418
58946 403
59053 387
59160 374
59266 359
59372 344
59479 331
59585 315
59692 301
59798 288
59904 276
60012 264
60118 250
60225 237
60331 224
60437 213
60544 203
60650 198
60757 181
60863 171
60969 161
61077 151
61183 144
61290 136
61396 129
61502 123
61609 116
61715 111
61821 104
61928 99
62035 95
62142 92
62248 87
62354 85
62461 83
62567 81
62674 81
62780 82
62886 79
62994 81
63100 83
63207 85
63313 88
63419 92
63526 95
63632 98
63739 104
63845 111
63951 115
64059 122
64165 129
64272 135
64378 142
64484 152
64591 161
64697 172
64804 181
64910 194
65017 202
65124 213
65230 225
65337 237
65443 250
65549 265
65656 275
65762 290
65868 302
65975 321
66082 331
66189 346
66295 359
66401 374
66508 388
66614 404
66721 420
66827 435
66933 450
67041 464
67147 481
67254 497
67360 512
67466 527
67573 545
67679 559
67786 573
67892 589
67999 603
68106 617
68212 632
68319 646
68425 666
68531 676
68638 689
68744 702
68851 716
68957 728
69064 741
69171 754
69277 766
69384 777
69490 789
69596 799
69703 811
69809 821
69915 829
70023 837
70129 847
70236 852
70342 862
70449 869
70555 875
70661 880
70768 886
70874 892
70980 896
71088 899
71194 900
71301 905
71407 907
71513 910
71620 911
71726 914
71833 913
71939 910
72046 908
72153 906
72259 903
72366 900
72472 898
72578 892
72685 888
72791 883
72898 876
73005 871
73111 865
73218 857
73324 850
73431 843
73537 833
73643 823
73750 816
73856 804
73962 793
74070 782
74176 770
74283 759
74389 746
74496 733
74602 720
74708 708
74815 695
74921 680
75029 667
75135 652
75241 638
75348 623
75454 608
75560 594
75667 583
75773 565
75880 549
75988 533
76095 518
76201 503
76307 486
76414 471
76520 455
76627 440
76733 427
76839 411
76946 396
77053 379
77160 366
77266 351
77372 336
77479 322
77585 309
77692 296
77798 283
77904 269
78012 256
78118 243
78225 231
78331 218
78437 208
78544 196
78650 186
78757 174
78863 168
78969 156
79077 149
79183 140
79290 131
79396 126
79502 119
79609 113
79715 107
79821 102
79928 97
80035 92
80142 90
80248 86
80354 83
80461 82
80567 79
80674 78
80780 79
80886 78
80994 81
81100 78
81207 87
81313 89
81419 92
81526 101
81632 102
81739 106
81845 113
81951 118
82059 125
82165 132
82272 142
82378 148
82484 157
82591 167
82697 175
82804 186
82910 197
83017 208
83124 218
83230 232
83337 244
83443 257
83549 272
83656 288
83762 296
83868 311
83975 325
84082 338
84189 354
84295 369
84401 382
84508 397
84614 411
84721 427
84827 443
84933 457
85041 474
85147 489
85254 505
85360 520
85466 536
85573 552
85679 567
85786 582
85892 597
85999 610
86106 625
86212 640
86319 655
86425 669
86531 684
86638 696
86744 710
86851 722
86957 735
87064 748
87171 760
87277 773
87384 784
87490 795
87596 806
87703 815
87809 825
87915 834
88023 844
88129 852
88236 858
88342 864
88449 872
88555 876
88661 884
88768 889
88874 893
88980 898
89088 900
89194 905
89301 907
89407 909
89513 912
89620 913
89726 913
89833 911
89939 909
90046 907
90153 905
90259 902
90366 899
90472 895
90578 890
90685 885
90791 881
90898 875
91005 868
91111 860
91218 851
91324 845
91431 837
91537 827
91643 819
91750 808
91856 797
91962 787
92070 775
92176 764
92283 752
92389 738
92496 727
92602 714
92708 700
92815 686
92921 672
93029 658
93135 642
93241 629
93348 617
93454 599
93560 586
93667 571
93773 556
93880 541
93988 524
94095 510
94201 493
94307 478
94414 462
94520 446
94627 431
94733 416
94839 401
94946 387
95053 371
95160 357
95266 343
95372 329
95479 315
95585 300
95692 289
95798 273
95904 261
96012 232
96118 235
96225 225
96331 213
96437 201
96544 191
96650 176
96757 171
96863 161
96969 149
97077 144
97183 135
97290 129
97396 121
97502 116
97609 110
97715 103
97821 100
97928 95
98035 91
98142 85
98248 86
98354 83
98461 81
98567 78
98674 97
98780 79
98886 79
98994 85
99100 85
99207 88
99313 91
99419 96
99526 100
99632 105
99739 111
99845 114
99951 122
100059 129
100165 137
100272 145
100378 153
100484 163
100591 173
100697 183
100804 193
100910 204
101017 214
101124 218
101230 239
101337 251
101443 265
101549 278
101656 292
101762 304
101868 318
101975 332
102082 347
102189 361
102295 376
102401 391
102508 406
102614 420
102721 436
102827 453
102933 467
103041 482
103147 498
103254 514
103360 530
103466 546
103573 560
103679 575
103786 589
103892 604
103999 619
104106 634
104212 649
104319 663
104425 677
104531 691
104638 704
104744 718
104851 730
104957 741
105064 755
105171 768
105277 779
105384 790
105490 801
105596 810
105703 821
105809 829
105915 840
106023 847
106129 856
106236 863
106342 869
106449 876
106555 881
106661 887
106768 892
106874 896
106980 900
107088 902
107194 906
107301 907
107407 909
107513 913
107620 913
107726 911
107833 910
107939 908
108046 905
108153 903
108259 900
108366 897
108472 892
108578 890
108685 883
108791 877
108898 872
109005 864
109111 857
109218 848
109324 840
109431 831
109537 822
109643 811
109750 802
109856 795
109962 780
110070 769
110176 757
110283 745
110389 732
110496 720
110602 705
110708 692
110815 679
110921 665
111029 651
111135 636
111241 621
111348 606
111454 591
111560 577
111667 562
111773 548
111880 532
111988 515
112095 501
112201 485
112307 469
112414 453
112520 438
112627 423
112733 408
112839 394
112946 379
113053 364
113160 349
113266 334
113372 320
113479 307
113585 293
113692 279
113798 266
113904 254
114012 241
114118 230
114225 208
114331 206
114437 195
114544 185
114650 172
114757 165
114863 156
114969 148
115077 140
115183 131
115290 125
115396 117
115502 112
115609 106
115715 101
115821 96
115928 92
116035 104
116142 87
116248 82
116354 81
116461 79
116567 77
116674 78
116780 80
116886 82
116994 86
117100 86
117207 89
117313 93
117419 98
117526 103
117632 108
117739 113
117845 119
117951 126
118059 134
118165 143
118272 148
118378 158
118484 166
118591 177
118697 189
118804 220
118910 209
119017 220
119124 234
119230 247
119337 258
119443 271
119549 284
119656 298
119762 312
119868 326
119975 336
120082 356
120189 370
120295 383
120401 398
120508 414
120614 426
120721 446
120827 461
120933 475
121041 491
121147 506
121254 522
121360 537
121466 554
121573 568
121679 583
121786 600
121892 613
121999 625
122106 642
122212 657
122319 671
122425 684
122531 700
122638 711
122744 724
122851 737
122957 749
123064 761
123171 773
123277 785
123384 796
123490 806
123596 815
123703 826
123809 835
123915 843
124023 851
124129 858
124236 867
124342 875
124449 880
124555 887
124661 890
124768 894
124874 898
124980 902
125088 905
125194 906
125301 910
125407 911
125513 913
125620 913
125726 911
125833 909
125939 907
126046 905
126153 901
126259 898
126366 895
126472 890
126578 885
126685 879
126791 873
126898 867
127005 860
127111 853
127218 843
127324 840
127431 826
127537 817
127643 807
127750 799
127856 786
127962 774
128070 762
128176 751
128283 739
128389 726
128496 713
128602 698
128708 685
128815 672
128921 658
129029 642
129135 627
129241 614
129348 599
129454 584
129560 570
129667 554
129773 538
129880 525
129988 508
130095 491
130201 476
130307 460
130414 446
130520 430
130627 414
130733 399
130839 385
130946 370
131053 356
131160 341
131266 327
131372 313
131479 299
131585 285
131692 274
131798 260
131904 247
132012 233
132118 223
132225 211
132331 200
132437 190
132544 179
132650 169
132757 160
132863 152
132969 143
133077 134
133183 126
133290 122
133396 115
133502 110
133609 103
133715 98
133821 95
133928 91
134035 84
134142 86
134248 87
134354 79
134461 78
134567 77
134674 77
134780 81
134886 82
134994 86
135100 88
135207 93
135313 97
135419 100
135526 105
135632 111
135739 117
135845 125
135951 130
136059 139
136165 146
136272 155
136378 150
136484 174
136591 184
136697 194
136804 204
136910 216
137017 227
137124 240
137230 253
137337 265
137443 278
137549 292
137656 305
137762 319
137868 334
137975 348
138082 363
138189 378
138295 391
138401 407
138508 422
138614 436
138721 452
138827 468
138933 481
139041 499
139147 515
139254 530
139360 546
139466 563
139573 576
139679 592
139786 607
139892 620
139999 635
140106 649
140212 664
140319 677
140425 693
140531 706
140638 718
140744 732
140851 744
140957 756
141064 769
141171 780
141277 791
141384 802
141490 812
141596 822
141703 832
141809 839
141915 847
142023 833
142129 864
142236 871
142342 878
142449 882
142555 888
142661 892
142768 896
142874 894
142980 903
143088 905
143194 909
143301 911
143407 912
143513 911
143620 912
143726 911
143833 909
143939 907
144046 903
144153 901
144259 897
144366 893
144472 887
144578 882
144685 875
144791 870
144898 864
145005 855
145111 849
145218 839
145324 828
145431 822
145537 812
145643 801
145750 789
145856 780
145962 768
146070 756
146176 744
146283 731
146389 717
146496 705
146602 691
146708 677
146815 664
146921 649
147029 634
147135 621
147241 606
147348 590
147454 575
147560 560
147667 545
147773 533
147880 515
147988 499
148095 482
148201 469
148307 453
148414 436
148520 422
148627 406
148733 391
148839 377
148946 363
149053 347
149160 334
149266 318
149372 305
149479 292
149585 278
149692 265
149798 245
149904 241
150012 227
150118 216
150225 205
150331 195
150437 183
150544 174
150650 164
150757 155
150863 146
150969 139
151077 131
151183 125
151290 118
151396 111
151502 106
151609 100
151715 95
151821 92
151928 89
152035 85
152142 85
152248 81
152354 79
152461 79
152567 79
152674 78
152780 82
152886 85
152994 87
153100 90
153207 95
153313 98
153419 103
153526 109
153632 114
153739 120
153845 127
153951 134
154059 142
154165 151
154272 162
154378 169
154484 179
154591 189
154697 200
154804 211
154910 223
155017 235
155124 256
155230 260
155337 273
155443 289
155549 300
155656 314
155762 327
155868 341
155975 346
156082 370
156189 385
156295 402
156401 415
156508 430
156614 446
156721 460
156827 478
156933 493
157041 509
157147 524
157254 539
157360 556
157466 571
157573 585
157679 599
157786 615
157892 628
157999 643
158106 659
158212 673
158319 687
158425 699
158531 704
158638 725
158744 739
158851 751
158957 765
159064 768
159171 787
159277 798
159384 806
159490 817
159596 826
159703 836
159809 844
159915 854
160023 861
160129 865
160236 874
160342 879
160449 886
160555 889
160661 895
160768 896
160874 904
160980 905
161088 908
161194 910
161301 909
161407 912
161513 913
161620 911
161726 909
161833 906
161939 905
162046 902
162153 898
162259 895
162366 889
162472 884
162578 879
162685 872
162791 865
162898 859
163005 850
163111 843
163218 834
163324 826
163431 816
163537 806
163643 794
163750 783
163856 773
163962 761
164070 749
164176 736
164283 723
164389 710
164496 697
164602 683
164708 670
164815 656
164921 641
165029 626
165135 613
165241 599
165348 581
165454 565
165560 552
165667 538
165773 523
165880 505
165988 489
166095 473
166201 459
166307 445
166414 429
166520 412
166627 399
166733 383
166839 369
166946 354
167053 339
167160 324
167266 311
167372 298
167479 271
167585 270
167692 258
167798 245
167904 231
168012 220
168118 209
168225 199
168331 189
168437 178
168544 168
168650 158
168757 150
168863 142
168969 135
169077 127
169183 120
169290 114
169396 106
169502 102
169609 98
169715 95
169821 90
169928 87
170035 84
170142 82
170248 78
170354 78
170461 77
170567 78
170674 86
170780 84
170886 86
170994 89
171100 93
171207 96
171313 100
171419 106
171526 112
171632 117
171739 124
171845 131
171951 138
172059 148
172165 156
172272 158
172378 174
172484 185
172591 194
172697 206
172804 220
172910 229
173017 241
173124 254
173230 267
173337 280
173443 293
173549 307
173656 321
173762 337
173868 350
173975 365
174082 379
174189 394
174295 408
174401 422
174508 440
174614 454
174721 469
174827 487
174933 502
175041 518
175147 533
175254 549
175360 564
175466 578
175573 594
175679 608
175786 622
175892 638
175999 651
176106 666
176212 680
176319 694
176425 707
176531 722
176638 732
176744 744
176851 758
176957 771
177064 780
177171 793
177277 805
177384 813
177490 823
177596 832
177703 841
177809 850
177915 856
178023 863
178129 871
178236 877
178342 882
178449 889
178555 893
178661 897
178768 900
178874 904
178980 906
179088 908
179194 914
179301 911
179407 913
179513 912
179620 909
179726 907
179833 906
179939 902
180046 898
180153 896
180259 892
180366 886
180472 881
180578 876
180685 869
180791 862
180898 855
181005 846
181111 838
181218 830
181324 821
181431 810
181537 800
181643 789
181750 778
181856 766
181962 754
182070 740
182176 729
182283 716
182389 703
182496 689
182602 675
182708 662
182815 648
182921 632
183029 619
183135 603
183241 590
183348 573
183454 559
183560 544
183667 528
183773 517
183880 495
183988 482
184095 464
184201 450
184307 435
184414 420
184520 404
184627 388
184733 376
184839 360
184946 346
185053 332
185160 317
185266 303
185372 289
185479 278
185585 264
185692 251
185798 239
185904 227
186012 214
186118 203
186225 193
186331 181
186437 173
186544 163
186650 153
186757 146
186863 138
186969 130
187077 123
187183 117
187290 110
187396 105
187502 101
187609 96
187715 92
187821 89
187928 85
188035 82
188142 80
188248 80
188354 76
188461 78
188567 80
188674 82
188780 85
188886 87
188994 91
189100 94
189207 98
189313 104
189419 109
189526 114
189632 121
189739 128
189845 133
189951 143
190059 152
190165 161
190272 169
190378 179
190484 191
190591 200
190697 211
190804 224
190910 236
191017 249
191124 262
191230 274
191337 286
191443 300
191549 315
191656 329
191762 342
191868 358
191975 372
192082 387
192189 402
192295 416
192401 434
192508 447
192614 464
192721 478
192827 495
192933 508
193041 526
193147 541
193254 557
193360 571
193466 586
193573 602
193679 615
193786 631
193892 645
193999 660
194106 674
194212 688
194319 700
194425 714
194531 728
194638 740
194744 752
194851 765
194957 775
195064 786
195171 798
195277 808
195384 818
195490 826
195596 837
195703 840
195809 854
195915 861
196023 867
196129 874
196236 881
196342 885
196449 890
196555 895
196661 900
196768 904
196874 903
196980 908
197088 909
197194 912
197301 913
197407 912
197513 911
197620 908
197726 907
197833 904
197939 901
198046 898
198153 894
198259 889
198366 883
198472 878
198578 871
198685 863
198791 859
198898 850
199005 842
199111 833
199218 826
199324 816
199431 804
199537 793
199643 781
199750 772
199856 763
199962 748
200070 736
200176 722
200283 710
200389 695
200496 683
200602 670
200708 654
200815 640
200921 625
201029 610
201135 596
201241 582
201348 567
201454 536
201560 535
201667 520
201773 504
201880 491
201988 474
202095 458
202201 442
202307 426
202414 414
202520 398
202627 382
202733 367
202839 353
202946 338
203053 324
203160 310
203266 296
203372 281
203479 270
203585 257
203692 244
203798 229
203904 219
204012 208
204118 198
204225 187
204331 177
204437 166
204544 159
204650 148
204757 141
204863 134
204969 126
205077 120
205183 114
205290 106
205396 102
205502 98
205609 92
205715 90
205821 87
205928 85
206035 83
206142 79
206248 78
206354 78
206461 80
206567 80
206674 84
206780 87
206886 91
206994 93
207100 97
207207 103
207313 106
207419 112
207526 117
207632 125
207739 132
207845 140
207951 147
208059 158
208165 166
208272 176
208378 185
208484 195
208591 207
208697 220
208804 230
208910 243
209017 255
209124 269
209230 282
209337 294
209443 308
209549 322
209656 337
209762 351
209868 366
209975 380
210082 395
210189 409
210295 424
210401 441
210508 456
210614 471
210721 486
210827 503
210933 519
211041 534
211147 551
211254 564
211360 578
211466 594
211573 608
211679 622
211786 638
211892 654
211999 668
212106 682
212212 695
212319 707
212425 720
212531 734
212638 747
212744 760
212851 771
212957 782
213064 793
213171 804
213277 814
213384 823
213490 833
213596 841
213703 851
213809 858
213915 865
214023 871
214129 878
214236 882
214342 889
214449 894
214555 898
214661 901
214768 903
214874 907
214980 908
215088 924
215194 912
215301 914
215407 911
215513 909
215620 908
215726 906
215833 902
215939 898
216046 895
216153 891
216259 886
216366 882
216472 872
216578 869
216685 862
216791 854
216898 845
217005 838
217111 827
217218 820
217324 809
217431 799
217537 789
217643 777
217750 765
217856 753
217962 741
218070 729
218176 715
218283 702
218389 688
218496 675
218602 661
218708 646
218815 632
218921 618
219029 602
219135 588
219241 574
219348 557
219454 541
219560 528
219667 512
219773 496
219880 481
219988 464
220095 450
220201 434
220307 417
220414 403
220520 389
220627 375
220733 361
220839 345
220946 331
221053 316
221160 301
221266 289
221372 275
221479 264
221585 250
221692 238
221798 226
221904 214
222012 201
222118 191
222225 181
222331 172
222437 163
222544 152
222650 145
222757 136
222863 128
222969 122
223077 116
223183 110
223290 105
223396 100
223502 95
223609 91
223715 89
223821 85
223928 82
224035 80
224142 79
224248 76
224354 80
224461 80
224567 82
224674 82
224780 87
224886 91
224994 96
225100 98
225207 105
225313 110
225419 115
225526 122
225632 128
225739 137
225845 144
225951 152
226059 161
226165 172
226272 182
226378 191
226484 203
226591 215
226697 227
226804 238
226910 251
227017 262
227124 275
227230 289
227337 301
227443 315
227549 330
227656 345
227762 358
227868 373
227975 388
228082 404
228189 418
228295 433
228401 449
228508 463
228614 480
228721 496
228827 512
228933 525
229041 544
229147 558
229254 573
229360 587
229466 603
229573 617
229679 632
229786 647
229892 661
229999 674
230106 689
230212 702
230319 714
230425 728
230531 740
230638 753
230744 767
230851 778
230957 788
231064 800
231171 809
231277 820
231384 829
231490 838
231596 845
231703 857
231809 862
231915 868
232023 875
232129 881
232236 886
232342 891
232449 896
232555 899
232661 902
232768 904
232874 908
232980 910
233088 912
233194 912
233301 913
233407 910
233513 909
233620 908
233726 904
233833 901
233939 898
234046 893
234153 889
234259 883
234366 878
234472 871
234578 866
234685 858
234791 849
234898 841
235005 832
235111 824
235218 814
235324 803
235431 793
235537 783
235643 772
235750 758
235856 746
235962 734
236070 720
236176 707
236283 695
236389 681
236496 668
236602 653
236708 639
236815 624
236921 610
237029 594
237135 579
237241 565
237348 554
237454 535
237560 519
237667 504
237773 487
237880 472
237988 456
238095 442
238201 425
238307 410
238414 396
238520 378
238627 366
238733 351
238839 338
238946 324
239053 313
239160 295
239266 282
239372 269
239479 255
239585 244
239692 232
239798 218
239904 207
240012 196
240118 185
240225 176
240331 165
240437 158
240544 149
240650 139
240757 133
240863 126
240969 120
241077 113
241183 107
241290 102
241396 98
241502 93
241609 91
241715 86
241821 83
241928 82
242035 80
242142 78
242248 78
242354 79
242461 82
242567 85
242674 97
242780 90
242886 93
242994 96
243100 102
243207 107
243313 111
243419 119
243526 125
243632 132
243739 141
243845 149
243951 157
244059 167
244165 177
244272 184
244378 196
244484 208
244591 219
244697 228
244804 244
244910 258
245017 270
245124 283
245230 295
245337 310
245443 324
245549 338
245656 352
245762 366
245868 383
245975 396
246082 411
246189 423
246295 450
246401 457
246508 473
246614 488
246721 505
246827 522
246933 539
247041 550
247147 567
247254 581
247360 596
247466 610
247573 626
247679 640
247786 652
247892 668
247999 683
248106 696
248212 709
248319 722
248425 735
248531 748
248638 760
248744 772
248851 783
248957 794
249064 805
249171 815
249277 825
249384 833
249490 843
249596 851
249703 858
249809 865
249915 872
250023 878
250129 884
250236 889
250342 893
250449 898
250555 900
250661 904
250768 906
250874 908
250980 909
251088 912
251194 911
251301 911
251407 909
251513 907
251620 905
251726 902
251833 899
251939 896
252046 890
252153 885
252259 881
252366 875
252472 871
252578 861
252685 853
252791 846
252898 836
253005 828
253111 819
253218 809
253324 798
253431 788
253537 776
253643 764
253750 752
253856 740
253962 728
254070 713
254176 702
254283 688
254389 673
254496 660
254602 646
254708 632
254815 617
254921 602
255029 585
255135 572
255241 556
255348 542
255454 526
255560 510
255667 494
255773 477
255880 466
255988 448
256095 432
256201 417
256307 402
256414 388
256520 374
256627 357
256733 344
256839 329
256946 317
257053 301
257160 288
257266 274
257372 264
257479 249
257585 236
257692 225
257798 212
257904 202
258012 191
258118 180
258225 171
258331 161
258437 152
258544 145
258650 137
258757 129
258863 122
258969 115
259077 108
259183 104
259290 100
259396 95
259502 92
259609 88
259715 85
259821 84
259928 82
260035 79
260142 76
260248 79
260354 80
260461 82
260567 86
260674 88
260780 91
260886 95
260994 99
261100 105
261207 111
261313 115
261419 123
261526 129
261632 136
261739 145
261845 153
261951 162
262059 171
262165 181
262272 191
262378 203
262484 213
262591 227
262697 237
262804 251
262910 263
263017 276
263124 291
263230 303
263337 317
263443 331
263549 345
263656 360
263762 375
263868 390
263975 404
264082 419
264189 434
264295 450
264401 466
264508 482
264614 497
264721 512
264827 528
264933 543
265041 559
265147 580
265254 590
265360 603
265466 620
265573 638
265679 646
265786 662
265892 676
265999 691
266106 703
266212 716
266319 731
266425 742
266531 755
266638 767
266744 779
266851 791
266957 799
267064 810
267171 820
267277 829
267384 838
267490 847
267596 855
267703 861
267809 869
267915 875
268023 881
268129 887
268236 891
268342 896
268449 897
268555 904
268661 905
268768 907
268874 910
268980 912
269088 907
269194 912
269301 910
269407 908
269513 907
269620 904
269726 900
269833 896
269939 893
270046 888
270153 883
270259 876
270366 871
270472 863
270578 857
270685 849
270791 841
270898 836
271005 822
271111 812
271218 803
271324 792
271431 781
271537 770
271643 755
271750 745
271856 732
271962 720
272070 707
272176 693
272283 682
272389 667
272496 652
272602 636
272708 622
272815 607
272921 593
273029 578
273135 563
273241 549
273348 533
273454 517
273560 502
273667 487
273773 469
273880 451
273988 439
274095 426
274201 409
274307 394
274414 379
274520 364
274627 351
274733 336
274839 322
274946 308
275053 294
275160 280
275266 267
275372 255
275479 242
275585 231
275692 217
275798 207
275904 196
276012 184
276118 177
276225 165
276331 156
276437 148
276544 139
276650 132
276757 123
276863 118
276969 113
277077 107
277183 101
277290 97
277396 99
277502 88
277609 87
277715 84
277821 80
277928 79
278035 78
278142 79
278248 78
278354 81
278461 84
278567 86
278674 90
278780 94
278886 98
278994 102
279100 108
279207 113
279313 119
279419 127
279526 135
279632 141
279739 149
279845 157
279951 167
280059 176
280165 187
280272 197
280378 209
280484 221
280591 233
280697 241
280804 258
280910 270
281017 283
281124 297
281230 310
281337 326
281443 339
281549 354
281656 369
281762 383
281868 398
281975 410
282082 427
282189 443
282295 479
282401 475
282508 490
282614 506
282721 523
282827 545
282933 554
283041 567
283147 582
283254 597
283360 612
283466 626
283573 641
283679 655
283786 670
283892 683
283999 697
284106 710
284212 724
284319 735
284425 749
284531 762
284638 773
284744 784
284851 795
284957 806
285064 816
285171 825
285277 835
285384 843
285490 850
285596 859
285703 866
285809 874
285915 878
286023 892
286129 890
286236 894
286342 898
286449 902
286555 905
286661 907
286768 908
286874 911
286980 913
287088 914
287194 911
287301 909
287407 907
287513 905
287620 902
287726 897
287833 894
287939 890
288046 885
288153 881
288259 873
288366 866
288472 859
288578 853
288685 844
288791 835
288898 827
289005 818
289111 808
289218 800
289324 785
289431 775
289537 763
289643 749
289750 733
289856 726
289962 712
290070 699
290176 686
290283 672
290389 658
290496 643
290602 628
290708 614
290815 600
290921 585
291029 569
291135 555
291241 539
291348 524
291454 508
291560 493
291667 476
291773 461
291880 446
291988 431
292095 414
292201 401
292307 386
292414 370
292520 356
292627 343
292733 327
292839 313
292946 299
293053 287
293160 273
293266 261
293372 247
293479 235
293585 224
293692 211
293798 200
293904 190
294012 180
294118 168
294225 162
294331 151
294437 142
294544 137
294650 128
294757 121
294863 115
294969 109
295077 103
295183 98
295290 94
295396 91
295502 87
295609 85
295715 82
295821 80
295928 78
296035 76
296142 79
296248 81
296354 83
296461 86
296567 88
296674 92
296780 96
296886 100
296994 104
297100 111
297207 117
297313 123
297419 130
297526 138
297632 143
297739 155
297845 162
297951 171
298059 182
298165 193
298272 204
298378 216
298484 228
298591 239
298697 246
298804 265
298910 277
299017 291
299124 304
299230 318
299337 333
299443 347
299549 361
299656 377
299762 391
299868 405
299975 421
300082 436
300189 452
300295 468
300401 482
300508 497
300614 515
300721 530
300827 549
300933 562
301041 576
301147 590
301254 605
301360 620
301466 634
301573 649
301679 663
301786 677
301892 692
301999 704
302106 717
302212 730
302319 744
302425 754
302531 768
302638 780
302744 791
302851 801
302957 813
303064 821
303171 831
303277 838
303384 848
303490 857
303596 863
303703 869
303809 875
303915 882
304023 887
304129 892
304236 896
304342 899
304449 905
304555 904
304661 909
304768 909
304874 912
304980 913
305088 911
305194 910
305301 907
305407 905
305513 904
305620 900
305726 895
305833 892
305939 888
306046 880
306153 876
306259 869
306366 863
306472 855
306578 848
306685 840
306791 831
306898 821
307005 812
307111 802
307218 791
307324 779
307431 769
307537 756
307643 745
307750 735
307856 718
307962 705
308070 693
308176 679
308283 664
308389 651
308496 636
308602 621
308708 607
308815 592
308921 577
309029 562
309135 549
309241 532
309348 514
309454 499
309560 483
309667 469
309773 453
309880 444
309988 422
310095 406
310201 391
310307 378
310414 363
310520 349
310627 334
310733 320
310839 306
310946 293
311053 279
311160 265
311266 257
311372 231
311479 229
311585 217
311692 205
311798 195
311904 184
312012 173
312118 165
312225 157
312331 146
312437 139
312544 131
312650 125
312757 118
312863 112
312969 104
313077 100
313183 97
313290 92
313396 89
313502 87
313609 83
313715 81
313821 75
313928 77
314035 78
314142 80
314248 79
314354 85
314461 86
314567 91
314674 94
314780 97
314886 101
314994 108
315100 115
315207 120
315313 127
315419 133
315526 141
315632 152
315739 160
315845 168
315951 178
316059 188
316165 200
316272 211
316378 222
316484 233
316591 247
316697 259
316804 271
316910 286
317017 299
317124 311
317230 327
317337 343
317443 356
317549 370
317656 385
317762 400
317868 414
317975 431
318082 445
318189 460
318295 477
318401 491
318508 507
318614 524
318721 517
318827 554
318933 570
319041 584
319147 603
319254 614
319360 626
319466 642
319573 657
319679 672
319786 686
319892 699
319999 711
320106 724
320212 738
320319 750
320425 762
320531 774
320638 786
320744 796
320851 807
320957 817
321064 826
321171 836
321277 844
321384 850
321490 861
321596 866
321703 873
321809 880
321915 885
322023 890
322129 895
322236 898
322342 902
322449 906
322555 907
322661 908
322768 911
322874 913
322980 913
323088 910
323194 908
323301 906
323407 904
323513 901
323620 898
323726 895
323833 892
323939 885
324046 879
324153 873
324259 866
324366 859
324472 851
324578 844
324685 835
324791 826
324898 816
325005 807
325111 795
325218 785
325324 773
325431 761
325537 751
325643 736
325750 725
325856 711
325962 698
326070 685
326176 671
326283 655
326389 643
326496 628
326602 612
326708 598
326815 583
326921 564
327029 554
327135 538
327241 524
327348 507
327454 491
327560 476
327667 459
327773 445
327880 429
327988 412
328095 398
328201 384
328307 369
328414 355
328520 352
328627 326
328733 312
328839 298
328946 284
329053 270
329160 258
329266 247
329372 232
329479 221
329585 211
329692 198
329798 190
329904 177
330012 167
330118 158
330225 150
330331 142
330437 136
330544 128
330650 120
330757 115
330863 107
330969 104
331077 98
331183 94
331290 90
331396 85
331502 103
331609 82
331715 80
331821 78
331928 78
332035 76
332142 82
332248 83
332354 86
332461 88
332567 93
332674 96
332780 101
332886 106
332994 112
333100 117
333207 124
333313 132
333419 138
333526 147
333632 155
333739 163
333845 174
333951 184
334059 194
334165 205
334272 209
334378 229
334484 241
334591 254
334697 258
334804 280
334910 293
335017 306
335124 320
335230 336
335337 350
335443 362
335549 379
335656 393
335762 407
335868 424
335975 438
336082 453
336189 469
336295 487
336401 500
336508 517
336614 532
336721 547
336827 562
336933 578
337041 593
337147 608
337254 622
337360 636
337466 651
337573 666
337679 679
337786 693
337892 706
337999 719
338106 733
338212 745
338319 757
338425 769
338531 782
338638 792
338744 802
338851 813
338957 822
339064 834
339171 841
339277 849
339384 856
339490 865
339596 870
339703 876
339809 883
339915 888
340023 892
340129 897
340236 901
340342 903
340449 904
340555 908
340661 909
340768 915
340874 913
340980 912
341088 910
341194 906
341301 906
341407 903
341513 902
341620 897
341726 893
341833 887
341939 882
342046 876
342153 872
342259 863
342366 855
342472 847
342578 840
342685 831
342791 822
342898 811
343005 801
343111 790
343218 780
343324 766
343431 756
343537 743
343643 731
343750 717
343856 703
343962 690
344070 675
344176 662
344283 649
344389 635
344496 619
344602 605
344708 590
344815 575
344921 560
345029 544
345135 528
345241 513
345348 495
345454 483
345560 468
345667 451
345773 437
345880 422
345988 405
346095 389
346201 376
346307 361
346414 347
346520 332
346627 320
346733 305
346839 291
346946 267
347053 264
347160 252
347266 240
347372 227
347479 215
347585 205
347692 192
347798 183
347904 173
348012 163
348118 153
348225 146
348331 137
348437 131
348544 124
348650 116
348757 111
348863 104
348969 99
349077 96
349183 90
349290 88
349396 87
349502 81
349609 82
349715 79
349821 76
349928 77
350035 80
350142 83
350248 84
350354 87
350461 90
350567 95
350674 99
350780 103
350886 108
350994 113
351100 120
351207 127
351313 136
351419 142
351526 151
351632 160
351739 168
351845 179
351951 190
352059 200
352165 217
352272 223
352378 235
352484 247
352591 261
352697 271
352804 287
352910 301
353017 314
353124 328
353230 342
353337 357
353443 371
353549 387
353656 400
353762 415
353868 430
353975 447
354082 463
354189 478
354295 500
354401 509
354508 526
354614 540
354721 553
354827 571
354933 585
355041 599
355147 616
355254 629
355360 645
355466 659
355573 673
355679 687
355786 700
355892 714
355999 726
356106 739
356212 752
356319 764
356425 773
356531 787
356638 797
356744 808
356851 818
356957 829
357064 837
357171 844
357277 852
357384 861
357490 868
357596 874
357703 880
357809 885
357915 891
358023 895
358129 900
358236 902
358342 905
358449 907
358555 908
358661 912
358768 913
358874 912
358980 911
359088 913
359194 905
359301 904
359407 901
359513 897
359620 894
359726 889
359833 884
359939 878
360046 878
360153 865
360259 857
360366 850
360472 843
360578 834
360685 825
360791 815
360898 805
361005 795
361111 783
361218 773
361324 759
361431 747
361537 736
361643 723
361750 710
361856 696
361962 683
362070 692
362176 655
362283 639
362389 626
362496 613
362602 596
362708 582
362815 568
362921 551
363029 535
363135 522
363241 505
363348 500
363454 474
363560 458
363667 442
363773 426
363880 408
363988 397
364095 383
364201 367
364307 353
364414 339
364520 325
364627 310
364733 296
364839 284
364946 270
365053 258
365160 244
365266 233
365372 224
365479 208
365585 199
365692 188
365798 177
365904 163
366012 159
366118 150
366225 141
366331 134
366437 126
366544 118
366650 114
366757 107
366863 102
366969 97
367077 93
367183 90
367290 88
367396 84
367502 82
367609 79
367715 77
367821 79
367928 79
368035 82
368142 83
368248 87
368354 90
368461 93
368567 97
368674 101
368780 105
368886 115
368994 118
369100 124
369207 131
369313 138
369419 148
369526 157
369632 165
369739 175
369845 184
369951 194
370059 206
370165 217
370272 232
370378 243
370484 255
370591 267
370697 284
370804 295
370910 307
371017 322
371124 334
371230 350
371337 365
371443 380
371549 395
371656 408
371762 425
371868 439
371975 455
372082 470
372189 486
372295 501
372401 517
372508 533
372614 548
372721 564
372827 578
372933 594
373041 609
373147 623
373254 638
373360 651
373466 666
373573 681
373679 694
373786 708
373892 722
373999 733
374106 746
374212 759
374319 769
374425 783
374531 792
374638 803
374744 813
374851 823
374957 833
375064 841
375171 849
375277 858
375384 865
375490 871
375596 877
375703 883
375809 889
375915 892
376023 897
376129 900
376236 902
376342 905
376449 908
376555 910
376661 912
376768 913
376874 911
376980 909
377088 907
377194 906
377301 902
377407 898
377513 896
377620 892
377726 886
377833 879
377939 874
378046 868
378153 863
378259 855
378366 846
378472 838
378578 829
378685 820
378791 809
378898 800
379005 787
379111 778
379218 767
379324 753
379431 741
379537 728
379643 715
379750 703
379856 691
379962 676
380070 662
380176 647
380283 632
380389 618
380496 604
380602 589
380708 574
380815 558
380921 545
381029 527
381135 512
381241 496
381348 481
381454 464
381560 450
381667 438
381773 419
381880 405
381988 389
382095 390
382201 360
382307 346
382414 332
382520 323
382627 304
382733 291
382839 277
382946 263
383053 251
383160 238
383266 227
383372 212
383479 201
383585 192
383692 182
383798 172
383904 165
384012 154
384118 145
384225 138
384331 130
384437 123
384544 116
384650 111
384757 105
384863 99
384969 96
385077 92
385183 91
385290 86
385396 82
385502 80
385609 79
385715 76
385821 78
385928 79
386035 78
386142 85
386248 89
386354 91
386461 96
386567 99
386674 103
386780 109
386886 115
386994 122
387100 128
387207 135
387313 143
387419 152
387526 161
387632 170
387739 179
387845 187
387951 201
388059 212
388165 225
388272 237
388378 249
388484 263
388591 274
388697 288
388804 301
388910 314
389017 329
389124 345
389230 359
389337 373
389443 388
389549 403
389656 417
389762 432
389868 448
389975 464
390082 480
390189 495
390295 512
390401 526
390508 544
390614 556
390721 572
390827 588
390933 603
391041 617
391147 631
391254 644
391360 660
391466 673
391573 689
391679 701
391786 713
391892 727
391999 740
392106 753
392212 765
392319 776
392425 787
392531 798
392638 808
392744 819
392851 826
392957 837
393064 846
393171 854
393277 861
393384 869
393490 874
393596 880
393703 886
393809 891
393915 895
394023 899
394129 902
394236 905
394342 906
394449 910
394555 912
394661 912
394768 913
394874 911
394980 910
395088 907
395194 904
395301 901
395407 897
395513 893
395620 889
395726 884
395833 879
395939 872
396046 866
396153 859
396259 850
396366 842
396472 833
396578 824
396685 816
396791 807
396898 793
397005 783
397111 774
397218 760
397324 747
397431 734
397537 722
397643 710
397750 695
397856 682
397962 668
398070 654
398176 639
398283 624
398389 609
398496 594
398602 580
398708 566
398815 550
398921 535
399029 519
399135 503
399241 487
399348 473
399454 457
399560 439
399667 426
399773 413
399880 397
399988 381
400095 367
400201 353
400307 338
400414 325
400520 307
400627 295
400733 282
400839 270
400946 256
401053 244
401160 232
401266 219
401372 208
401479 196
401585 187
401692 177
401798 167
401904 158
402012 149
402118 141
402225 133
402331 126
402437 120
402544 114
402650 106
402757 103
402863 98
402969 91
403077 90
403183 88
403290 84
403396 82
403502 81
403609 77
403715 76
403821 79
403928 82
404035 85
404142 87
404248 90
404354 92
404461 96
404567 102
404674 107
404780 113
404886 118
404994 125
405100 132
405207 140
405313 148
405419 157
405526 165
405632 176
405739 186
405845 196
405951 207
406059 219
406165 232
406272 244
406378 256
406484 268
406591 284
406697 294
406804 309
406910 323
407017 337
407124 352
407230 367
407337 380
407443 402
407549 410
407656 425
407762 441
407868 456
407975 471
408082 488
408189 504
408295 520
408401 534
408508 551
408614 565
408721 580
408827 594
408933 609
409041 624
409147 639
409254 653
409360 667
409466 681
409573 696
409679 709
409786 722
409892 733
409999 747
410106 759
410212 771
410319 783
410425 794
410531 805
410638 814
410744 823
410851 833
410957 843
411064 851
411171 858
411277 865
411384 871
411490 878
411596 882
411703 889
411809 894
411915 898
412023 901
412129 904
412236 906
412342 910
412449 910
412555 911
412661 913
412768 911
412874 911
412980 906
413088 905
413194 903
413301 899
413407 896
413513 890
413620 885
413726 881
413833 875
413939 869
414046 861
414153 853
414259 846
414366 838
414472 829
414578 820
414685 809
414791 798
414898 789
415005 777
415111 765
415218 754
415324 740
415431 728
415537 716
415643 701
415750 688
415856 674
415962 661
416070 645
416176 631
416283 617
416389 602
416496 587
416602 573
416708 557
416815 543
416921 528
417029 511
417135 495
417241 479
417348 465
417454 449
417560 434
417667 415
417773 381
417880 388
417988 374
418095 359
418201 344
418307 331
418414 315
418520 302
418627 289
418733 275
418839 262
418946 250
419053 236
419160 225
419266 214
419372 197
419479 192
419585 182
419692 171
419798 162
419904 154
420012 144
420118 137
420225 129
420331 121
420437 115
420544 110
420650 104
420757 100
420863 96
420969 91
421077 92
421183 86
421290 82
421396 80
421502 77
421609 77
421715 78
421821 81
421928 84
422035 85
422142 89
422248 91
422354 95
422461 99
422567 103
422674 109
422780 117
422886 122
422994 141
423100 135
423207 144
423313 152
423419 161
423526 170
423632 181
423739 192
423845 203
423951 213
424059 222
424165 238
424272 250
424378 261
424484 275
424591 288
424697 302
424804 317
424910 330
425017 346
425124 360
425230 374
425337 388
425443 403
425549 418
425656 433
425762 450
425868 465
425975 480
426082 495
426189 512
426295 527
426401 543
426508 558
426614 574
426721 588
426827 600
426933 618
427041 632
427147 645
427254 662
427360 675
427466 689
427573 703
427679 717
427786 729
427892 741
427999 749
428106 766
428212 778
428319 787
428425 801
428531 810
428638 820
428744 827
428851 838
428957 846
429064 854
429171 869
429277 868
429384 875
429490 881
429596 886
429703 891
429809 896
429915 899
430023 902
430129 905
430236 907
430342 910
430449 912
430555 913
430661 911
430768 911
430874 908
430980 906
431088 903
431194 901
431301 897
431407 893
431513 888
431620 884
431726 878
431833 870
431939 864
432046 857
432153 849
432259 843
432366 833
432472 824
432578 813
432685 804
432791 792
432898 782
433005 771
433111 758
433218 746
433324 734
433431 721
433537 708
433643 693
433750 682
433856 667
433962 652
434070 638
434176 623
434283 609
434389 594
434496 580
434602 564
434708 550
434815 535
434921 518
435029 503
435135 487
435241 471
435348 455
435454 440
435560 425
435667 412
435773 397
435880 380
435988 365
436095 349
436201 337
