48 909
154 909
260 911
367 908
473 910
580 909
686 909
792 910
899 908
1006 908
1113 909
1219 908
1325 909
1432 909
1538 909
1645 908
1751 911
1857 73
1964 72
2071 72
2178 59
2284 72
2390 72
2497 72
2603 73
2709 72
2816 71
2922 72
3030 71
3136 72
3243 71
3349 73
3455 72
3562 72
3668 73
3774 71
3881 76
3988 74
4095 71
4201 73
4307 71
4414 72
4520 73
4627 72
4733 71
4839 72
4946 70
5053 72
5160 71
5266 72
5372 72
5479 72
5585 73
5692 71
5798 73
5904 71
6012 71
6118 72
6225 71
6331 74
6437 70
6544 72
6650 71
6757 73
6863 73
6969 72
7077 69
7183 71
7290 73
7396 71
7502 71
7609 72
7715 71
7821 71
7928 72
8035 72
8142 72
8248 71
8354 71
8461 71
8567 71
8674 70
8780 71
8886 72
8994 70
9100 72
9207 71
9313 71
9419 73
9526 71
9632 71
9739 71
9845 72
9951 72
10059 72
10165 72
10272 68
10378 72
10484 73
10591 72
10697 72
10804 73
10910 71
11017 72
11124 72
11230 72
11337 72
11443 72
11549 72
11656 72
11762 71
11868 73
11975 73
12082 71
12189 72
12295 72
12401 70
12508 71
12614 72
12721 72
12827 72
12933 72
13041 72
13147 72
13254 71
13360 73
13466 72
13573 72
13679 69
13786 72
13892 72
13999 73
14106 73
14212 72
14319 72
14425 70
14531 72
14638 72
14744 72
14851 75
14957 71
15064 71
15171 71
15277 71
15384 72
15490 71
15596 909
15703 909
15809 909
15915 909
16023 909
16129 909
16236 910
16342 909
16449 909
16555 909
16661 909
16768 910
16874 908
16980 907
17088 908
17194 909
17301 910
17407 909
17513 909
17620 909
17726 909
17833 909
17939 909
18046 908
18153 909
18259 909
18366 909
18472 909
18578 910
18685 910
18791 909
18898 910
19005 906
19111 909
19218 72
19324 72
19431 73
19537 69
19643 72
19750 71
19856 72
19962 72
20070 72
20176 72
20283 71
20389 75
20496 72
20602 72
20708 71
20815 71
20921 72
21029 71
21135 73
21241 73
21348 73
21454 73
21560 72
21667 72
21773 75
21880 72
21988 73
22095 71
22201 69
22307 72
22414 72
22520 72
22627 73
22733 72
22839 72
22946 72
23053 72
23160 70
23266 72
23372 71
23479 73
23585 73
23692 72
23798 73
23904 71
24012 72
24118 72
24225 72
24331 71
24437 73
24544 72
24650 72
24757 71
24863 72
24969 71
25077 72
25183 72
25290 71
25396 71
25502 72
25609 76
25715 71
25821 72
25928 72
26035 67
26142 71
26248 71
26354 72
26461 73
26567 71
26674 71
26780 71
26886 72
26994 71
27100 77
27207 70
27313 71
27419 72
27526 65
27632 72
27739 71
27845 71
27951 62
28059 71
28165 72
28272 72
28378 72
28484 71
28591 72
28697 70
28804 73
28910 72
29017 71
29124 71
29230 73
29337 71
29443 72
29549 73
29656 73
29762 71
29868 72
29975 71
30082 73
30189 72
30295 73
30401 73
30508 72
30614 72
30721 71
30827 72
30933 71
31041 72
31147 72
31254 72
31360 72
31466 72
31573 72
31679 72
31786 72
31892 71
31999 72
32106 71
32212 71
32319 72
32425 72
32531 72
32638 72
32744 74
32851 72
32957 908
33064 908
33171 909
33277 909
33384 908
33490 912
33596 909
33703 909
33809 911
33915 910
34023 909
34129 909
34236 909
34342 909
34449 908
34555 910
34661 910
34768 908
34874 909
34980 909
35088 909
35194 909
35301 908
35407 909
35513 911
35620 909
35726 910
35833 909
35939 909
36046 909
36153 910
36259 909
36366 909
36472 71
36578 72
36685 73
36791 72
36898 73
37005 72
37111 73
37218 71
37324 74
37431 71
37537 72
37643 71
37750 72
37856 71
37962 71
38070 72
38176 71
38283 72
38389 72
38496 72
38602 71
38708 71
38815 71
38921 70
39029 72
39135 72
39241 72
39348 68
39454 72
39560 72
39667 72
39773 73
39880 73
39988 73
40095 72
40201 71
40307 71
40414 72
40520 72
40627 73
40733 71
40839 72
40946 72
41053 71
41160 70
41266 72
41372 75
41479 72
41585 72
41692 72
41798 75
41904 72
42012 71
42118 72
42225 71
42331 72
42437 74
42544 72
42650 70
42757 72
42863 70
42969 72
43077 73
43183 69
43290 72
43396 71
43502 72
43609 72
43715 72
43821 72
43928 72
44035 69
44142 72
44248 75
44354 72
44461 71
44567 72
44674 72
44780 72
44886 72
44994 72
45100 71
45207 71
45313 72
45419 72
45526 72
45632 70
45739 72
45845 73
45951 71
46059 72
46165 59
46272 71
46378 72
46484 71
46591 72
46697 72
46804 71
46910 72
47017 71
47124 73
47230 72
47337 72
47443 70
47549 71
47656 72
47762 72
47868 72
47975 72
48082 72
48189 71
48295 71
48401 73
48508 71
48614 71
48721 71
48827 75
48933 72
49041 70
49147 74
49254 71
49360 71
49466 72
49573 72
49679 72
49786 72
49892 72
49999 74
50106 71
50212 911
50319 911
50425 908
50531 909
50638 909
50744 908
50851 907
50957 916
51064 909
51171 910
51277 908
51384 908
51490 908
51596 909
51703 909
51809 908
51915 908
52023 908
52129 909
52236 909
52342 908
52449 908
52555 882
52661 908
52768 910
52874 909
52980 912
53088 900
53194 909
53301 910
53407 909
53513 910
53620 909
53726 909
53833 72
53939 73
54046 72
54153 72
54259 72
54366 71
54472 71
54578 72
54685 72
54791 72
54898 73
55005 69
55111 72
55218 72
55324 71
55431 71
55537 72
55643 72
55750 73
55856 71
55962 71
56070 71
56176 72
56283 72
56389 72
56496 73
56602 72
56708 72
56815 72
56921 71
57029 73
57135 70
57241 72
57348 75
57454 72
57560 71
57667 73
57773 70
57880 72
57988 72
58095 71
58201 73
58307 71
58414 71
58520 71
58627 72
58733 71
58839 72
58946 71
59053 72
59160 71
59266 72
59372 70
59479 70
59585 72
59692 70
59798 72
59904 71
60012 73
60118 71
60225 71
60331 72
60437 72
60544 72
60650 72
60757 73
60863 73
60969 72
61077 68
61183 71
61290 72
61396 72
61502 72
61609 72
61715 72
61821 72
61928 73
62035 73
62142 72
62248 73
62354 72
62461 72
62567 72
62674 73
62780 72
62886 73
62994 72
63100 72
63207 72
63313 72
63419 71
63526 72
63632 71
63739 71
63845 73
63951 72
64059 73
64165 72
64272 70
64378 71
64484 72
64591 71
64697 71
64804 71
64910 72
65017 72
65124 71
65230 72
65337 71
65443 72
65549 73
65656 73
65762 71
65868 72
65975 72
66082 71
66189 72
66295 73
66401 72
66508 71
66614 71
66721 72
66827 71
66933 72
67041 71
67147 71
67254 71
67360 72
67466 80
67573 908
67679 909
67786 909
67892 908
67999 909
68106 909
68212 909
68319 910
68425 908
68531 909
68638 908
68744 909
68851 907
68957 909
69064 909
69171 909
69277 909
69384 909
69490 909
69596 909
69703 909
69809 909
69915 910
70023 909
70129 910
70236 909
70342 909
70449 909
70555 909
70661 909
70768 908
70874 910
70980 910
71088 76
71194 71
71301 73
71407 71
71513 71
71620 73
71726 72
71833 72
71939 71
72046 71
72153 72
72259 72
72366 72
72472 72
72578 72
72685 71
72791 72
72898 73
73005 72
73111 72
73218 70
73324 72
73431 71
73537 72
73643 72
73750 79
73856 70
73962 71
74070 72
74176 72
74283 72
74389 71
74496 72
74602 71
74708 71
74815 72
74921 72
75029 72
75135 72
75241 72
75348 71
75454 72
75560 71
75667 73
75773 72
75880 72
75988 73
76095 72
76201 71
76307 72
76414 73
76520 71
76627 79
76733 71
76839 72
76946 72
77053 72
77160 71
77266 73
77372 71
77479 72
77585 72
77692 71
77798 72
77904 73
78012 72
78118 70
78225 70
78331 73
78437 72
78544 71
78650 68
78757 72
78863 72
78969 71
79077 71
79183 71
79290 71
79396 71
79502 71
79609 72
79715 71
79821 72
79928 68
80035 76
80142 73
80248 72
80354 73
80461 72
80567 71
80674 70
80780 72
80886 72
80994 71
81100 71
81207 71
81313 71
81419 72
81526 73
81632 71
81739 72
81845 72
81951 71
82059 72
82165 73
82272 73
82378 72
82484 72
82591 71
82697 72
82804 72
82910 72
83017 71
83124 72
83230 72
83337 72
83443 72
83549 72
83656 71
83762 73
83868 73
83975 73
84082 72
84189 71
84295 70
84401 72
84508 72
84614 72
84721 71
84827 72
84933 910
85041 909
85147 908
85254 910
85360 909
85466 909
85573 909
85679 908
85786 909
85892 909
85999 909
86106 909
86212 909
86319 909
86425 908
86531 908
86638 909
86744 911
86851 910
86957 909
87064 908
87171 908
87277 910
87384 909
87490 912
87596 909
87703 909
87809 910
87915 910
88023 910
88129 909
88236 908
88342 908
88449 72
88555 71
88661 72
88768 71
88874 72
88980 71
89088 72
89194 71
89301 71
89407 70
89513 71
89620 72
89726 72
89833 73
89939 72
90046 72
90153 72
90259 72
90366 73
90472 72
90578 72
90685 72
90791 72
90898 72
91005 73
91111 73
91218 71
91324 70
91431 72
91537 72
91643 70
91750 73
91856 71
91962 72
92070 71
92176 71
92283 71
92389 71
92496 72
92602 71
92708 72
92815 72
92921 73
93029 71
93135 72
93241 72
93348 72
93454 72
93560 72
93667 73
93773 72
93880 72
93988 72
94095 71
94201 71
94307 73
94414 72
94520 72
94627 71
94733 72
94839 72
94946 72
95053 72
95160 72
95266 74
95372 71
95479 73
95585 73
95692 70
95798 72
95904 72
96012 71
96118 73
96225 71
96331 70
96437 71
96544 70
96650 74
96757 71
96863 71
96969 72
97077 72
97183 72
97290 72
97396 71
97502 54
97609 71
97715 72
97821 72
97928 72
98035 64
98142 72
98248 72
98354 72
98461 71
98567 70
98674 71
98780 72
98886 71
98994 72
99100 72
99207 71
99313 71
99419 72
99526 71
99632 72
99739 71
99845 71
99951 72
100059 72
100165 68
100272 72
100378 72
100484 72
100591 72
100697 72
100804 73
100910 71
101017 72
101124 72
101230 73
101337 72
101443 73
101549 73
101656 72
101762 71
101868 73
101975 79
102082 72
102189 909
102295 909
102401 909
102508 909
102614 909
102721 908
102827 909
102933 909
103041 909
103147 909
103254 910
103360 909
103466 910
103573 910
103679 909
103786 909
103892 910
103999 908
104106 910
104212 910
104319 909
104425 912
104531 909
104638 909
104744 910
104851 908
104957 906
105064 909
105171 909
105277 909
105384 908
105490 908
105596 909
105703 908
105809 72
105915 72
106023 71
106129 72
106236 71
106342 72
106449 73
106555 73
106661 70
106768 72
106874 72
106980 72
107088 73
107194 71
107301 72
107407 71
107513 71
107620 73
107726 71
107833 73
107939 72
108046 73
108153 72
108259 72
108366 71
108472 73
108578 72
108685 71
108791 72
108898 72
109005 72
109111 71
109218 71
109324 73
109431 71
109537 72
109643 72
109750 73
109856 72
109962 72
110070 73
110176 72
110283 72
110389 72
110496 72
110602 71
110708 72
110815 72
110921 73
111029 72
111135 71
111241 72
111348 69
111454 72
111560 72
111667 71
111773 72
111880 71
111988 71
112095 73
112201 73
112307 71
112414 71
112520 72
112627 72
112733 71
112839 72
112946 72
113053 72
113160 72
113266 72
113372 72
113479 71
113585 72
113692 72
113798 71
113904 71
114012 72
114118 72
114225 72
114331 72
114437 69
114544 72
114650 72
114757 72
114863 71
114969 73
115077 72
115183 71
115290 72
115396 71
115502 72
115609 72
115715 73
115821 71
115928 71
116035 72
116142 71
116248 73
116354 70
116461 70
116567 71
116674 72
116780 73
116886 72
116994 72
117100 72
117207 73
117313 70
117419 75
117526 71
117632 72
117739 71
117845 71
117951 72
118059 71
118165 79
118272 72
118378 72
118484 72
118591 71
118697 71
118804 71
118910 72
119017 72
119124 71
119230 72
119337 72
119443 71
119549 908
119656 909
119762 909
119868 909
119975 909
120082 910
120189 909
120295 910
120401 908
120508 910
120614 910
120721 909
120827 913
120933 908
121041 909
121147 911
121254 908
121360 909
121466 908
121573 909
121679 910
121786 910
121892 910
121999 901
122106 909
122212 910
122319 909
122425 905
122531 909
122638 910
122744 909
122851 901
122957 909
123064 71
123171 72
123277 71
123384 73
123490 72
123596 71
123703 73
123809 72
123915 72
124023 72
124129 73
124236 72
124342 71
124449 70
124555 70
124661 72
124768 72
124874 72
124980 73
125088 77
125194 73
125301 72
125407 72
125513 71
125620 72
125726 72
125833 72
125939 71
126046 72
126153 72
126259 71
126366 71
126472 72
126578 71
126685 70
126791 73
126898 72
127005 71
127111 71
127218 72
127324 71
127431 71
127537 71
127643 72
127750 74
127856 72
127962 71
128070 71
128176 71
128283 71
128389 71
128496 71
128602 72
128708 73
128815 72
128921 71
129029 71
129135 72
129241 71
129348 71
129454 71
129560 72
129667 72
129773 72
129880 74
129988 71
130095 72
130201 74
130307 73
130414 72
130520 73
130627 73
130733 72
130839 72
130946 73
131053 72
131160 72
131266 71
131372 72
131479 72
131585 72
131692 72
131798 74
131904 69
132012 73
132118 71
132225 72
132331 71
132437 71
132544 71
132650 71
132757 73
132863 72
132969 72
133077 71
133183 72
133290 72
133396 73
133502 72
133609 72
133715 71
133821 72
133928 73
134035 72
134142 71
134248 71
134354 72
134461 72
134567 73
134674 59
134780 71
134886 73
134994 71
135100 71
135207 72
135313 71
135419 72
135526 71
135632 72
135739 72
135845 72
135951 71
136059 71
136165 72
136272 73
136378 71
136484 71
136591 71
136697 71
136804 913
136910 910
137017 909
137124 908
137230 909
137337 910
137443 909
137549 908
137656 908
137762 909
137868 909
137975 910
138082 909
138189 907
138295 907
138401 909
138508 910
138614 908
138721 909
138827 909
138933 907
139041 910
139147 910
139254 909
139360 908
139466 909
139573 909
139679 909
139786 909
139892 909
139999 908
140106 910
140212 910
140319 910
140425 72
140531 72
140638 72
140744 70
140851 72
140957 72
141064 71
141171 72
141277 70
141384 72
141490 72
141596 71
141703 72
141809 72
141915 73
142023 71
142129 71
142236 72
142342 72
142449 71
142555 72
142661 74
142768 72
142874 72
142980 73
143088 71
143194 72
143301 68
143407 70
143513 72
143620 72
143726 72
143833 72
143939 72
144046 72
144153 72
144259 71
144366 72
144472 71
144578 73
144685 72
144791 72
144898 72
145005 72
145111 70
145218 71
145324 71
145431 72
145537 70
145643 71
145750 71
145856 72
145962 71
146070 71
146176 72
146283 71
146389 71
146496 73
146602 72
146708 72
146815 71
146921 72
147029 73
147135 73
147241 72
147348 71
147454 71
147560 72
147667 72
147773 72
147880 71
147988 72
148095 72
148201 72
148307 73
148414 71
148520 72
148627 71
148733 71
148839 72
148946 74
149053 74
149160 71
149266 71
149372 71
149479 72
149585 73
149692 72
149798 72
149904 72
150012 71
150118 72
150225 74
150331 71
150437 72
150544 72
150650 70
150757 72
150863 72
150969 72
151077 72
151183 71
151290 72
151396 70
151502 70
151609 73
151715 72
151821 73
151928 70
152035 69
152142 72
152248 72
152354 70
152461 71
152567 71
152674 71
152780 73
152886 73
152994 72
153100 71
153207 72
153313 72
153419 71
153526 72
153632 69
153739 72
153845 71
153951 72
154059 74
154165 909
154272 909
154378 909
154484 910
154591 910
154697 910
154804 909
154910 908
155017 909
155124 908
155230 909
155337 909
155443 910
155549 909
155656 910
155762 910
155868 908
155975 913
156082 909
156189 911
156295 909
156401 910
156508 909
156614 909
156721 909
156827 909
156933 910
157041 908
157147 908
157254 910
157360 909
157466 910
157573 909
157679 69
157786 71
157892 72
157999 72
158106 72
158212 71
158319 72
158425 71
158531 72
158638 71
158744 71
158851 73
158957 71
159064 72
159171 72
159277 72
159384 72
159490 70
159596 70
159703 73
159809 70
159915 72
160023 71
160129 75
160236 72
160342 71
160449 73
160555 72
160661 73
160768 72
160874 72
160980 72
161088 71
161194 72
161301 71
161407 72
161513 83
161620 73
161726 72
161833 72
161939 72
162046 71
162153 73
162259 71
162366 72
162472 70
162578 72
162685 73
162791 71
162898 72
163005 72
163111 72
163218 69
163324 77
163431 72
163537 72
163643 72
163750 73
163856 72
163962 72
164070 71
164176 72
164283 74
164389 71
164496 94
164602 71
164708 71
164815 71
164921 71
165029 72
165135 72
165241 72
165348 71
165454 71
165560 72
165667 72
165773 72
165880 71
165988 72
166095 70
166201 71
166307 73
166414 70
166520 71
166627 72
166733 72
166839 72
166946 71
167053 72
167160 72
167266 71
167372 72
167479 71
167585 70
167692 72
167798 72
167904 68
168012 71
168118 72
168225 72
168331 72
168437 72
168544 72
168650 72
168757 73
168863 73
168969 72
169077 72
169183 71
169290 71
169396 69
169502 71
169609 71
169715 72
169821 71
169928 73
170035 72
170142 72
170248 74
170354 72
170461 72
170567 72
170674 71
170780 71
170886 73
170994 72
171100 72
171207 73
171313 72
171419 73
171526 909
171632 907
171739 910
171845 911
171951 910
172059 909
172165 910
172272 908
172378 909
172484 909
172591 909
172697 910
172804 909
172910 909
173017 908
173124 909
173230 909
173337 910
173443 909
173549 910
173656 910
173762 909
173868 909
173975 909
174082 908
174189 909
174295 910
174401 909
174508 910
174614 910
174721 909
174827 909
174933 909
175041 72
175147 71
175254 71
175360 71
175466 72
175573 72
175679 71
175786 72
175892 71
175999 70
176106 72
176212 72
176319 72
176425 69
176531 70
176638 71
176744 71
176851 73
176957 72
177064 73
177171 71
177277 72
177384 71
177490 71
177596 72
177703 72
177809 72
177915 71
178023 72
178129 72
178236 71
178342 73
178449 71
178555 75
178661 72
178768 70
178874 73
178980 71
179088 72
179194 72
179301 72
179407 70
179513 72
179620 72
179726 72
179833 73
179939 71
180046 72
180153 72
180259 72
180366 72
180472 72
180578 73
180685 71
180791 73
180898 71
181005 71
181111 73
181218 73
181324 71
181431 72
181537 73
181643 72
181750 72
181856 72
181962 72
182070 71
182176 72
182283 74
182389 72
182496 71
182602 72
182708 71
182815 72
182921 72
183029 72
183135 72
183241 72
183348 70
183454 73
183560 72
183667 71
183773 56
183880 72
183988 72
184095 72
184201 72
184307 73
184414 72
184520 72
184627 72
184733 71
184839 71
184946 71
185053 71
185160 71
185266 72
185372 63
185479 72
185585 72
185692 71
185798 73
185904 73
186012 72
186118 71
186225 73
186331 71
186437 71
186544 73
186650 73
186757 72
186863 73
186969 70
187077 71
187183 72
187290 70
187396 72
187502 72
187609 72
187715 72
187821 72
187928 72
188035 72
188142 71
188248 71
188354 72
188461 75
188567 73
188674 73
188780 909
188886 910
188994 909
189100 909
189207 907
189313 909
189419 910
189526 909
189632 909
189739 910
189845 909
189951 908
190059 909
190165 909
190272 909
190378 910
190484 909
190591 909
190697 909
190804 910
190910 910
191017 909
191124 908
191230 910
191337 909
191443 909
191549 911
191656 909
191762 910
191868 910
191975 909
192082 908
192189 909
192295 909
192401 72
192508 72
192614 72
192721 71
192827 70
192933 73
193041 73
193147 72
193254 72
193360 72
193466 73
193573 71
193679 72
193786 72
193892 72
193999 71
194106 72
194212 70
194319 72
194425 70
194531 71
194638 72
194744 73
194851 74
194957 72
195064 71
195171 72
195277 72
195384 72
195490 71
195596 72
195703 71
195809 71
195915 72
196023 63
196129 72
196236 71
196342 72
196449 71
196555 71
196661 72
196768 71
196874 78
196980 73
197088 73
197194 72
197301 73
197407 72
197513 71
197620 71
197726 70
197833 72
197939 73
198046 72
198153 71
198259 71
198366 72
198472 72
198578 70
198685 71
198791 72
198898 71
199005 71
199111 69
199218 72
199324 71
199431 72
199537 72
199643 70
199750 72
199856 73
199962 73
200070 72
200176 72
200283 71
200389 73
200496 71
200602 72
200708 71
200815 72
200921 72
201029 71
201135 73
201241 76
201348 72
201454 72
201560 72
201667 73
201773 71
201880 71
201988 70
202095 72
202201 72
202307 73
202414 72
202520 71
202627 73
202733 71
202839 72
202946 73
203053 73
203160 71
203266 72
203372 72
203479 73
203585 72
203692 71
203798 48
203904 73
204012 72
204118 72
204225 66
204331 72
204437 71
204544 72
204650 73
204757 72
204863 69
204969 72
205077 72
205183 72
205290 71
205396 72
205502 71
205609 71
205715 73
205821 72
205928 71
206035 70
206142 911
206248 909
206354 909
206461 909
206567 909
206674 909
206780 909
206886 909
206994 908
207100 909
207207 907
207313 909
207419 909
207526 908
207632 911
207739 909
207845 909
207951 909
208059 922
208165 909
208272 909
208378 908
208484 909
208591 910
208697 909
208804 909
208910 909
209017 909
209124 908
209230 909
209337 909
209443 908
209549 908
209656 71
209762 72
209868 71
209975 71
210082 71
210189 72
210295 70
210401 72
210508 73
210614 71
210721 73
210827 72
210933 73
211041 73
211147 70
211254 72
211360 71
211466 72
211573 73
211679 72
211786 71
211892 73
211999 73
212106 73
212212 71
212319 92
212425 72
212531 72
212638 72
212744 69
212851 72
212957 71
213064 72
213171 72
213277 72
213384 71
213490 72
213596 72
213703 71
213809 74
213915 73
214023 72
214129 72
214236 71
214342 73
214449 70
214555 72
214661 70
214768 72
214874 71
214980 72
215088 71
215194 72
215301 71
215407 71
215513 72
215620 72
215726 71
215833 72
215939 71
216046 72
216153 72
216259 73
216366 71
216472 72
216578 72
216685 71
216791 71
216898 93
217005 71
217111 73
217218 72
217324 66
217431 71
217537 72
217643 72
217750 71
217856 71
217962 71
218070 71
218176 73
218283 73
218389 71
218496 72
218602 71
218708 71
218815 72
218921 72
219029 72
219135 72
219241 63
219348 72
219454 71
219560 73
219667 72
219773 70
219880 72
219988 72
220095 72
220201 72
220307 72
220414 71
220520 71
220627 72
220733 72
220839 72
220946 71
221053 72
221160 72
221266 72
221372 79
221479 72
221585 71
221692 71
221798 72
221904 72
222012 73
222118 72
222225 73
222331 71
222437 73
222544 71
222650 71
222757 73
222863 72
222969 72
223077 72
223183 73
223290 71
223396 912
223502 910
223609 909
223715 909
223821 909
223928 909
224035 909
224142 909
224248 908
224354 909
224461 908
224567 909
224674 911
224780 909
224886 908
224994 908
225100 909
225207 909
225313 909
225419 910
225526 910
225632 909
225739 909
225845 909
225951 912
226059 909
226165 909
226272 909
226378 910
226484 909
226591 910
226697 908
226804 909
226910 910
227017 72
227124 71
227230 72
227337 71
227443 72
227549 73
227656 71
227762 71
227868 72
227975 74
228082 71
228189 73
228295 72
228401 72
228508 71
228614 73
228721 72
228827 71
228933 72
229041 72
229147 71
229254 71
229360 71
229466 72
229573 73
229679 72
229786 72
229892 72
229999 73
230106 72
230212 72
230319 71
230425 73
230531 72
230638 72
230744 93
230851 72
230957 71
231064 72
231171 73
231277 71
231384 79
231490 73
231596 73
231703 73
231809 72
231915 71
232023 72
232129 72
232236 72
232342 72
232449 98
232555 72
232661 74
232768 70
232874 71
232980 73
233088 71
233194 72
233301 72
233407 73
233513 71
233620 70
233726 72
233833 72
233939 72
234046 73
234153 72
234259 73
234366 72
234472 72
234578 71
234685 71
234791 72
234898 73
235005 71
235111 72
235218 72
235324 72
235431 72
235537 71
235643 71
235750 72
235856 72
235962 72
236070 72
236176 71
236283 71
236389 71
236496 71
236602 72
236708 71
236815 72
236921 72
237029 70
237135 71
237241 73
237348 73
237454 72
237560 71
237667 71
237773 68
237880 71
237988 72
238095 71
238201 71
238307 72
238414 72
238520 72
238627 71
238733 71
238839 72
238946 71
239053 72
239160 71
239266 71
239372 71
239479 71
239585 72
239692 72
239798 72
239904 72
240012 71
240118 72
240225 72
240331 72
240437 71
240544 71
240650 72
240757 910
240863 909
240969 909
241077 907
241183 909
241290 911
241396 909
241502 916
241609 909
241715 909
241821 909
241928 909
242035 910
242142 910
242248 905
242354 909
242461 911
242567 910
242674 911
242780 908
242886 909
242994 909
243100 909
243207 910
243313 909
243419 909
243526 911
243632 910
243739 910
243845 910
243951 908
244059 909
244165 910
244272 70
244378 72
244484 72
244591 72
244697 72
244804 71
244910 72
245017 72
245124 71
245230 72
245337 71
245443 69
245549 71
245656 70
245762 71
245868 72
245975 70
246082 71
246189 63
246295 71
246401 72
246508 72
246614 71
246721 71
246827 72
246933 72
247041 70
247147 72
247254 72
247360 71
247466 71
247573 72
247679 72
247786 72
247892 71
247999 71
248106 71
248212 71
248319 72
248425 71
248531 71
248638 71
248744 71
248851 71
248957 72
249064 71
249171 69
249277 72
249384 72
249490 72
249596 72
249703 72
249809 73
249915 72
250023 80
250129 71
250236 72
250342 72
250449 77
250555 72
250661 71
250768 72
250874 74
250980 72
251088 72
251194 72
251301 65
251407 71
251513 72
251620 73
251726 72
251833 71
251939 72
252046 71
252153 71
252259 72
252366 72
252472 71
252578 70
252685 72
252791 71
252898 73
253005 72
253111 78
253218 70
253324 71
253431 72
253537 72
253643 72
253750 72
253856 73
253962 72
254070 72
254176 72
254283 72
254389 73
254496 73
254602 72
254708 71
254815 71
254921 72
255029 72
255135 72
255241 71
255348 71
255454 72
255560 72
255667 72
255773 80
255880 72
255988 71
256095 71
256201 72
256307 74
256414 72
256520 71
256627 70
256733 72
256839 72
256946 72
257053 73
257160 73
257266 71
257372 72
257479 72
257585 73
257692 71
257798 70
257904 72
258012 72
258118 908
258225 909
258331 909
258437 908
258544 909
258650 892
258757 908
258863 908
258969 909
259077 909
259183 909
259290 909
259396 915
259502 908
259609 909
259715 909
259821 907
259928 910
260035 909
260142 909
260248 911
260354 911
260461 909
260567 910
260674 909
260780 908
260886 910
260994 908
261100 909
261207 909
261313 910
261419 909
261526 908
261632 72
261739 72
261845 72
261951 72
262059 73
262165 73
262272 72
262378 69
262484 72
262591 72
262697 71
262804 72
262910 71
263017 72
263124 69
263230 71
263337 72
263443 72
263549 72
263656 72
263762 72
263868 71
263975 71
264082 71
264189 72
264295 72
264401 73
264508 73
264614 72
264721 72
264827 72
264933 72
265041 73
265147 70
265254 71
265360 71
265466 72
265573 72
265679 72
265786 71
265892 72
265999 71
266106 72
266212 71
266319 68
266425 72
266531 71
266638 72
266744 74
266851 74
266957 72
267064 73
267171 72
267277 71
267384 72
267490 71
267596 72
267703 72
267809 72
267915 71
268023 72
268129 72
268236 72
268342 71
268449 78
268555 73
268661 72
268768 72
268874 71
268980 74
269088 72
269194 72
269301 72
269407 73
269513 72
269620 72
269726 71
269833 73
269939 72
270046 72
270153 72
270259 72
270366 73
270472 73
270578 72
270685 69
270791 71
270898 70
271005 71
271111 72
271218 73
271324 73
271431 71
271537 73
271643 72
271750 73
271856 71
271962 71
272070 71
272176 71
272283 71
272389 73
272496 71
272602 73
272708 71
272815 72
272921 72
273029 72
273135 71
273241 73
273348 72
273454 73
273560 72
273667 72
273773 72
273880 73
273988 72
274095 72
274201 70
274307 73
274414 72
274520 72
274627 72
274733 71
274839 72
274946 71
275053 71
275160 72
275266 72
275372 909
275479 910
275585 908
275692 908
275798 913
275904 910
276012 909
276118 910
276225 909
276331 909
276437 909
276544 909
276650 910
276757 909
276863 909
276969 910
277077 910
277183 908
277290 909
277396 909
277502 909
277609 909
277715 909
277821 908
277928 909
278035 909
278142 910
278248 910
278354 909
278461 908
278567 910
278674 909
278780 909
278886 910
278994 71
279100 71
279207 72
279313 71
279419 70
279526 79
279632 72
279739 71
279845 72
279951 72
280059 69
280165 71
280272 72
280378 73
280484 72
280591 72
280697 71
280804 72
280910 71
281017 71
281124 72
281230 71
281337 73
281443 74
281549 71
281656 76
281762 73
281868 71
281975 73
282082 72
282189 72
282295 72
282401 73
282508 76
282614 72
282721 73
282827 72
282933 70
283041 71
283147 69
283254 72
283360 72
283466 72
283573 72
283679 72
283786 73
283892 72
283999 72
284106 72
284212 71
284319 73
284425 71
284531 72
284638 72
284744 72
284851 71
284957 71
285064 71
285171 73
285277 71
285384 72
285490 73
285596 72
285703 72
285809 70
285915 71
286023 71
286129 71
286236 70
286342 73
286449 69
286555 73
286661 72
286768 73
286874 72
286980 69
287088 71
287194 72
287301 72
287407 72
287513 73
287620 71
287726 72
287833 72
287939 72
288046 73
288153 72
288259 71
288366 72
288472 71
288578 75
288685 71
288791 72
288898 75
289005 71
289111 73
289218 71
289324 71
289431 71
289537 73
289643 71
289750 72
289856 72
289962 73
290070 72
290176 72
290283 72
290389 72
290496 74
290602 71
290708 74
290815 71
290921 73
291029 72
291135 72
291241 71
291348 70
291454 72
291560 71
291667 72
291773 70
291880 72
291988 71
292095 71
292201 71
292307 72
292414 72
292520 72
292627 72
292733 909
292839 908
292946 908
293053 909
293160 908
293266 908
293372 908
293479 910
293585 910
293692 909
293798 908
293904 909
294012 907
294118 908
294225 909
294331 909
294437 910
294544 909
294650 910
294757 909
294863 909
294969 910
295077 909
295183 910
295290 909
295396 911
295502 909
295609 909
295715 909
295821 922
295928 908
296035 909
296142 910
296248 70
296354 72
296461 72
296567 71
296674 72
296780 72
296886 71
296994 70
297100 71
297207 71
297313 73
297419 71
297526 72
297632 73
297739 73
297845 72
297951 72
298059 72
298165 72
298272 70
298378 72
298484 71
298591 70
298697 71
298804 71
298910 71
299017 72
299124 71
299230 72
299337 72
299443 71
299549 72
299656 72
299762 72
299868 74
299975 73
300082 74
300189 73
300295 72
300401 71
300508 71
300614 71
300721 71
300827 71
300933 72
301041 72
301147 72
301254 72
301360 72
301466 72
301573 73
301679 72
301786 71
301892 72
301999 72
302106 73
302212 72
302319 72
302425 73
302531 72
302638 71
302744 72
302851 72
302957 72
303064 72
303171 73
303277 72
303384 72
303490 72
303596 72
303703 71
303809 71
303915 73
304023 72
304129 71
304236 71
304342 72
304449 72
304555 72
304661 71
304768 71
304874 71
304980 71
305088 72
305194 72
305301 72
305407 71
305513 72
305620 72
305726 72
305833 72
305939 73
306046 71
306153 72
306259 72
306366 73
306472 72
306578 71
306685 72
306791 71
306898 72
307005 72
307111 71
307218 73
307324 71
307431 73
307537 71
307643 71
307750 71
307856 71
307962 72
308070 72
308176 72
308283 71
308389 72
308496 72
308602 71
308708 73
308815 72
308921 72
309029 72
309135 72
309241 73
309348 71
309454 68
309560 73
309667 72
309773 73
309880 71
309988 912
310095 908
310201 910
310307 910
310414 909
310520 910
310627 909
310733 909
310839 909
310946 909
311053 909
311160 909
311266 910
311372 903
311479 909
311585 910
311692 909
311798 908
311904 909
312012 909
312118 910
312225 909
312331 908
312437 909
312544 909
312650 909
312757 909
312863 909
312969 910
313077 909
313183 909
313290 910
313396 914
313502 909
313609 72
313715 73
313821 71
313928 71
314035 72
314142 71
314248 72
314354 72
314461 72
314567 71
314674 71
314780 73
314886 72
314994 72
315100 72
315207 72
315313 72
315419 71
315526 71
315632 72
315739 71
315845 71
315951 72
316059 72
316165 72
316272 73
316378 71
316484 72
316591 73
316697 72
316804 71
316910 71
317017 72
317124 72
317230 72
317337 71
317443 71
317549 71
317656 71
317762 71
317868 70
317975 70
318082 71
318189 72
318295 72
318401 72
318508 72
318614 72
318721 72
318827 71
318933 71
319041 72
319147 72
319254 72
319360 70
319466 72
319573 72
319679 72
319786 71
319892 72
319999 72
320106 73
320212 72
320319 72
320425 71
320531 72
320638 74
320744 73
320851 73
320957 71
321064 73
321171 71
321277 72
321384 73
321490 73
321596 73
321703 71
321809 72
321915 73
322023 72
322129 71
322236 72
322342 70
322449 73
322555 73
322661 72
322768 72
322874 73
322980 72
323088 72
323194 71
323301 72
323407 71
323513 72
323620 72
323726 72
323833 71
323939 72
324046 72
324153 72
324259 73
324366 71
324472 69
324578 72
324685 71
324791 72
324898 72
325005 71
325111 72
325218 72
325324 71
325431 71
325537 89
325643 71
325750 72
325856 72
325962 72
326070 71
326176 71
326283 71
326389 71
326496 72
326602 72
326708 71
326815 73
326921 72
327029 71
327135 73
327241 71
327348 910
327454 909
327560 908
327667 909
327773 909
327880 910
327988 909
328095 909
328201 910
328307 910
328414 909
328520 909
328627 910
328733 908
328839 908
328946 908
329053 909
329160 909
329266 911
329372 908
329479 909
329585 908
329692 909
329798 911
329904 909
330012 909
330118 909
330225 909
330331 909
330437 910
330544 910
330650 909
330757 909
330863 910
330969 73
331077 72
331183 73
331290 72
331396 77
331502 72
331609 72
331715 71
331821 72
331928 72
332035 71
332142 72
332248 74
332354 71
332461 71
332567 73
332674 71
332780 72
332886 72
332994 72
333100 72
333207 73
333313 70
333419 72
333526 74
333632 71
333739 72
333845 72
333951 72
334059 70
334165 72
334272 72
334378 72
334484 73
334591 71
334697 72
334804 72
334910 72
335017 72
335124 72
335230 72
335337 72
335443 72
335549 72
335656 70
335762 72
335868 71
335975 72
336082 71
336189 71
336295 71
336401 71
336508 71
336614 72
336721 72
336827 72
336933 72
337041 71
337147 73
337254 72
337360 71
337466 72
337573 73
337679 72
337786 72
337892 72
337999 72
338106 72
338212 71
338319 73
338425 71
338531 72
338638 72
338744 71
338851 71
338957 71
339064 72
339171 71
339277 71
339384 71
339490 70
339596 72
339703 71
339809 71
339915 73
340023 73
340129 72
340236 72
340342 72
340449 73
340555 73
340661 72
340768 72
340874 72
340980 62
341088 71
341194 71
341301 71
341407 72
341513 74
341620 72
341726 72
341833 72
341939 72
342046 72
342153 72
342259 72
342366 73
342472 72
342578 71
342685 71
342791 71
342898 78
343005 71
343111 71
343218 72
343324 71
343431 72
343537 72
343643 73
343750 73
343856 72
343962 71
344070 73
344176 73
344283 71
344389 72
344496 73
344602 72
344708 909
344815 909
344921 911
345029 909
345135 908
345241 909
345348 913
345454 909
345560 909
345667 909
345773 909
345880 909
345988 909
346095 909
346201 908
346307 908
346414 908
346520 909
346627 909
346733 908
346839 909
346946 909
347053 909
347160 909
347266 917
347372 909
347479 909
347585 911
347692 909
347798 913
347904 909
348012 909
348118 909
348225 71
348331 72
348437 71
348544 72
348650 72
348757 72
348863 73
348969 73
349077 71
349183 72
349290 72
349396 71
349502 72
349609 72
349715 71
349821 73
349928 72
350035 72
350142 73
350248 72
350354 72
350461 72
350567 72
350674 72
350780 72
350886 72
350994 74
351100 72
351207 72
351313 72
351419 71
351526 73
351632 70
351739 72
351845 74
351951 72
352059 72
352165 71
352272 72
352378 72
352484 74
352591 57
352697 71
352804 71
352910 72
353017 72
353124 70
353230 73
353337 72
353443 70
353549 71
353656 72
353762 72
353868 72
353975 72
354082 72
354189 71
354295 72
354401 72
354508 72
354614 72
354721 72
354827 71
354933 72
355041 71
355147 73
355254 72
355360 71
355466 71
355573 72
355679 72
355786 73
355892 72
355999 71
356106 72
356212 72
356319 72
356425 73
356531 71
356638 71
356744 69
356851 72
356957 71
357064 73
357171 69
357277 72
357384 71
357490 71
357596 75
357703 71
357809 72
357915 71
358023 72
358129 71
358236 70
358342 72
358449 72
358555 72
358661 72
358768 71
358874 71
358980 71
359088 72
359194 71
359301 72
359407 71
359513 73
359620 72
359726 72
359833 73
359939 74
360046 71
360153 72
360259 72
360366 72
360472 70
360578 71
360685 67
360791 72
360898 69
361005 77
361111 71
361218 71
361324 72
361431 72
361537 72
361643 73
361750 71
361856 72
361962 911
362070 909
362176 910
362283 909
362389 909
362496 911
362602 910
362708 908
362815 909
362921 910
363029 910
363135 909
363241 909
363348 909
363454 908
363560 910
363667 909
363773 910
363880 910
363988 909
364095 909
364201 909
364307 909
364414 909
364520 910
364627 909
364733 911
364839 909
364946 909
365053 909
365160 910
365266 907
365372 910
365479 909
365585 73
365692 71
365798 70
365904 71
366012 72
366118 73
366225 72
366331 71
366437 71
366544 72
366650 71
366757 72
366863 71
366969 72
367077 73
367183 71
367290 71
367396 72
367502 71
367609 72
367715 70
367821 72
367928 72
368035 72
368142 71
368248 72
368354 73
368461 72
368567 72
368674 71
368780 72
368886 72
368994 71
369100 72
369207 72
369313 71
369419 71
369526 70
369632 72
369739 72
369845 72
369951 72
370059 73
370165 72
370272 72
370378 72
370484 74
370591 72
370697 73
370804 71
370910 73
371017 72
371124 72
371230 73
371337 72
371443 72
371549 71
371656 71
371762 72
371868 70
371975 72
372082 71
372189 71
372295 71
372401 70
372508 72
372614 78
372721 72
372827 72
372933 71
373041 71
373147 72
373254 71
373360 72
373466 73
373573 74
373679 73
373786 72
373892 71
373999 72
374106 71
374212 48
374319 71
374425 72
374531 72
374638 71
374744 75
374851 72
374957 71
375064 72
375171 71
375277 72
375384 72
375490 72
375596 72
375703 72
375809 71
375915 72
376023 72
376129 70
376236 71
376342 72
376449 71
376555 73
376661 72
376768 72
376874 73
376980 74
377088 72
377194 72
377301 71
377407 70
377513 73
377620 73
377726 71
377833 71
377939 72
378046 70
378153 72
378259 71
378366 71
378472 71
378578 72
378685 72
378791 72
378898 71
379005 71
379111 71
379218 72
379324 909
379431 909
379537 909
379643 908
379750 909
379856 909
379962 910
380070 909
380176 908
380283 910
380389 908
380496 913
380602 909
380708 909
380815 909
380921 909
381029 909
381135 903
381241 910
381348 909
381454 910
381560 910
381667 909
381773 909
381880 909
381988 910
382095 910
382201 909
382307 910
382414 909
382520 910
382627 910
382733 908
382839 71
382946 79
383053 72
383160 73
383266 73
383372 72
383479 71
383585 71
383692 73
383798 71
383904 72
384012 72
384118 70
384225 72
384331 72
384437 72
384544 70
384650 73
384757 71
384863 72
384969 71
385077 72
385183 72
385290 71
385396 79
385502 72
385609 72
385715 72
385821 70
385928 70
386035 72
386142 72
386248 72
386354 71
386461 72
386567 72
386674 72
386780 71
386886 73
386994 72
387100 71
387207 72
387313 72
387419 70
387526 74
387632 71
387739 72
387845 72
387951 72
388059 72
388165 71
388272 73
388378 72
388484 71
388591 72
388697 71
388804 72
388910 72
389017 73
389124 72
389230 72
389337 71
389443 71
389549 72
389656 72
389762 72
389868 71
389975 72
390082 73
390189 72
390295 77
390401 72
390508 73
390614 72
390721 73
390827 72
390933 72
391041 71
391147 71
391254 72
391360 71
391466 72
391573 72
391679 72
391786 72
391892 71
391999 72
392106 71
392212 71
392319 72
392425 78
392531 71
392638 72
392744 71
392851 71
392957 72
393064 72
393171 72
393277 72
393384 71
393490 71
393596 73
393703 72
393809 71
393915 71
394023 72
394129 71
394236 73
394342 60
394449 73
394555 73
394661 72
394768 70
394874 74
394980 72
395088 71
395194 71
395301 71
395407 72
395513 71
395620 72
395726 71
395833 71
395939 72
396046 71
396153 71
396259 72
396366 71
396472 72
396578 73
396685 909
396791 908
396898 910
397005 909
397111 910
397218 909
397324 909
397431 909
397537 909
397643 909
397750 909
397856 909
397962 909
398070 908
398176 909
398283 910
398389 909
398496 905
398602 909
398708 908
398815 908
398921 908
399029 908
399135 908
399241 908
399348 909
399454 909
399560 909
399667 909
399773 910
399880 909
399988 909
400095 909
400201 72
400307 71
400414 72
400520 71
400627 73
400733 73
400839 71
400946 72
401053 72
401160 72
401266 73
401372 72
401479 71
401585 72
401692 72
401798 75
401904 73
402012 72
402118 72
402225 71
402331 72
402437 73
402544 72
402650 72
402757 72
402863 74
402969 72
403077 79
403183 71
403290 72
403396 71
403502 72
403609 73
403715 71
403821 72
403928 72
404035 72
404142 72
404248 72
404354 71
404461 72
404567 71
404674 73
404780 71
404886 71
404994 72
405100 71
405207 72
405313 71
405419 72
405526 71
405632 72
405739 72
405845 71
405951 71
406059 71
406165 72
406272 72
406378 72
406484 72
406591 71
406697 71
406804 71
406910 72
407017 71
407124 70
407230 72
407337 72
407443 72
407549 73
407656 54
407762 73
407868 71
407975 72
408082 79
408189 72
408295 72
408401 71
408508 70
408614 71
408721 73
408827 71
408933 71
409041 72
409147 72
409254 71
409360 71
409466 71
409573 73
409679 72
409786 72
409892 72
409999 71
410106 72
410212 71
410319 73
410425 71
410531 72
410638 72
410744 70
410851 72
410957 72
411064 72
411171 68
411277 72
411384 71
411490 72
411596 73
411703 72
411809 71
411915 72
412023 71
412129 72
412236 72
412342 70
412449 71
412555 72
412661 71
412768 73
412874 73
412980 71
413088 72
413194 72
413301 71
413407 71
413513 73
413620 70
413726 73
413833 72
413939 909
414046 908
414153 910
414259 910
414366 909
414472 910
414578 909
414685 909
414791 909
414898 910
415005 908
415111 908
415218 908
415324 908
415431 910
415537 909
415643 909
415750 907
415856 909
415962 909
416070 909
416176 909
416283 909
416389 909
416496 910
416602 909
416708 909
416815 909
416921 902
417029 909
417135 909
417241 910
417348 909
417454 909
417560 73
417667 72
417773 71
417880 72
417988 73
418095 70
418201 72
418307 71
418414 70
418520 63
418627 71
418733 72
418839 72
418946 71
419053 71
419160 72
419266 72
419372 71
419479 72
419585 75
419692 71
419798 71
419904 72
420012 71
420118 71
420225 70
420331 71
420437 71
420544 72
420650 72
420757 73
420863 72
420969 71
421077 72
421183 72
421290 73
421396 73
421502 71
421609 75
421715 73
421821 73
421928 72
422035 72
422142 71
422248 72
422354 72
422461 72
422567 72
422674 72
422780 71
422886 73
422994 72
423100 72
423207 72
423313 72
423419 72
423526 71
423632 72
423739 72
423845 70
423951 72
424059 71
424165 72
424272 73
424378 72
424484 72
424591 72
424697 72
424804 72
424910 71
425017 71
425124 72
425230 71
425337 73
425443 72
425549 71
425656 72
425762 72
425868 72
425975 70
426082 71
426189 71
426295 71
426401 71
426508 70
426614 71
426721 72
426827 71
426933 72
427041 71
427147 72
427254 71
427360 72
427466 73
427573 72
427679 71
427786 72
427892 71
427999 72
428106 72
428212 71
428319 73
428425 72
428531 72
428638 72
428744 71
428851 72
428957 71
429064 71
429171 71
429277 72
429384 69
429490 72
429596 72
429703 71
429809 71
429915 72
430023 72
430129 72
430236 73
430342 71
430449 73
430555 72
430661 71
430768 73
430874 71
430980 71
431088 70
431194 72
431301 908
431407 909
431513 909
431620 910
431726 909
431833 909
431939 909
432046 901
432153 910
432259 908
432366 907
432472 909
432578 909
432685 909
432791 910
432898 909
433005 912
433111 910
433218 909
433324 909
433431 910
433537 909
433643 909
433750 909
433856 909
433962 910
434070 910
434176 908
434283 910
434389 908
434496 910
434602 910
434708 908
434815 71
434921 72
435029 74
435135 71
435241 72
435348 73
435454 71
435560 72
435667 73
435773 71
435880 71
435988 72
436095 70
436201 72
