47 843
154 850
260 858
367 863
473 869
579 875
686 878
792 883
899 886
1006 889
1112 891
1219 894
1325 895
1432 897
1538 898
1644 899
1751 893
1857 891
1963 891
2071 885
2177 881
2284 878
2390 874
2497 868
2603 862
2709 855
2816 848
2922 841
3030 833
3136 825
3242 815
3349 805
3455 796
3561 785
3668 772
3774 753
3881 750
3988 738
4095 726
4201 713
4307 698
4414 686
4520 671
4626 657
4733 643
4839 628
4946 611
5053 599
5160 582
5266 566
5372 552
5479 536
5585 519
5691 504
5798 488
5904 471
6012 454
6118 439
6224 421
6331 406
6437 389
6544 371
6650 358
6756 342
6863 328
6969 312
7077 297
7183 300
7289 268
7396 252
7502 238
7609 231
7715 209
7821 199
7928 185
8035 172
8142 159
8248 149
8354 138
8461 127
8567 115
8673 108
8780 98
8886 88
8994 82
9100 72
9207 66
9313 60
9419 53
9526 48
9632 44
9738 40
9845 35
9951 32
10059 29
10165 26
10271 24
10378 23
10484 22
10591 24
10697 34
10803 27
10910 31
11017 34
11124 37
11230 42
11336 46
11443 50
11549 58
11656 64
11762 71
11868 78
11975 86
12082 94
12189 105
12295 113
12401 124
12508 133
12614 146
12720 156
12827 169
12933 181
13041 193
13147 206
13254 219
13360 238
13466 249
13573 262
13679 275
13785 292
13892 307
13999 323
14106 337
14212 353
14318 370
14425 386
14531 402
14638 417
14744 433
14850 453
14957 463
15064 484
15171 500
15277 516
15383 532
15490 536
15596 563
15703 579
15809 594
15915 607
16023 624
16129 638
16236 654
16342 669
16448 682
16555 695
16661 709
16768 722
16874 735
16980 748
17088 762
17194 771
17301 783
17407 792
17513 803
17620 809
17726 822
17832 831
17939 839
18046 847
18153 854
18259 861
18365 867
18472 873
18578 878
18685 875
18791 885
18897 888
19005 891
19111 893
19218 896
19324 897
19430 897
19537 897
19643 895
19750 892
19856 891
19962 887
20070 884
20176 881
20283 876
20389 870
20495 865
20602 858
20708 852
20815 846
20921 837
21028 828
21135 820
21241 812
21348 801
21454 790
21560 779
21667 768
21773 757
21879 745
21986 732
22093 717
22200 705
22306 691
22413 678
22519 664
22625 650
22732 635
22838 620
22944 604
23052 590
23158 574
23265 558
23371 542
23477 527
23584 512
23690 493
23797 479
23903 462
24010 446
24117 430
24223 413
24330 400
24436 378
24542 364
24649 350
24755 335
24862 319
24968 303
25075 289
25182 272
25288 260
25395 246
25501 231
25607 218
25714 204
25820 191
25926 179
26034 166
26140 154
26247 143
26353 132
26460 119
26566 112
26672 103
26779 93
26885 84
26993 78
27099 70
27205 62
27312 58
27418 49
27524 46
27631 43
27737 34
27844 35
27950 30
28057 26
28164 26
28270 25
28377 22
28483 24
28589 25
28696 26
28802 30
28909 34
29016 35
29122 40
29229 45
29335 50
29442 55
29548 62
29654 67
29761 75
29867 83
29973 90
30081 100
30187 110
30294 118
30400 128
30507 141
30613 152
30719 163
30826 145
30932 188
31040 201
31146 215
31252 228
31359 240
31465 255
31571 270
31678 285
31784 302
31891 314
31998 331
32105 346
32211 361
32317 378
32424 394
32530 408
32636 425
32743 443
32849 459
32956 473
33063 492
33169 508
33276 524
33382 541
33489 556
33595 570
33701 585
33808 599
33914 616
34022 632
34128 647
34234 660
34341 675
34447 689
34554 702
34660 717
34766 729
34873 742
34979 754
35087 766
35193 778
35299 790
35406 798
35512 809
35618 822
35725 828
35831 835
35938 843
36045 851
36152 857
36258 865
36364 870
36471 875
36577 880
36683 884
36790 886
36896 890
37004 893
37110 894
37216 896
37323 898
37429 897
37536 895
37642 894
37748 896
37855 889
37961 886
38069 882
38175 878
38281 873
38388 867
38494 862
38601 855
38707 847
38813 841
38920 831
39027 823
39134 815
39240 805
39346 795
39453 785
39559 772
39665 762
39772 751
39878 738
39985 724
40092 711
40199 698
40305 684
40411 671
40518 657
40624 642
40730 627
40837 612
40943 596
41051 582
41157 565
41264 550
41370 535
41476 519
41583 503
41689 485
41795 468
41902 453
42009 438
42116 421
42222 404
42328 388
42435 373
42541 356
42648 342
42754 326
42860 310
42967 297
43074 282
43181 266
43287 252
43393 238
43500 223
43606 210
43713 198
43819 184
43925 172
44033 159
44139 149
44246 136
44352 126
44458 116
44565 106
44671 98
44777 89
44884 79
44991 73
45098 66
45204 61
45311 54
45417 48
45523 43
45630 39
45736 34
45842 31
45949 30
46056 26
46163 25
46269 21
46375 21
46482 24
46588 27
46695 28
46801 32
46907 34
47015 38
47121 42
47228 47
47334 52
47440 57
47547 64
47653 72
47760 77
47866 87
47972 96
48080 104
48186 115
48293 124
48399 136
48505 147
48612 157
48718 168
48824 179
48931 195
49038 208
49145 222
49251 235
49358 247
49464 264
49570 278
49677 294
49783 309
49889 324
49997 340
50103 355
50210 370
50316 387
50422 402
50529 418
50635 435
50742 451
50848 466
50954 485
51062 501
51168 517
51275 533
51381 548
51487 562
51594 578
51700 594
51807 609
51913 624
52020 640
52127 654
52233 669
52340 684
52446 696
52552 710
52659 730
52765 737
52872 749
52978 762
53085 773
53192 783
53298 795
53405 804
53511 814
53617 823
53724 832
53830 840
53936 847
54044 855
54150 861
54257 866
54363 872
54469 877
54576 883
54682 884
54789 887
54895 890
55003 894
55109 896
55215 887
55322 898
55428 897
55534 895
55641 894
55747 891
55854 888
55960 884
56067 880
56174 876
56280 870
56387 864
56493 860
56599 851
56706 844
56812 837
56919 828
57026 819
57132 811
57239 798
57345 789
57452 779
57558 766
57664 756
57771 744
57877 731
57983 719
58090 704
58196 691
58303 676
58409 663
58515 650
58622 634
58728 618
58834 603
58941 587
59048 572
59155 557
59261 542
59367 524
59474 510
59580 494
59687 477
59793 462
59899 445
60007 428
60113 411
60220 395
60326 379
60432 367
60539 349
60645 332
60752 318
60858 300
60964 287
61072 272
61178 257
61285 244
61391 230
61497 216
61604 204
61710 191
61817 177
61923 165
62030 155
62137 143
62243 131
62350 120
62456 111
62562 101
62669 92
62775 97
62881 76
62989 67
63095 62
63202 55
63308 51
63415 46
63521 39
63627 37
63734 31
63840 29
63946 28
64054 24
64160 22
64267 22
64373 23
64479 24
64586 27
64692 29
64799 33
64905 39
65012 40
65119 44
65225 50
65332 56
65438 62
65544 69
65651 76
65757 82
65864 91
65970 101
66077 110
66184 120
66290 130
66397 140
66503 153
66609 164
66716 176
66822 189
66928 200
67036 214
67142 228
67249 244
67355 258
67462 271
67568 287
67674 301
67781 318
67887 333
67995 346
68101 363
68207 377
68314 394
68420 411
68526 429
68633 444
68739 457
68846 477
68952 494
69059 509
69166 526
69272 540
69379 557
69485 572
69591 588
69698 603
69804 618
69911 633
70018 649
70124 663
70231 676
70337 691
70444 704
70550 716
70656 730
70763 744
70869 756
70975 766
71083 779
71189 790
71296 800
71402 809
71509 819
71615 828
71721 838
71828 843
71934 850
72042 858
72148 864
72254 870
72361 876
72467 880
72573 883
72680 886
72786 890
72893 892
73000 894
73107 895
73213 898
73319 897
73426 895
73532 889
73638 890
73745 887
73851 885
73958 887
74065 877
74171 873
74278 867
74384 861
74491 854
74597 848
74703 839
74810 833
74916 824
75024 812
75130 805
75236 795
75343 786
75449 773
75556 762
75662 749
75768 737
75875 724
75981 703
76089 697
76195 683
76301 669
76408 655
76514 639
76620 625
76727 610
76833 594
76940 581
77047 564
77154 549
77260 533
77366 517
77473 501
77579 485
77685 468
77792 452
77898 436
78006 419
78112 406
78218 387
78325 371
78431 355
78538 340
78644 323
78750 311
78857 295
78963 278
79071 265
79177 249
79283 237
79390 223
79496 208
79603 196
79709 182
79815 170
79922 158
80029 146
80136 135
80242 125
80348 112
80455 106
80561 95
80667 86
80774 80
80880 71
80988 66
81094 58
81201 53
81307 47
81413 42
81520 38
81626 35
81733 26
81839 28
81945 27
82053 25
82159 24
82266 23
82372 24
82478 26
82585 28
82691 31
82797 32
82904 36
83011 43
83118 46
83224 51
83331 59
83437 70
83543 72
83650 80
83756 88
83862 97
83969 107
84076 114
84183 126
84289 137
84395 147
84502 160
84608 171
84715 182
84821 196
84927 211
85035 220
85141 236
85248 251
85354 265
85460 279
85567 298
85673 309
85780 325
85886 340
85993 356
86100 373
86206 387
86313 404
86419 421
86525 437
86632 453
86738 469
86845 485
86951 501
87058 518
87165 535
87271 550
87378 565
87484 580
87590 596
87697 611
87803 626
87909 641
88017 656
88123 672
88230 684
88336 698
88442 712
88549 724
88655 738
88762 750
88868 761
88974 774
89082 786
89188 794
89295 806
89401 815
89507 823
89614 832
89720 842
89827 847
89933 855
90040 860
90147 867
90253 873
90360 879
90466 882
90572 885
90679 889
90785 889
90892 893
90999 896
91105 899
91212 898
91318 896
91425 895
91531 891
91637 889
91744 886
91850 884
91956 872
92064 875
92170 870
92277 865
92383 857
92489 850
92596 844
92702 836
92809 827
92915 819
93023 808
93129 798
93235 789
93342 777
93448 766
93554 753
93661 743
93767 729
93874 716
93980 702
94087 689
94194 676
94300 661
94407 646
94513 632
94619 617
94726 602
94832 586
94939 571
95046 555
95152 541
95259 532
95365 509
95472 492
95578 475
95684 460
95791 444
95897 427
96005 410
96111 395
96217 377
96324 364
96430 348
96537 331
96643 344
96749 301
96856 284
96962 272
97070 257
97176 243
97282 229
97389 215
97495 202
97601 189
97708 177
97814 163
97921 151
98028 141
98134 129
98241 99
98347 111
98454 100
98560 90
98666 84
98773 73
98879 67
98986 62
99093 55
99199 50
99306 45
99412 40
99519 36
99625 32
99731 31
99838 28
99944 27
100052 23
100158 22
100264 25
100371 24
100477 27
100584 31
100690 32
100796 36
100903 40
101010 44
101117 51
101223 56
101329 62
101436 68
101542 76
101648 85
101755 92
101861 101
101968 111
102075 121
102182 131
102288 141
102394 154
102501 165
102607 178
102713 189
102820 204
102926 216
103034 229
103140 243
103246 259
103353 273
103459 288
103566 302
103672 319
103778 333
103885 350
103992 366
104099 381
104205 396
104311 413
104418 430
104524 445
104631 462
104737 478
104843 496
104950 510
105057 528
105164 534
105270 558
105376 574
105483 590
105589 605
105695 626
105802 636
105908 649
106016 664
106122 679
106229 692
106335 706
106441 719
106548 732
106654 745
106760 757
106867 769
106973 780
107081 791
107187 800
107293 811
107400 821
107506 829
107613 837
107719 845
107825 851
107932 857
108039 866
108146 870
108252 876
108358 867
108465 884
108571 887
108678 891
108784 892
108890 894
108998 897
109104 898
109211 897
109317 895
109423 893
109530 891
109636 888
109743 885
109849 881
109955 876
110063 871
110169 866
110276 863
110382 854
110488 846
110595 840
110701 830
110807 820
110914 814
111021 800
111128 793
111234 782
111340 771
111447 760
111553 748
111660 734
111766 722
111872 709
111979 696
112086 689
112193 668
112299 653
112405 638
112512 624
112618 607
112725 593
112831 578
112937 563
113045 545
113151 531
113258 515
113364 498
113470 484
113577 467
113683 451
113790 434
113896 417
114003 400
114110 385
114216 369
114323 354
114429 337
114535 323
114642 307
114748 294
114854 276
114961 261
115068 249
115175 234
115281 221
115387 208
115494 194
115600 181
115707 170
115813 157
115919 146
116027 135
116133 123
116240 114
116346 104
116452 94
116559 87
116665 80
116772 74
116878 65
116984 59
117092 52
117198 47
117305 43
117411 37
117517 35
117624 33
117730 30
117837 25
117943 24
118050 22
118157 23
118263 24
118370 27
118476 29
118582 31
118689 37
118795 39
118902 43
119009 48
119115 52
119222 60
119328 90
119435 79
119541 81
119647 89
119754 98
119860 107
119966 117
120074 127
120180 123
120287 148
120393 160
120499 172
120606 186
120712 198
120819 210
120925 225
121033 238
121139 254
121245 267
121352 282
121458 296
121564 312
121671 327
121777 343
121884 357
121991 374
122097 389
122204 406
122310 422
122417 439
122523 455
122629 471
122736 488
122842 504
122949 520
123056 536
123162 552
123269 567
123375 583
123482 598
123588 614
123694 638
123801 643
123907 658
124015 673
124121 685
124227 700
124334 713
124440 726
124547 739
124653 752
124759 764
124866 774
124972 787
125080 797
125186 807
125292 816
125399 825
125505 833
125611 841
125718 850
125824 855
125931 861
126038 868
126144 874
126251 879
126357 882
126464 886
126570 888
126676 892
126783 893
126889 896
126997 898
127103 897
127209 897
127316 895
127422 892
127529 887
127635 886
127741 882
127848 879
127954 875
128062 869
128168 863
128274 857
128381 850
128487 843
128594 835
128700 827
128806 816
128913 808
129020 797
129127 788
129233 776
129339 765
129446 753
129552 740
129658 728
129765 714
129871 701
129978 688
130085 674
130191 660
130298 644
130404 630
130511 615
130617 596
130723 585
130830 572
130936 553
131044 539
131150 522
131256 506
131363 490
131469 474
131576 457
131682 440
131788 425
131895 408
132002 392
132109 376
132215 365
132321 344
132428 330
132534 313
132641 298
132747 279
132853 269
132960 254
133067 240
133174 228
133280 213
133386 202
133493 187
133599 175
133705 163
133812 149
133918 139
134026 130
134132 119
134239 108
134345 99
134451 92
134558 83
134664 75
134770 68
134877 60
134983 57
135089 50
135196 43
135302 40
135409 37
135515 33
135621 29
135728 26
135834 24
135941 22
136048 23
136154 23
136261 25
136367 29
136474 31
136580 33
136686 38
136793 41
136899 45
137007 50
137113 57
137219 62
137326 72
137432 77
137539 84
137645 94
137751 103
137858 112
137964 121
138072 133
138178 143
138284 155
138391 166
138497 179
138603 193
138710 205
138816 218
138923 232
139030 247
139136 258
139243 275
139349 290
139456 305
139562 320
139668 337
139775 351
139881 367
139989 382
140095 398
140201 415
140308 430
140414 446
140521 464
140627 480
140733 496
140840 512
140946 529
141054 544
141160 560
141266 575
141373 590
141479 608
141586 621
141692 636
141798 651
141905 664
142012 679
142119 694
142225 707
142331 719
142438 733
142544 747
142650 758
142757 765
142863 779
142970 792
143077 802
143183 811
143290 821
143396 831
143503 839
143609 845
143715 853
143822 859
143928 866
144036 874
144142 877
144248 880
144355 884
144461 883
144568 890
144674 894
144780 895
144887 898
144994 899
145101 897
145207 896
145313 894
145420 891
145526 888
145633 885
145739 881
145845 876
145952 871
146059 864
146166 859
146272 854
146378 847
146485 839
146591 836
146697 822
146804 812
146910 802
147018 792
147124 781
147231 770
147337 758
147443 747
147550 734
147656 718
147762 707
147869 694
147975 681
148083 666
148189 653
148295 636
148402 622
148508 608
148615 592
148721 576
148827 561
148934 546
149041 530
149148 514
149254 497
149360 480
149467 464
149573 448
149680 429
149786 415
149892 400
150000 382
150106 368
150213 353
150319 336
150425 322
150532 306
150638 289
150744 278
150851 259
150957 247
151065 233
151171 219
151278 208
151384 193
151490 181
151597 167
151703 156
151809 145
151916 134
152023 124
152130 113
152236 104
152342 93
152449 87
152555 77
152662 71
152768 65
152874 56
152981 41
153088 48
153195 41
153301 38
153407 32
153514 20
153620 26
153727 27
153833 25
153939 21
154047 24
154153 24
154260 26
154366 30
154472 32
154579 34
154685 40
154791 43
154898 48
155005 56
155112 59
155218 66
155325 74
155431 83
155537 87
155644 97
155750 107
155856 122
155963 127
156070 138
156177 149
156283 162
156389 174
156496 185
156602 199
156709 213
156815 225
156921 239
157029 253
157135 268
157242 282
157348 297
157454 313
157561 329
157667 343
157774 360
157880 375
157988 390
158094 407
158201 424
158307 441
158414 457
158520 473
158626 489
158733 505
158839 522
158946 538
159053 552
159159 570
159266 583
159372 599
159479 615
159585 629
159691 646
159798 659
159904 674
160012 687
160118 699
160224 714
160331 714
160437 741
160544 752
160650 764
160756 776
160863 787
160969 789
161077 807
161183 816
161289 827
161396 835
161502 841
161608 849
161715 858
161821 863
161928 869
162035 874
162141 878
162248 882
162354 886
162461 889
162567 891
162673 896
162780 896
162886 898
162994 899
163100 896
163206 893
163313 892
163419 889
163526 885
163632 884
163738 878
163845 873
163951 867
164059 864
164165 857
164271 850
164378 841
164484 834
164591 825
164697 817
164803 806
164910 796
165017 786
165124 775
165230 764
165336 752
165443 739
165549 727
165655 714
165762 700
165868 687
165975 673
166082 658
166188 649
166295 629
166401 614
166508 599
166614 582
166720 566
166827 554
166933 536
167041 521
167147 506
167253 488
167360 472
167466 456
167573 440
167679 425
167785 406
167892 390
167999 374
168106 360
168212 344
168318 328
168425 314
168531 299
168638 283
168744 268
168850 255
168957 236
169064 227
169171 212
169277 198
169383 186
169490 174
169596 161
169702 150
169809 139
169915 127
170023 119
170129 107
170236 97
170342 90
170448 82
170555 74
170661 67
170767 61
170874 55
170980 49
171088 45
171194 39
171300 35
171407 35
171513 29
171620 27
171726 26
171832 23
171939 21
172046 24
172153 26
172259 27
172365 31
172472 33
172578 37
172685 42
172791 45
172897 51
173005 57
173111 64
173218 69
173324 79
173430 85
173537 94
173643 104
173749 115
173856 123
173962 134
174070 144
174176 156
174283 167
174389 179
174495 192
174602 206
174708 220
174814 233
174921 248
175028 262
175135 275
175241 292
175347 306
175454 322
175560 337
175667 352
175773 368
175879 384
175986 400
176093 416
176200 433
176306 449
176412 464
176519 483
176625 498
176732 512
176838 531
176944 546
177052 561
177158 576
177265 592
177371 608
177477 623
177584 638
177690 653
177797 667
177903 673
178010 694
178117 708
178223 721
178330 733
178436 747
178542 759
178649 770
178755 783
178861 792
178968 803
179075 814
179182 822
179288 830
179394 839
179501 847
179607 853
179714 860
179820 865
179926 871
180034 877
180140 883
180247 884
180353 888
180459 889
180566 893
180672 895
180779 896
180885 898
180992 897
181099 894
181205 885
181312 891
181418 887
181524 884
181631 880
181737 876
181844 870
181950 864
182057 859
182164 851
182270 845
182377 837
182483 829
182589 821
182696 812
182802 801
182908 791
183016 781
183122 769
183229 759
183335 744
183442 732
183548 720
183654 706
183761 692
183867 678
183973 665
184081 650
184187 636
184294 621
184400 605
184506 590
184613 575
184719 559
184826 544
184932 527
185039 511
185146 497
185252 479
185359 462
185465 447
185571 431
185678 413
185784 398
185891 382
185998 365
186104 350
186211 335
186317 320
186424 305
186530 290
186636 273
186743 256
186849 246
186955 229
187063 218
187169 206
187276 190
187382 179
187489 167
187595 154
187701 143
187808 134
187914 122
188022 112
188128 103
188234 93
188341 85
188447 77
188553 70
188660 64
188766 57
188873 52
188979 48
189086 40
189193 38
189299 34
189406 33
189512 28
189618 25
189725 23
189831 22
189938 23
190045 24
190151 26
190258 29
190364 33
190471 34
190577 41
190683 42
190790 49
190896 54
191004 61
191110 67
191216 75
191323 82
191429 89
191536 99
191642 106
191748 119
191855 128
191961 140
192069 150
192175 162
192281 175
192388 187
192494 199
192600 213
192707 226
192813 241
192920 256
193027 269
193134 284
193240 297
193346 314
193453 328
193559 345
193665 360
193772 376
193878 393
193985 408
194092 426
194198 441
194305 458
194411 475
194518 492
194624 505
194730 523
194837 540
194943 553
195051 571
195157 587
195263 601
195370 615
195476 632
195583 646
195689 661
195795 676
195902 688
196009 703
196116 716
196222 729
196328 741
196435 753
196541 766
196648 777
196754 790
196860 800
196967 808
197074 818
197181 827
197287 836
197393 843
197500 850
197606 856
197712 863
197819 871
197925 881
198033 880
198139 883
198246 886
198352 889
198458 892
198565 894
198671 897
198777 899
198884 897
198991 896
199098 893
199204 892
199310 890
199417 886
199523 882
199630 879
199736 872
199842 868
199949 863
200056 855
200163 848
200269 842
200375 834
200482 824
200588 816
200695 806
200801 797
200907 785
201015 774
201121 762
201228 752
201334 740
201440 726
201547 711
201653 699
201759 685
201866 671
201972 658
202080 643
202186 627
202293 612
202399 596
202505 580
202612 567
202718 551
202824 537
202931 521
203038 503
203145 487
203251 470
203357 454
203464 438
203570 422
203677 404
203783 388
203889 372
203997 358
204103 342
204210 327
204316 311
204422 296
204529 281
204635 268
204742 252
204848 238
204954 224
205062 212
205168 198
205275 184
205381 170
205487 160
205594 148
205700 138
205806 127
205913 116
206020 109
206127 99
206233 87
206340 80
206446 74
206552 67
206659 60
206765 54
206871 48
206978 43
207085 37
207192 35
207298 32
207404 30
207511 27
207617 23
207724 24
207830 24
207936 22
208044 26
208150 28
208257 30
208363 34
208469 38
208576 41
208682 56
208789 52
208895 58
209002 65
209109 71
209215 78
209322 87
209428 95
209534 103
209641 114
209747 124
209854 133
209960 146
210067 156
210174 168
210280 180
210387 194
210493 207
210599 221
210706 237
210812 248
210918 262
211026 277
211132 291
211239 308
211345 321
211451 339
211558 354
211664 369
211771 384
211877 402
211983 417
212090 433
212196 450
212303 467
212409 483
212515 500
212622 516
212728 531
212835 548
212941 563
213048 577
213155 594
213261 609
213368 624
213474 638
213580 654
213687 668
213793 682
213899 697
214007 708
214113 723
214220 736
214326 748
214433 762
214539 779
214645 783
214752 793
214858 803
214964 814
215072 823
215178 831
215285 839
215391 846
215497 855
215604 861
215710 867
215817 873
215923 877
216030 879
216137 884
216243 887
216350 891
216456 890
216562 895
216669 897
216775 899
216882 896
216989 895
217095 892
217202 891
217308 886
217415 883
217521 879
217627 875
217734 872
217840 866
217946 859
218054 852
218160 844
218267 836
218373 829
218480 820
218586 811
218692 802
218799 790
218905 780
219013 768
219119 757
219225 744
219332 721
219438 719
219544 705
219651 693
219757 678
219864 663
219970 650
220077 634
220184 620
220290 604
220397 589
220503 573
220609 559
220716 543
220822 528
220929 507
221036 494
221142 478
221249 462
221355 445
221462 429
221568 413
221674 398
221781 379
221887 366
221995 348
222101 335
222207 319
222314 304
222420 288
222527 273
222633 258
222739 244
222846 231
222952 218
223060 203
223166 190
223272 179
223379 165
223485 154
223591 142
223698 132
223804 121
223911 112
224018 100
224125 93
224231 79
224337 77
224444 70
224550 62
224656 57
224763 50
224869 46
224976 40
225083 37
225189 33
225296 31
225402 29
225509 24
225615 38
225721 22
225828 23
225934 24
226042 27
226148 29
226254 33
226361 36
226467 39
226574 44
226680 49
226786 54
226893 61
227000 68
227107 77
227213 81
227319 91
227426 100
227532 108
227638 119
227745 130
227851 140
227958 150
228065 163
228172 175
228278 189
228384 203
228491 214
228597 228
228703 242
228810 255
228916 272
229024 285
229130 301
229236 316
229343 331
229449 345
229556 358
229662 377
229768 393
229875 410
229981 427
230089 443
230195 458
230301 475
230408 491
230514 509
230621 524
230727 539
230833 556
230940 571
231047 587
231154 603
231260 618
231366 633
231473 646
231579 661
231685 676
231792 689
231898 703
232006 715
232112 730
232219 742
232325 755
232431 767
232538 779
232644 789
232750 800
232857 810
232963 818
233071 827
233177 836
233283 843
233390 850
233496 858
233603 864
233709 870
233815 875
233922 879
234029 882
234136 893
234242 889
234348 892
234455 894
234561 897
234668 897
234774 897
234880 896
234988 894
235094 892
235201 888
235307 887
235413 881
235520 877
235626 873
235733 868
235839 861
235945 854
236053 848
236159 841
236266 832
236372 824
236478 814
236585 804
236691 795
236797 785
236904 772
237011 763
237118 749
237224 737
237331 724
237437 710
237543 699
237650 684
237756 670
237862 655
237969 641
238076 626
238183 611
238289 595
238395 580
238502 565
238608 550
238715 535
238821 517
238927 507
239035 486
239141 469
239248 453
239354 438
239460 417
239567 403
239673 389
239780 372
239886 357
239993 341
240100 327
240206 310
240313 295
240419 281
240525 265
240632 250
240738 237
240845 224
240951 211
241058 196
241165 184
241271 171
241378 159
241484 149
241590 142
241697 124
241803 117
241909 105
242017 97
242123 89
242230 79
242336 73
242442 66
242549 59
242655 62
242762 49
242868 43
242974 39
243082 35
243188 31
243295 28
243401 27
243507 24
243614 21
243720 22
243827 23
243933 25
244040 27
244147 31
244253 32
244360 39
244466 43
244572 47
244679 52
244785 58
244892 64
244999 73
245105 77
245212 85
245318 96
245425 105
245531 115
245637 126
245744 136
245850 145
245956 158
246064 169
246170 183
246277 194
246383 210
246489 222
246596 235
246702 250
246809 263
246915 279
247023 294
247129 310
247235 325
247342 341
247448 354
247554 371
247661 387
247767 403
247874 418
247980 429
248087 452
248194 469
248300 486
248407 499
248513 517
248619 533
248726 549
248832 563
248939 581
249046 596
249152 608
249259 626
249365 640
249472 655
249578 670
249684 682
249791 697
249897 711
250005 728
250111 738
250217 750
250324 761
250430 779
250537 784
250643 795
250749 805
250856 815
250962 824
251070 832
251176 840
251282 847
251389 855
251495 862
251601 868
251708 872
251814 878
251921 882
252028 886
252134 889
252241 891
252347 894
252454 896
252560 897
252666 898
252773 896
252879 895
252986 892
253093 890
253199 887
253306 883
253412 881
253519 875
253625 869
253731 864
253838 857
253944 851
254052 844
254158 837
254264 827
254371 820
254477 809
254584 800
254690 788
254796 778
254903 766
255010 755
255117 743
255223 729
255329 715
255436 704
255542 690
255648 677
255755 662
255861 647
255968 632
256075 618
256182 603
256288 588
256394 573
256501 557
256607 542
256713 524
256820 508
256926 493
257034 477
257140 460
257246 443
257353 427
257459 411
257566 395
257672 379
257778 361
257885 349
257992 332
258099 316
258205 303
258311 286
258418 272
258524 257
258631 243
258737 228
258843 215
258950 202
259057 186
259164 177
259270 164
259376 152
259483 142
259589 135
259695 120
259802 111
259908 102
260016 91
260122 84
260229 76
260335 67
260441 62
260548 56
260654 49
260760 45
260867 42
260973 38
261081 33
261187 27
261293 28
261400 25
261506 23
261613 23
261719 26
261825 25
261932 26
262039 31
262146 34
262252 36
262358 40
262465 45
262571 50
262678 55
262784 69
262890 68
262998 76
263104 84
263211 90
263317 101
263423 109
263530 118
263636 131
263743 142
263849 152
263955 169
264063 179
264169 190
264276 203
264382 215
264488 230
264595 243
264701 256
264807 272
264914 286
265021 302
265128 318
265234 347
265340 349
265447 364
265553 380
265660 395
265766 411
265872 427
265979 442
266086 461
266193 478
266299 493
266405 507
266512 527
266618 542
266725 557
266831 573
266937 588
267045 603
267151 618
267258 635
267364 649
267470 663
267577 678
267683 691
267790 704
267896 719
268003 731
268110 743
268216 757
268323 767
268429 779
268535 790
268642 800
268748 810
268854 820
268961 829
269068 837
269175 844
269281 851
269387 858
269494 865
269600 870
269707 875
269813 881
269919 883
270027 887
270133 889
270240 892
270346 894
270452 897
270559 898
270665 897
270772 896
270878 893
270984 890
271092 890
271198 884
271305 881
271411 878
271517 872
271624 867
271730 864
271837 855
271943 847
272050 840
272157 831
272263 823
272370 814
272476 804
272582 793
272689 784
272795 773
272902 761
273009 749
273115 735
273222 722
273328 710
273435 696
273541 683
273647 669
273754 655
273860 639
273966 625
274074 609
274180 592
274287 580
274393 563
274499 548
274606 532
274712 516
274819 500
274925 483
275033 467
275139 451
275245 435
275352 418
275458 402
275564 385
275671 370
275777 354
275884 340
275991 324
276097 308
276204 294
276310 279
276417 263
276523 250
276629 232
276736 222
276842 209
276949 195
277056 183
277162 171
277269 157
277375 145
277482 134
277588 123
277694 114
277801 107
277907 95
278015 87
278121 81
278227 72
278334 65
278440 58
278547 52
278653 47
278759 43
278866 40
278972 34
279080 32
279186 29
279292 26
279399 24
279505 22
279611 23
279718 25
279824 27
279931 29
280038 33
280144 34
280251 37
280357 43
280464 48
280570 53
280676 60
280783 66
280889 72
280997 80
281103 88
281209 94
281316 106
281422 116
281529 125
281635 137
281741 150
281848 158
281954 171
282062 184
282168 196
282274 210
282381 222
282487 238
282594 252
282700 266
282806 281
282913 295
283020 311
283127 326
283233 341
283339 357
283446 373
283552 386
283658 406
283765 420
283871 438
283978 458
284085 470
284191 485
284298 504
284404 521
284511 536
284617 551
284723 566
284830 583
284936 597
285044 611
285150 628
285256 642
285363 657
285469 672
285576 686
285682 700
285788 712
285895 726
286002 739
286109 751
286215 763
286321 775
286428 785
286534 796
286641 808
286747 815
286853 824
286960 833
287067 841
287174 849
287280 854
287386 862
287493 869
287599 873
287705 877
287812 882
287918 885
288026 889
288132 892
288239 890
288345 896
288451 898
288558 897
288664 896
288770 895
288877 892
288983 889
289089 887
289196 882
289302 878
289409 875
289515 869
289621 863
289728 857
289834 850
289941 843
290048 836
290154 827
290261 817
290367 808
290474 798
290580 784
290686 777
290793 766
290899 753
291007 742
291113 729
291219 715
291326 703
291432 688
291539 673
291645 661
291751 646
291858 632
291964 616
292072 601
292178 585
292284 570
292391 557
292497 539
292603 523
292710 508
292816 491
292923 475
293030 460
293136 440
293243 425
293349 409
293456 393
293562 373
293668 363
293775 345
293881 331
293989 315
294095 301
294201 286
294308 272
294414 255
294521 242
294627 229
294733 214
294840 201
294946 188
295054 175
295160 155
295266 151
295373 140
295479 127
295586 118
295692 105
295798 100
295905 89
296012 83
296119 75
296225 68
296331 62
296438 55
296544 50
296650 45
296757 41
296863 36
296970 32
297077 30
297183 26
297290 26
297396 23
297503 21
297609 23
297715 24
297822 28
297928 31
298036 33
298142 38
298248 40
298355 52
298461 50
298568 56
298674 62
298780 70
298887 76
298994 84
299101 93
299207 101
299313 110
299420 123
299526 131
299633 143
299739 154
299845 167
299952 178
300059 191
300166 204
300272 218
300378 230
300485 245
300591 258
300697 274
300804 289
300910 303
301018 320
301124 336
301231 350
301337 366
301443 382
301550 397
301656 414
301762 431
301869 445
301975 464
302083 470
302189 495
302295 512
302402 528
302508 544
302615 566
302721 575
302827 590
302934 605
303041 620
303148 636
303254 651
303360 665
303467 680
303573 693
303680 713
303786 719
303892 732
304000 746
304106 758
304213 768
304319 781
304425 791
304532 803
304638 811
304744 821
304851 829
304957 838
305065 845
305171 853
305278 859
305384 865
305490 870
305597 877
305703 880
305809 884
305916 887
306023 890
306130 893
306236 896
306342 897
306449 898
306555 897
306662 894
306768 894
306874 890
306981 887
307088 885
307195 881
307301 876
307407 872
307514 867
307620 859
307727 854
307833 846
307939 839
308047 832
308153 821
308260 813
308366 802
308472 794
308579 782
308685 770
308791 760
308898 746
309005 735
309112 722
309218 708
309325 695
309431 681
309537 658
309644 653
309750 639
309856 622
309963 608
310070 593
310177 575
310283 562
310389 547
310496 529
310602 514
310709 499
310815 482
310921 464
311029 446
311135 432
311242 416
311348 400
311454 389
311561 368
311667 353
311774 336
311880 322
311988 307
312094 291
312201 276
312307 263
312414 247
312520 233
312626 220
312733 207
312839 193
312946 181
313053 169
313159 156
313266 144
313372 133
313479 124
313585 115
313691 103
313798 96
313904 86
314012 77
314118 72
314224 66
314331 58
314437 51
314544 46
314650 42
314756 37
314863 34
314969 31
315077 28
315183 25
315289 22
315396 23
315502 22
315608 24
315715 26
315821 28
315928 37
316035 35
316141 39
316248 42
316354 50
316461 55
316567 60
316673 67
316780 73
316886 80
316994 90
317100 98
317206 106
317313 116
317419 127
317526 137
317632 149
317738 161
317845 172
317951 183
318059 198
318165 211
318271 223
318378 240
318484 252
318591 267
318697 283
318803 297
318910 312
319017 328
319124 342
319230 357
319336 375
319443 389
319549 407
319655 424
319762 439
319868 455
319975 471
320082 487
320188 504
320295 521
320401 537
320508 551
320614 565
320720 582
320827 598
320933 614
321041 629
321147 644
321253 660
321360 673
321466 686
321573 700
321679 713
321785 727
321892 740
321999 752
322106 763
322212 782
322318 786
322425 799
322531 807
322638 817
322744 824
322850 835
322957 842
323064 849
323171 857
323277 863
323383 868
323490 875
323596 878
323702 883
323809 887
323915 889
324023 892
324129 894
324236 896
324342 899
324448 897
324555 892
324661 894
324767 893
324874 889
324980 887
325088 883
325194 879
325300 876
325407 869
325513 863
325620 856
325726 850
325832 843
325939 834
326046 826
326153 817
326259 807
326365 797
326472 787
326578 775
326685 764
326791 753
326897 740
327005 729
327111 714
327218 700
327324 689
327430 675
327537 658
327643 645
327749 630
327856 614
327962 600
328070 584
328176 569
328283 553
328389 539
328495 522
328602 506
328708 490
328814 473
328921 457
329028 440
329135 421
329241 407
329347 391
329454 376
329560 359
329667 340
329773 331
329879 313
329986 299
330093 284
330200 269
330306 255
330412 241
330519 226
330625 214
330732 199
330838 187
330944 175
331052 162
331158 150
331265 139
331371 128
331477 117
331584 108
331690 98
331797 90
331903 83
332010 74
332117 66
332223 61
332330 46
332436 49
332542 44
332649 39
332755 32
332861 32
332968 29
333075 27
333182 25
333288 22
333394 21
333501 24
333607 25
333714 28
333820 32
333926 33
334034 36
334140 42
334247 45
334353 51
334459 58
334566 61
334672 70
334779 78
334885 87
334992 93
335099 103
335205 112
335312 123
335418 133
335524 143
335631 154
335737 168
335844 179
335950 191
336057 205
336164 219
336270 231
336377 247
336483 260
336589 275
336696 291
336802 305
336908 321
337016 337
337122 351
337229 368
337335 383
337442 398
337548 414
337654 430
337761 448
337867 464
337973 482
338081 496
338187 513
338294 529
338400 545
338506 562
338613 576
338719 591
338826 607
338932 622
339039 637
339146 651
339252 667
339359 680
339465 694
339571 708
339678 720
339784 733
339891 748
339998 758
340104 772
340211 780
340317 790
340424 803
340530 813
340636 821
340743 830
340849 838
340955 846
341063 854
341169 860
341276 866
341382 870
341489 877
341595 880
341701 884
341808 889
341914 890
342022 892
342128 895
342234 896
342341 898
342447 897
342553 894
342660 893
342766 891
342873 889
342979 881
343086 881
343193 875
343299 871
343406 866
343512 860
343618 854
343725 845
343831 838
343938 830
344045 820
344151 812
344258 802
344364 792
344471 781
344577 770
344683 758
344790 745
344896 731
345004 717
345110 708
345216 693
345323 679
345429 668
345536 650
345642 635
345748 622
345855 603
345961 591
346069 573
346175 561
346281 545
346388 529
346494 513
346600 498
346707 481
346813 464
346920 448
347027 432
347134 413
347240 398
347346 383
347453 368
347559 351
347665 336
347772 320
347878 305
347985 291
348092 274
348198 261
348305 246
348411 232
348518 220
348624 206
348730 192
348837 179
348943 168
349051 156
349157 144
349263 133
349370 122
349476 112
349583 103
349689 94
349795 87
349902 79
350009 69
350116 64
350222 58
350328 50
350435 46
350541 41
350648 38
350754 34
350860 29
350967 27
351074 25
351181 24
351287 21
351393 23
351500 25
351606 25
351712 26
351819 33
351925 34
352033 39
352139 43
352246 47
352352 54
352458 61
352565 66
352671 74
352777 83
352884 89
352991 99
353098 108
353204 122
353310 128
353417 139
353523 150
353630 161
353736 175
353842 186
353949 197
354056 213
354163 226
354269 240
354375 255
354482 269
354588 284
354695 298
354801 314
354907 329
355015 345
355121 359
355228 375
355334 392
355440 408
355547 424
355653 442
355759 457
355866 473
355972 490
356080 506
356186 522
356293 538
356399 554
356505 570
356612 585
356718 607
356824 615
356931 630
357038 646
357145 660
357251 674
357357 688
357464 701
357570 715
357677 727
357783 740
357889 754
357997 765
358103 775
358210 788
358316 798
358422 808
358529 821
358635 826
358742 834
358848 843
358954 856
359062 857
359168 864
359275 870
359381 874
359487 879
359594 883
359700 886
359806 889
359913 892
360020 894
360127 896
360233 897
360340 897
360446 896
360552 895
360659 891
360765 889
360871 886
360978 874
361085 880
361192 873
361298 867
361404 862
361511 854
361617 848
361724 842
361830 834
361936 824
362044 816
362150 807
362257 796
362363 786
362469 774
362576 763
362682 752
362789 739
362895 726
363002 714
363109 701
363215 685
363322 673
363428 658
363534 641
363641 622
363747 613
363854 598
363960 583
364067 567
364174 551
364280 536
364387 520
364493 504
364599 488
364706 472
364812 455
364918 438
365026 422
365132 405
365239 390
365345 373
365451 357
365558 343
365664 328
365771 312
365877 298
365983 282
366090 267
366196 253
366303 239
366409 225
366515 212
366622 199
366728 185
366835 173
366941 161
367048 149
367155 137
367261 127
367368 116
367474 108
367580 99
367687 89
367793 81
367899 82
368007 66
368113 60
368220 54
368326 48
368433 42
368539 39
368645 35
368752 32
368858 31
368964 27
369072 24
369178 24
369285 21
369391 23
369497 25
369604 27
369710 30
369817 34
369923 38
370030 41
370137 46
370243 53
370350 57
370456 65
370562 71
370669 77
370775 86
370882 94
370989 103
371095 114
371202 123
371308 133
371415 144
371521 154
371627 167
371734 181
371840 193
371946 205
372054 221
372160 233
372267 248
372373 262
372480 278
372586 291
372692 307
372799 324
372905 336
373013 353
373119 368
373225 384
373332 401
373438 417
373544 433
373651 452
373757 466
373864 483
373970 498
374077 514
374184 530
374290 547
374397 562
374503 577
374609 592
374716 607
374822 624
374929 638
375036 653
375142 666
375249 681
375355 696
375462 709
375568 723
375674 736
375781 747
375887 759
375995 772
376101 783
376207 792
376314 805
376420 813
376527 823
376633 831
376739 839
376846 845
376952 855
377060 860
377166 866
377272 871
377379 874
377485 881
377591 885
377698 888
377804 890
377911 893
378018 895
378125 897
378231 898
378337 897
378444 895
378550 893
378656 890
378763 887
378869 884
378976 883
379083 876
379189 870
379296 865
379402 859
379509 853
379615 844
379721 836
379828 827
379934 820
380042 811
380148 802
380254 791
380361 779
380467 770
380574 757
380680 747
380786 733
380893 719
381000 706
381107 692
381213 678
381319 665
381426 651
381532 634
381638 622
381745 605
381851 589
381958 577
382065 559
382172 544
382278 528
382384 512
382491 495
382597 478
382703 463
382810 446
382916 429
383024 414
383130 396
383236 379
383343 366
383449 350
383556 335
383662 319
383768 304
383875 288
383981 274
384089 260
384195 245
384301 232
384408 217
384514 205
384621 192
384727 180
384833 168
384940 154
385047 143
385154 132
385260 123
385366 112
385473 101
385579 95
385685 84
385792 77
385898 71
386006 63
386112 56
386219 51
386325 45
386431 40
386538 38
386644 34
386750 30
386857 28
386963 27
387071 22
387177 22
387283 21
387390 24
387496 28
387603 29
387709 32
387815 36
387922 42
388029 49
388136 49
388242 54
388348 61
388455 68
388561 67
388668 82
388774 91
388880 99
388988 108
389094 117
389201 129
389307 140
389413 151
389520 162
389626 174
389733 187
389839 200
389945 213
390053 228
390159 244
390266 255
390372 272
390478 285
390585 300
390691 314
390797 330
390904 345
391011 361
391118 377
391224 392
391331 410
391437 426
391543 441
391650 457
391756 475
391862 489
391969 507
392076 524
392183 539
392289 555
392395 571
392502 585
392608 601
392715 617
392821 632
392927 645
393035 660
393141 675
393248 690
393354 702
393460 716
393567 728
393673 742
393780 753
393886 767
393993 779
394100 788
394206 799
394313 809
394419 817
394525 828
394632 836
394738 843
394845 849
394951 857
395058 864
395165 872
395271 875
395378 880
395484 883
395590 888
395697 889
395803 892
395909 895
396017 896
396123 899
396230 899
396336 893
396442 893
396549 891
396655 888
396762 886
396868 883
396974 878
397082 873
397188 868
397295 861
397401 855
397507 848
397614 843
397720 833
397827 825
397933 816
398040 806
398147 796
398253 784
398360 774
398466 763
398572 750
398679 744
398785 726
398892 712
398999 698
399105 685
399212 670
399318 657
399425 643
399531 626
399637 612
399744 597
399850 582
399956 567
400064 552
400170 535
400277 519
400383 503
400489 486
400596 471
400702 454
400809 438
400915 421
401023 405
401129 389
401235 373
401342 359
401448 341
401554 326
401661 313
401767 297
401874 281
401980 267
402087 252
402194 238
402300 224
402407 211
402513 197
402619 186
402726 171
402832 161
402939 148
403046 135
403152 127
403259 116
403365 106
403472 96
403578 88
403684 81
403791 74
403897 65
404005 59
404111 53
404217 48
404324 42
404430 39
404537 35
404643 32
404749 28
404856 27
404962 24
405070 22
405176 21
405282 24
405389 26
405495 27
405601 30
405708 34
405814 38
405921 42
406028 46
406134 52
406241 57
406347 64
406454 75
406560 79
406666 85
406773 95
406879 106
406986 113
407093 124
407199 136
407306 145
407412 157
407519 169
407625 182
407731 197
407838 208
407944 220
408052 235
408158 249
408264 261
408371 278
408477 293
408584 308
408690 323
408796 335
408903 354
409010 370
409117 385
409223 401
409329 418
409436 434
409542 451
409648 467
409755 485
409861 500
409968 517
410075 532
410182 550
410288 563
410394 578
410501 594
410607 609
410713 624
410820 639
410926 646
411034 669
411140 683
411246 697
411353 708
411459 723
411566 736
411672 749
411778 761
411885 771
411992 784
412099 793
412205 805
412311 813
412418 823
412524 832
412631 839
412737 848
412843 854
412950 861
413057 866
413164 872
413270 877
413376 882
413483 885
413589 887
413695 891
413802 893
413908 896
414016 899
414122 898
414229 897
414335 894
414441 894
414548 890
414654 887
414760 885
414867 879
414973 875
415081 871
415187 865
415293 858
415400 852
415506 844
415613 845
415719 828
415825 819
415932 810
416039 800
416146 790
416252 779
416358 768
416465 756
416571 743
416678 731
416784 718
416890 704
416998 690
417104 675
417211 655
417317 648
417423 634
417530 620
417636 604
417743 589
417849 573
417955 558
418063 542
418169 526
418276 511
418382 494
418488 478
418595 460
418701 444
418807 426
418914 412
419021 396
419128 380
419234 363
419340 348
419447 333
419553 321
419660 303
419766 287
419872 273
419979 259
420086 243
420193 229
420299 216
420405 203
420512 189
420618 178
420725 165
420831 153
420937 142
421045 130
421151 120
421258 111
421364 101
421470 92
421577 84
421683 77
421790 69
421896 62
422003 56
422110 51
422216 46
422323 41
422429 37
422535 32
422642 31
422748 26
422854 25
422961 23
423068 24
423175 24
423281 24
423387 27
423494 30
423600 34
423707 36
423813 41
423919 44
424027 49
424133 55
424240 62
424346 68
424452 76
424559 83
424665 91
424772 100
424878 110
424984 119
425092 129
425198 141
425305 152
425411 165
425517 177
425624 187
425730 202
425837 215
425943 229
426050 244
426157 257
426263 270
426370 287
426476 301
426582 316
426689 332
426795 347
426902 364
427009 380
427115 395
427222 411
427328 426
427435 444
427541 460
427647 477
427754 502
427860 508
427966 524
428074 542
428180 556
428287 573
428393 588
428499 602
428606 618
428712 633
428819 649
428925 662
429033 677
429139 690
429245 704
429352 717
429458 730
429564 744
429671 754
429777 767
429884 778
429991 791
430097 799
430204 810
430310 820
430417 828
430523 836
430629 845
430736 851
430842 857
430949 865
431056 870
431162 876
431269 879
431375 882
431482 887
431588 885
431694 892
431801 895
431907 896
432015 898
432121 897
432227 895
432334 894
432440 892
432547 888
432653 884
432759 883
432866 877
432972 873
433080 866
433186 861
433292 856
433399 848
433505 840
433611 831
433718 824
433824 815
433931 805
434038 794
434144 785
434251 773
434357 762
434464 749
434570 737
434676 724
434783 710
434889 696
434997 684
435103 670
435209 655
435316 640
435422 625
435529 610
435635 595
435741 581
435848 565
435954 548
436062 534
436168 517
