48 767
154 759
260 750
367 742
473 735
580 727
686 717
792 709
899 702
1006 691
1113 682
1219 673
1325 663
1432 655
1538 646
1645 635
1751 625
1857 616
1964 605
2071 596
2178 586
2284 576
2390 565
2497 555
2603 546
2709 535
2816 526
2922 516
3030 504
3136 492
3243 483
3349 472
3455 462
3562 452
3668 439
3774 429
3881 419
3988 410
4095 395
4201 386
4307 376
4414 366
4520 359
4627 347
4733 337
4839 325
4946 315
5053 306
5160 297
5266 288
5372 277
5479 268
5585 258
5692 248
5798 240
5904 231
6012 220
6118 212
6225 204
6331 196
6437 188
6544 177
6650 170
6757 163
6863 155
6969 148
7077 140
7183 132
7290 127
7396 121
7502 113
7609 108
7715 101
7821 95
7928 95
8035 85
8142 79
8248 74
8354 69
8461 64
8567 60
8674 56
8780 53
8886 49
8994 45
9100 43
9207 40
9313 37
9419 35
9526 33
9632 31
9739 29
9845 27
9951 26
10059 24
10165 24
10272 18
10378 23
10484 28
10591 36
10697 48
10804 63
10910 80
11017 101
11124 125
11230 153
11337 184
11443 214
11549 251
11656 288
11762 326
11868 365
11975 404
12082 439
12189 488
12295 529
12401 568
12508 606
12614 644
12721 673
12827 713
12933 746
13041 776
13147 804
13254 827
13360 846
13466 863
13573 877
13679 886
13786 893
13892 898
13999 897
14106 895
14212 896
14319 893
14425 893
14531 890
14638 889
14744 887
14851 893
14957 883
15064 880
15171 876
15277 873
15384 871
15490 867
15596 863
15703 859
15809 854
15915 852
16023 846
16129 840
16236 834
16342 831
16449 824
16555 819
16661 812
16768 806
16874 799
16980 793
17088 787
17194 778
17301 771
17407 765
17513 756
17620 750
17726 739
17833 731
17939 723
18046 704
18153 705
18259 697
18366 687
18472 679
18578 670
18685 660
18791 651
18898 641
19005 639
19111 621
19218 611
19324 602
19431 593
19537 582
19643 572
19750 562
19856 552
19962 542
20070 532
20176 522
20283 509
20389 500
20496 489
20602 476
20708 468
20815 457
20921 446
21029 438
21135 426
21241 414
21348 404
21454 393
21560 382
21667 373
21773 363
21880 352
21988 342
22095 331
22201 323
22307 313
22414 303
22520 293
22627 282
22733 273
22839 263
22946 256
23053 245
23160 235
23266 227
23372 211
23479 210
23585 201
23692 193
23798 184
23904 175
24012 166
24118 160
24225 152
24331 144
24437 138
24544 130
24650 123
24757 117
24863 110
24969 102
25077 98
25183 93
25290 87
25396 81
25502 77
25609 72
25715 68
25821 63
25928 59
26035 54
26142 51
26248 48
26354 44
26461 41
26567 39
26674 35
26780 34
26886 31
26994 30
27100 29
27207 26
27313 25
27419 23
27526 23
27632 22
27739 25
27845 30
27951 40
28059 52
28165 69
28272 89
28378 111
28484 136
28591 165
28697 195
28804 231
28910 266
29017 304
29124 343
29230 382
29337 423
29443 464
29549 504
29656 545
29762 583
29868 622
29975 659
30082 693
30189 728
30295 762
30401 787
30508 813
30614 834
30721 855
30827 870
30933 882
31041 890
31147 894
31254 898
31360 897
31466 896
31573 894
31679 893
31786 891
31892 891
31999 888
32106 887
32212 885
32319 880
32425 877
32531 876
32638 872
32744 867
32851 865
32957 860
33064 857
33171 852
33277 848
33384 843
33490 838
33596 834
33703 827
33809 822
33915 816
34023 810
34129 803
34236 795
34342 791
34449 783
34555 774
34661 768
34768 760
34874 753
34980 744
35088 737
35194 729
35301 719
35407 710
35513 702
35620 693
35726 684
35833 674
35939 665
36046 656
36153 646
36259 637
36366 627
36472 613
36578 607
36685 598
36791 589
36898 578
37005 567
37111 558
37218 547
37324 537
37431 526
37537 517
37643 506
37750 496
37856 486
37962 474
38070 467
38176 452
38283 442
38389 432
38496 420
38602 410
38708 399
38815 390
38921 385
39029 368
39135 358
39241 348
39348 338
39454 329
39560 318
39667 308
39773 298
39880 287
39988 279
40095 269
40201 259
40307 250
40414 240
40520 232
40627 224
40733 214
40839 206
40946 198
41053 188
41160 181
41266 172
41372 164
41479 157
41585 147
41692 141
41798 128
41904 128
42012 121
42118 114
42225 108
42331 102
42437 96
42544 90
42650 84
42757 79
42863 74
42969 69
43077 66
43183 61
43290 56
43396 53
43502 49
43609 46
43715 43
43821 40
43928 37
44035 35
44142 33
44248 31
44354 30
44461 27
44567 26
44674 24
44780 23
44886 23
44994 21
45100 26
45207 35
45313 46
45419 58
45526 76
45632 97
45739 121
45845 143
45951 177
46059 210
46165 244
46272 282
46378 319
46484 358
46591 397
46697 438
46804 480
46910 522
47017 561
47124 600
47230 638
47337 673
47443 708
47549 741
47656 772
47762 797
47868 822
47975 844
48082 861
48189 876
48295 885
48401 893
48508 896
48614 898
48721 902
48827 896
48933 894
49041 892
49147 891
49254 889
49360 887
49466 886
49573 883
49679 878
49786 878
49892 875
49999 871
50106 868
50212 860
50319 859
50425 855
50531 852
50638 845
50744 856
50851 837
50957 831
51064 824
51171 810
51277 813
51384 806
51490 800
51596 793
51703 786
51809 780
51915 771
52023 765
52129 757
52236 749
52342 740
52449 733
52555 728
52661 715
52768 707
52874 698
52980 689
53088 679
53194 671
53301 661
53407 648
53513 643
53620 633
53726 622
53833 614
53939 604
54046 593
54153 584
54259 573
54366 564
54472 553
54578 544
54685 533
54791 523
54898 512
55005 500
55111 491
55218 480
55324 469
55431 459
55537 449
55643 438
55750 426
55856 416
55962 405
56070 396
56176 384
56283 373
56389 364
56496 352
56602 339
56708 334
56815 324
56921 315
57029 303
57135 294
57241 284
57348 275
57454 266
57560 256
57667 247
57773 237
57880 229
57988 216
58095 210
58201 203
58307 193
58414 184
58520 177
58627 168
58733 162
58839 154
58946 147
59053 139
59160 132
59266 125
59372 118
59479 110
59585 106
59692 99
59798 94
59904 87
60012 82
60118 78
60225 73
60331 69
60437 63
60544 59
60650 55
60757 51
60863 49
60969 46
61077 42
61183 35
61290 37
61396 33
61502 33
61609 30
61715 28
61821 27
61928 31
62035 24
62142 23
62248 22
62354 24
62461 29
62567 38
62674 50
62780 67
62886 84
62994 106
63100 132
63207 160
63313 191
63419 225
63526 248
63632 298
63739 336
63845 374
63951 416
64059 456
64165 497
64272 538
64378 578
64484 615
64591 653
64697 688
64804 722
64910 753
65017 783
65124 809
65230 832
65337 850
65443 869
65549 880
65656 887
65762 894
65868 899
65975 898
66082 896
66189 894
66295 897
66401 891
66508 890
66614 889
66721 887
66827 884
66933 882
67041 880
67147 878
67254 872
67360 869
67466 866
67573 862
67679 858
67786 854
67892 848
67999 844
68106 839
68212 838
68319 828
68425 823
68531 816
68638 810
68744 805
68851 797
68957 791
69064 784
69171 776
69277 770
69384 762
69490 754
69596 747
69703 738
69809 729
69915 721
70023 712
70129 703
70236 696
70342 684
70449 677
70555 667
70661 658
70768 648
70874 639
70980 628
71088 619
71194 609
71301 599
71407 589
71513 579
71620 567
71726 559
71833 549
71939 539
72046 529
72153 518
72259 508
72366 497
72472 486
72578 475
72685 465
72791 452
72898 444
73005 433
73111 423
73218 412
73324 401
73431 390
73537 380
73643 371
73750 358
73856 350
73962 340
74070 330
74176 320
74283 309
74389 300
74496 291
74602 278
74708 271
74815 262
74921 251
75029 244
75135 236
75241 225
75348 216
75454 206
75560 198
75667 190
75773 180
75880 174
75988 164
76095 157
76201 150
76307 143
76414 135
76520 128
76627 123
76733 115
76839 108
76946 102
77053 96
77160 92
77266 86
77372 80
77479 76
77585 70
77692 68
77798 63
77904 59
78012 55
78118 51
78225 47
78331 43
78437 40
78544 41
78650 36
78757 35
78863 31
78969 36
79077 27
79183 26
79290 26
79396 23
79502 21
79609 22
79715 25
79821 33
79928 44
80035 57
80142 74
80248 93
80354 117
80461 142
80567 172
80674 204
80780 239
80886 275
80994 312
81100 352
81207 392
81313 432
81419 473
81526 515
81632 555
81739 592
81845 630
81951 667
82059 703
82165 736
82272 767
82378 793
82484 819
82591 839
82697 859
82804 874
82910 883
83017 890
83124 897
83230 898
83337 895
83443 897
83549 894
83656 893
83762 892
83868 889
83975 888
84082 884
84189 884
84295 881
84401 878
84508 875
84614 871
84721 868
84827 864
84933 860
85041 856
85147 852
85254 845
85360 841
85466 837
85573 833
85679 826
85786 820
85892 814
85999 807
86106 801
86212 795
86319 767
86425 781
86531 774
86638 765
86744 758
86851 751
86957 741
87064 733
87171 725
87277 716
87384 709
87490 699
87596 690
87703 682
87809 672
87915 664
88023 654
88129 645
88236 634
88342 623
88449 614
88555 606
88661 595
88768 586
88874 580
88980 565
89088 556
89194 545
89301 534
89407 524
89513 514
89620 503
89726 494
89833 483
89939 472
90046 461
90153 450
90259 439
90366 428
90472 422
90578 406
90685 397
90791 386
90898 374
91005 367
91111 355
91218 346
91324 336
91431 326
91537 315
91643 306
91750 295
91856 286
91962 276
92070 267
92176 256
92283 249
92389 239
92496 230
92602 221
92708 211
92815 203
92921 195
93029 186
93135 178
93241 170
93348 162
93454 155
93560 146
93667 140
93773 132
93880 127
93988 118
94095 111
94201 107
94307 100
94414 95
94520 88
94627 87
94733 79
94839 72
94946 69
95053 64
95160 57
95266 57
95372 51
95479 48
95585 45
95692 43
95798 39
95904 38
96012 35
96118 34
96225 31
96331 28
96437 27
96544 27
96650 24
96757 24
96863 22
96969 22
97077 28
97183 39
97290 46
97396 63
97502 81
97609 103
97715 150
97821 153
97928 185
98035 218
98142 254
98248 292
98354 330
98461 368
98567 414
98674 449
98780 491
98886 532
98994 564
99100 609
99207 647
99313 683
99419 719
99526 750
99632 777
99739 805
99845 827
99951 849
100059 866
100165 878
100272 887
100378 894
100484 899
100591 897
100697 897
100804 895
100910 894
101017 892
101124 891
101230 889
101337 886
101443 886
101549 882
101656 880
101762 878
101868 873
101975 870
102082 866
102189 863
102295 856
102401 853
102508 849
102614 845
102721 840
102827 834
102933 830
103041 823
103147 818
103254 811
103360 805
103466 799
103573 792
103679 783
103786 778
103892 770
103999 763
104106 754
104212 739
104319 739
104425 731
104531 722
104638 714
104744 705
104851 696
104957 687
105064 678
105171 669
105277 661
105384 650
105490 641
105596 630
105703 619
105809 611
105915 597
106023 591
106129 581
106236 571
106342 563
106449 551
106555 540
106661 531
106768 521
106874 509
106980 500
107088 487
107194 478
107301 467
107407 457
107513 446
107620 434
107726 425
107833 414
107939 403
108046 393
108153 382
108259 372
108366 362
108472 353
108578 342
108685 332
108791 322
108898 311
109005 302
109111 292
109218 282
109324 272
109431 263
109537 253
109643 243
109750 235
109856 225
109962 216
110070 208
110176 201
110283 191
110389 182
110496 175
110602 171
110708 159
110815 151
110921 144
111029 138
111135 124
111241 125
111348 116
111454 110
111560 104
111667 96
111773 92
111880 86
111988 82
112095 76
112201 72
112307 68
112414 62
112520 58
112627 54
112733 50
112839 47
112946 43
113053 42
113160 38
113266 36
113372 32
113479 31
113585 30
113692 28
113798 26
113904 25
114012 24
114118 32
114225 21
114331 25
114437 31
114544 33
114650 54
114757 68
114863 89
114969 104
115077 140
115183 167
115290 200
115396 234
115502 271
115609 308
115715 347
115821 384
115928 425
116035 468
116142 508
116248 548
116354 586
116461 626
116567 663
116674 697
116780 731
116886 762
116994 791
117100 816
117207 836
117313 856
117419 870
117526 883
117632 890
117739 897
117845 898
117951 897
118059 896
118165 895
118272 893
118378 893
118484 890
118591 887
118697 887
118804 884
118910 881
119017 879
119124 875
119230 872
119337 868
119443 865
119549 861
119656 856
119762 852
119868 847
119975 843
120082 836
120189 831
120295 825
120401 821
120508 815
120614 809
120721 802
120827 795
120933 790
121041 782
121147 774
121254 768
121360 760
121466 751
121573 743
121679 735
121786 727
121892 718
121999 715
122106 700
122212 692
122319 683
122425 674
122531 664
122638 655
122744 644
122851 637
122957 627
123064 616
123171 606
123277 597
123384 587
123490 576
123596 566
123703 556
123809 547
123915 536
124023 525
124129 515
124236 504
124342 501
124449 484
124555 474
124661 463
124768 450
124874 440
124980 429
125088 419
125194 409
125301 399
125407 388
125513 377
125620 367
125726 357
125833 347
125939 337
126046 326
126153 315
126259 308
126366 297
126472 288
126578 277
126685 268
126791 259
126898 249
127005 240
127111 231
127218 216
127324 214
127431 202
127537 196
127643 188
127750 178
127856 171
127962 164
128070 156
128176 148
128283 140
128389 132
128496 127
128602 120
128708 114
128815 109
128921 101
129029 94
129135 90
129241 85
129348 80
129454 75
129560 69
129667 66
129773 61
129880 58
129988 53
130095 49
130201 45
130307 45
130414 39
130520 37
130627 34
130733 33
130839 31
130946 30
131053 27
131160 15
131266 25
131372 23
131479 23
131585 22
131692 29
131798 34
131904 48
132012 61
132118 78
132225 99
132331 123
132437 150
132544 181
132650 215
132757 249
132863 286
132969 325
133077 363
133183 403
133290 444
133396 483
133502 526
133609 566
133715 602
133821 643
133928 678
134035 712
134142 744
134248 774
134354 801
134461 825
134567 845
134674 862
134780 876
134886 886
134994 895
135100 898
135207 898
135313 896
135419 900
135526 894
135632 892
135739 892
135845 889
135951 886
136059 885
136165 881
136272 880
136378 878
136484 874
136591 871
136697 867
136804 863
136910 856
137017 854
137124 850
137230 846
137337 840
137443 835
137549 831
137656 824
137762 818
137868 813
137975 806
138082 805
138189 792
138295 786
138401 778
138508 771
138614 765
138721 755
138827 747
138933 740
139041 731
139147 724
139254 714
139360 705
139466 697
139573 690
139679 679
139786 670
139892 659
139999 651
140106 642
140212 632
140319 628
140425 613
140531 603
140638 592
140744 582
140851 572
140957 562
141064 551
141171 542
141277 533
141384 523
141490 510
141596 499
141703 489
141809 479
141915 469
142023 458
142129 446
142236 437
142342 425
142449 416
142555 405
142661 393
142768 384
142874 378
142980 363
143088 354
143194 343
143301 333
143407 324
143513 313
143620 303
143726 295
143833 284
143939 274
144046 264
144153 254
144259 246
144366 235
144472 225
144578 219
144685 209
144791 203
144898 193
145005 184
145111 176
145218 168
145324 160
145431 152
145537 145
145643 137
145750 131
145856 124
145962 116
146070 111
146176 104
146283 99
146389 93
146496 87
146602 82
146708 77
146815 73
146921 68
147029 63
147135 59
147241 55
147348 51
147454 48
147560 45
147667 42
147773 38
147880 36
147988 34
148095 34
148201 31
148307 29
148414 26
148520 24
148627 25
148733 24
148839 22
148946 26
149053 30
149160 40
149266 52
149372 68
149479 86
149585 109
149692 134
149798 163
149904 195
150012 230
150118 264
150225 301
150331 341
150437 378
150544 418
150650 460
150757 501
150863 542
150969 581
151077 620
151183 656
151290 689
151396 725
151502 756
151609 786
151715 813
151821 825
151928 852
152035 868
152142 880
152248 890
152354 896
152461 899
152567 898
152674 896
152780 895
152886 893
152994 892
153100 890
153207 888
153313 886
153419 890
153526 881
153632 878
153739 876
153845 872
153951 869
154059 866
154165 861
154272 858
154378 853
154484 849
154591 844
154697 839
154804 832
154910 827
155017 822
155124 816
155230 810
155337 803
155443 796
155549 790
155656 783
155762 775
155868 767
155975 760
156082 753
156189 746
156295 736
156401 728
156508 720
156614 711
156721 702
156827 693
156933 684
157041 676
157147 665
157254 658
157360 648
157466 636
157573 629
157679 618
157786 608
157892 598
157999 587
158106 579
158212 566
158319 558
158425 548
158531 538
158638 530
158744 517
158851 506
158957 496
159064 485
159171 475
159277 466
159384 453
159490 443
159596 432
159703 422
159809 410
159915 399
160023 389
160129 380
160236 369
160342 358
160449 348
160555 339
160661 329
160768 316
160874 309
160980 299
161088 289
161194 267
161301 270
161407 260
161513 251
161620 241
161726 232
161833 223
161939 215
162046 205
162153 198
162259 189
162366 181
162472 173
162578 165
162685 157
162791 148
162898 142
163005 134
163111 128
163218 123
163324 114
163431 108
163537 102
163643 95
163750 91
163856 86
163962 79
164070 75
164176 70
164283 66
164389 62
164496 60
164602 53
164708 49
164815 46
164921 45
165029 41
165135 37
165241 37
165348 33
165454 31
165560 29
165667 26
165773 26
165880 25
165988 24
166095 22
166201 22
166307 26
166414 31
166520 44
166627 59
166733 75
166839 94
166946 118
167053 146
167160 177
167266 209
167372 243
167479 279
167585 316
167692 355
167798 394
167904 436
168012 478
168118 517
168225 559
168331 597
168437 636
168544 672
168650 706
168757 739
168863 769
168969 796
169077 821
169183 841
169290 862
169396 874
169502 885
169609 892
169715 897
169821 898
169928 897
170035 895
170142 894
170248 892
170354 891
170461 890
170567 888
170674 886
170780 883
170886 880
170994 877
171100 874
171207 872
171313 867
171419 863
171526 860
171632 855
171739 851
171845 846
171951 844
172059 836
172165 831
172272 826
172378 819
172484 814
172591 807
172697 801
172804 794
172910 788
173017 778
173124 772
173230 765
173337 758
173443 750
173549 741
173656 733
173762 724
173868 716
173975 706
174082 701
174189 691
174295 681
174401 672
174508 668
174614 654
174721 643
174827 633
174933 624
175041 614
175147 603
175254 595
175360 584
175466 574
175573 564
175679 554
175786 544
175892 534
175999 523
176106 512
176212 503
176319 490
176425 481
176531 470
176638 459
176744 446
176851 439
176957 428
177064 416
177171 406
177277 395
177384 386
177490 375
177596 365
177703 354
177809 344
177915 335
178023 324
178129 314
178236 305
178342 295
178449 285
178555 277
178661 265
178768 254
178874 246
178980 238
179088 229
179194 220
179301 212
179407 203
179513 193
179620 186
179726 178
179833 169
179939 162
180046 153
180153 146
180259 138
180366 132
180472 143
180578 118
180685 112
180791 106
180898 100
181005 93
181111 88
181218 82
181324 79
181431 74
181537 69
181643 64
181750 59
181856 56
181962 52
182070 49
182176 45
182283 42
182389 38
182496 37
182602 35
182708 33
182815 29
182921 29
183029 26
183135 26
183241 25
183348 23
183454 21
183560 24
183667 29
183773 37
183880 49
183988 64
184095 82
184201 105
184307 130
184414 158
184520 191
184627 221
184733 257
184839 296
184946 333
185053 372
185160 413
185266 452
185372 495
185479 535
185585 574
185692 612
185798 649
185904 686
186012 719
186118 753
186225 782
186331 808
186437 830
186544 850
186650 867
186757 880
186863 888
186969 893
187077 898
187183 898
187290 896
187396 895
187502 894
187609 893
187715 890
187821 889
187928 886
188035 884
188142 882
188248 879
188354 876
188461 874
188567 871
188674 866
188780 862
188886 858
188994 853
189100 849
189207 844
189313 838
189419 835
189526 830
189632 823
189739 818
189845 810
189951 804
190059 798
190165 791
190272 785
190378 777
190484 770
190591 763
190697 754
190804 746
190910 737
191017 729
191124 720
191230 713
191337 704
191443 693
191549 681
191656 676
191762 667
191868 659
191975 649
192082 639
192189 629
192295 619
192401 610
192508 600
192614 590
192721 580
192827 570
192933 560
193041 550
193147 540
193254 529
193360 519
193466 509
193573 498
193679 487
193786 477
193892 465
193999 456
194106 444
194212 433
194319 422
194425 413
194531 402
194638 391
194744 381
194851 371
194957 360
195064 350
195171 340
195277 330
195384 319
195490 311
195596 300
195703 291
195809 281
195915 271
196023 262
196129 251
196236 244
196342 233
196449 225
196555 217
196661 206
196768 198
196874 191
196980 181
197088 174
197194 166
197301 159
197407 150
197513 143
197620 125
197726 129
197833 122
197939 115
198046 110
198153 103
198259 96
198366 92
198472 87
198578 82
198685 76
198791 75
198898 68
199005 63
199111 57
199218 54
199324 49
199431 47
199537 45
199643 41
199750 38
199856 36
199962 33
200070 31
200176 29
200283 29
200389 27
200496 25
200602 23
200708 20
200815 22
200921 25
201029 39
201135 42
201241 56
201348 71
201454 92
201560 115
201667 140
201773 171
201880 202
201988 236
202095 273
202201 311
202307 350
202414 390
202520 430
202627 471
202733 512
202839 551
202946 591
203053 628
203160 666
203266 701
203372 735
203479 765
203585 792
203692 817
203798 838
203904 857
204012 872
204118 882
204225 890
204331 897
204437 898
204544 898
204650 895
204757 894
204863 892
204969 891
205077 891
205183 887
205290 878
205396 883
205502 881
205609 877
205715 875
205821 871
205928 868
206035 865
206142 862
206248 858
206354 852
206461 847
206567 842
206674 837
206780 832
206886 829
206994 821
207100 814
207207 809
207313 802
207419 795
207526 788
207632 782
207739 774
207845 768
207951 767
208059 751
208165 744
208272 734
208378 725
208484 718
208591 708
208697 702
208804 691
208910 682
209017 668
209124 664
209230 656
209337 644
209443 636
209549 625
209656 616
209762 606
209868 587
209975 585
210082 575
210189 566
210295 556
210401 546
210508 535
210614 525
210721 515
210827 505
210933 494
211041 483
211147 471
211254 461
211360 451
211466 440
211573 429
211679 417
211786 407
211892 396
211999 385
212106 380
212212 366
212319 356
212425 346
212531 336
212638 326
212744 316
212851 305
212957 297
213064 286
213171 277
213277 269
213384 257
213490 248
213596 238
213703 229
213809 220
213915 212
214023 204
214129 194
214236 193
214342 178
214449 170
214555 162
214661 154
214768 140
214874 140
214980 133
215088 125
215194 119
215301 113
215407 106
215513 100
215620 94
215726 89
215833 84
215939 78
216046 74
216153 69
216259 64
216366 61
216472 57
216578 53
216685 49
216791 45
216898 44
217005 40
217111 37
217218 35
217324 34
217431 31
217537 28
217643 25
217750 26
217856 24
217962 21
218070 23
218176 23
218283 28
218389 37
218496 46
218602 61
218708 79
218815 100
218921 124
219029 151
219135 185
219241 217
219348 252
219454 290
219560 328
219667 365
219773 406
219880 447
219988 489
220095 529
220201 569
220307 607
220414 645
220520 680
220627 714
220733 747
220839 775
220946 803
221053 828
221160 846
221266 863
221372 877
221479 886
221585 895
221692 899
221798 897
221904 896
222012 895
222118 893
222225 893
222331 889
222437 889
222544 887
222650 884
222757 882
222863 882
222969 876
223077 875
223183 869
223290 867
223396 863
223502 861
223609 855
223715 850
223821 845
223928 839
224035 835
224142 831
224248 824
224354 818
224461 812
224567 797
224674 799
224780 793
224886 785
224994 778
225100 771
225207 763
225313 756
225419 748
225526 738
225632 731
225739 723
225845 713
225951 690
226059 696
226165 688
226272 679
226378 670
226484 661
226591 650
226697 641
226804 630
226910 621
227017 612
227124 603
227230 592
227337 581
227443 574
227549 568
227656 551
227762 541
227868 531
227975 521
228082 511
228189 500
228295 489
228401 477
228508 468
228614 457
228721 446
228827 435
228933 424
229041 414
229147 403
229254 394
229360 384
229466 372
229573 363
229679 351
229786 343
229892 330
229999 322
230106 311
230212 303
230319 292
230425 282
230531 273
230638 263
230744 253
230851 244
230957 235
231064 226
231171 217
231277 209
231384 200
231490 191
231596 183
231703 175
231809 165
231915 160
232023 151
232129 143
232236 138
232342 129
232449 123
232555 118
232661 110
232768 104
232874 98
232980 92
233088 88
233194 82
233301 76
233407 71
233513 67
233620 63
233726 58
233833 53
233939 52
234046 47
234153 46
234259 41
234366 39
234472 35
234578 33
234685 31
234791 31
234898 25
235005 28
235111 26
235218 24
235324 23
235431 21
235537 25
235643 32
235750 40
235856 53
235962 68
236070 88
236176 111
236283 137
236389 164
236496 200
236602 230
236708 266
236815 304
236921 343
237029 383
237135 423
237241 462
237348 504
237454 546
237560 584
237667 623
237773 660
237880 694
237988 729
238095 760
238201 788
238307 814
238414 837
238520 855
238627 869
238733 881
238839 890
238946 896
239053 897
239160 896
239266 896
239372 894
239479 893
239585 892
239692 890
239798 888
239904 885
240012 883
240118 882
240225 879
240331 875
240437 872
240544 869
240650 866
240757 862
240863 857
240969 851
241077 848
241183 844
241290 838
241396 834
241502 828
241609 820
241715 813
241821 810
241928 803
242035 796
242142 788
242248 782
242354 774
242461 768
242567 761
242674 752
242780 745
242886 735
242994 720
243100 717
243207 710
243313 702
243419 685
243526 684
243632 675
243739 665
243845 657
243951 646
244059 637
244165 627
244272 617
244378 606
244484 597
244591 587
244697 578
244804 567
244910 558
245017 551
245124 536
245230 528
245337 516
245443 507
245549 495
245656 484
245762 474
245868 463
245975 452
246082 442
246189 431
246295 420
246401 410
246508 400
246614 389
246721 378
246827 368
246933 357
247041 346
247147 337
247254 328
247360 317
247466 308
247573 299
247679 287
247786 278
247892 269
247999 259
248106 256
248212 241
248319 232
248425 223
248531 215
248638 205
248744 196
248851 189
248957 179
249064 171
249171 163
249277 156
249384 149
249490 142
249596 133
249703 126
249809 121
249915 114
250023 108
250129 101
250236 94
250342 98
250449 85
250555 80
250661 74
250768 69
250874 66
250980 62
251088 58
251194 53
251301 50
251407 47
251513 40
251620 40
251726 37
251833 35
251939 33
252046 31
252153 29
252259 28
252366 25
252472 25
252578 22
252685 21
252791 23
252898 28
253005 34
253111 45
253218 59
253324 76
253431 97
253537 122
253643 148
253750 178
253856 212
253962 246
254070 283
254176 321
254283 360
254389 399
254496 440
254602 481
254708 522
254815 562
254921 601
255029 639
255135 675
255241 709
255348 742
255454 771
255560 803
255667 823
255773 844
255880 861
255988 875
256095 886
256201 893
256307 897
256414 898
256520 897
256627 896
256733 894
256839 891
256946 891
257053 889
257160 887
257266 884
257372 883
257479 880
257585 877
257692 874
257798 871
257904 867
258012 863
258118 860
258225 855
258331 850
258437 846
258544 840
258650 836
258757 830
258863 825
258969 819
259077 811
259183 808
259290 800
259396 793
259502 787
259609 779
259715 772
259821 764
259928 757
260035 747
260142 740
260248 733
260354 724
260461 715
260567 706
260674 697
260780 690
260886 679
260994 671
261100 661
261207 651
261313 640
261419 633
261526 622
261632 613
261739 604
261845 590
261951 584
262059 573
262165 564
262272 553
262378 543
262484 533
262591 523
262697 511
262804 501
262910 491
263017 480
263124 470
263230 458
263337 450
263443 436
263549 426
263656 415
263762 405
263868 395
263975 384
264082 373
264189 362
264295 353
264401 343
264508 333
264614 323
264721 314
264827 304
264933 293
265041 284
265147 274
265254 264
265360 256
265466 253
265573 237
265679 226
265786 219
265892 212
265999 201
266106 193
266212 185
266319 175
266425 169
266531 161
266638 153
266744 146
266851 137
266957 131
267064 124
267171 118
267277 112
267384 105
267490 100
267596 93
267703 88
267809 83
267915 78
268023 73
268129 68
268236 62
268342 60
268449 55
268555 51
268661 48
268768 51
268874 42
268980 39
269088 37
269194 34
269301 32
269407 31
269513 28
269620 26
269726 24
269833 24
269939 24
270046 21
270153 25
270259 30
270366 41
270472 50
270578 67
270685 85
270791 107
270898 133
271005 161
271111 191
271218 234
271324 261
271431 298
271537 336
271643 375
271750 416
271856 457
271962 498
272070 537
272176 578
272283 617
272389 654
272496 689
272602 722
272708 755
272815 784
272921 810
273029 832
273135 852
273241 868
273348 877
273454 889
273560 894
273667 898
273773 897
273880 896
273988 895
274095 894
274201 891
274307 890
274414 889
274520 889
274627 894
274733 882
274839 878
274946 875
275053 870
275160 870
275266 866
275372 862
275479 857
275585 853
275692 849
275798 844
275904 839
276012 833
276118 827
276225 823
276331 816
276437 811
276544 805
276650 797
276757 791
276863 783
276969 777
277077 767
277183 760
277290 753
277396 745
277502 737
277609 749
277715 722
277821 711
277928 702
278035 694
278142 684
278248 676
278354 667
278461 657
278567 648
278674 638
278780 628
278886 618
278994 608
279100 599
279207 589
279313 578
279419 568
279526 558
279632 549
279739 539
279845 529
279951 518
280059 507
280165 497
280272 486
280378 477
280484 465
280591 453
280697 443
280804 433
280910 422
281017 409
281124 403
281230 390
281337 380
281443 373
281549 359
281656 350
281762 339
281868 329
281975 321
282082 309
282189 300
282295 290
282401 281
282508 270
282614 261
282721 251
282827 243
282933 233
283041 225
283147 215
283254 207
283360 198
283466 189
283573 182
283679 173
283786 163
283892 157
283999 150
284106 141
284212 136
284319 128
284425 121
284531 115
284638 108
284744 102
284851 97
284957 91
285064 85
285171 80
285277 75
285384 71
285490 66
285596 62
285703 57
285809 53
285915 51
286023 47
286129 44
286236 42
286342 37
286449 35
286555 33
286661 30
286768 43
286874 27
286980 25
287088 24
287194 22
287301 22
287407 23
287513 26
287620 34
287726 43
287833 57
287939 73
288046 93
288153 118
288259 144
288366 179
288472 205
288578 242
288685 276
288791 313
288898 351
289005 394
289111 434
289218 475
289324 516
289431 555
289537 594
289643 634
289750 669
289856 704
289962 736
290070 768
290176 796
290283 819
290389 840
290496 865
290602 874
290708 884
290815 892
290921 897
291029 897
291135 897
291241 896
291348 895
291454 892
291560 890
291667 890
291773 889
291880 885
291988 883
292095 880
292201 877
292307 875
292414 870
292520 869
292627 864
292733 859
292839 856
292946 853
293053 847
293160 843
293266 838
293372 832
293479 826
293585 820
293692 814
293798 806
293904 800
294012 794
294118 787
294225 780
294331 774
294437 765
294544 758
294650 750
294757 742
294863 734
294969 724
295077 715
295183 707
295290 700
295396 690
295502 681
295609 671
295715 663
295821 652
295928 644
296035 634
296142 625
296248 613
296354 605
296461 595
296567 585
296674 575
296780 566
296886 555
296994 545
297100 534
297207 524
297313 517
297419 503
297526 493
297632 481
297739 471
297845 456
297951 450
298059 439
298165 429
298272 418
298378 406
298484 395
298591 386
298697 376
298804 365
298910 355
299017 348
299124 335
299230 326
299337 315
299443 306
299549 295
299656 285
299762 277
299868 267
299975 255
300082 246
300189 240
300295 230
300401 220
300508 214
300614 203
300721 193
300827 187
300933 178
301041 169
301147 162
301254 154
301360 146
301466 139
301573 133
301679 125
301786 118
301892 112
301999 104
302106 102
302212 95
302319 88
302425 83
302531 79
302638 73
302744 69
302851 65
302957 59
303064 55
303171 53
303277 48
303384 45
303490 43
303596 39
303703 36
303809 35
303915 33
304023 30
304129 29
304236 27
304342 26
304449 24
304555 24
304661 22
304768 22
304874 29
304980 38
305088 50
305194 63
305301 81
305407 103
305513 128
305620 156
305726 187
305833 219
305939 254
306046 292
306153 330
306259 370
306366 409
306472 450
306578 492
306685 533
306791 570
306898 610
307005 647
307111 683
307218 718
307324 748
307431 779
307537 806
307643 828
307750 848
307856 865
307962 878
308070 888
308176 894
308283 899
308389 897
308496 889
308602 896
308708 893
308815 893
308921 891
309029 888
309135 887
309241 885
309348 882
309454 878
309560 877
309667 873
309773 871
309880 867
309988 862
310095 858
310201 855
310307 850
310414 846
310520 830
310627 834
310733 829
310839 824
310946 817
311053 816
311160 805
311266 798
311372 792
311479 784
311585 778
311692 770
311798 762
311904 755
312012 747
312118 739
312225 731
312331 721
312437 713
312544 704
312650 695
312757 687
312863 676
312969 669
313077 659
313183 650
313290 641
313396 630
313502 621
313609 611
313715 602
313821 591
313928 580
314035 569
314142 561
314248 551
314354 537
314461 532
314567 518
314674 510
314780 498
314886 488
314994 477
315100 468
315207 457
315313 441
315419 436
315526 425
315632 412
315739 402
315845 394
315951 381
316059 372
316165 361
316272 352
316378 342
316484 332
316591 322
316697 311
316804 302
316910 291
317017 282
317124 273
317230 263
317337 253
317443 241
317549 235
317656 226
317762 217
317868 209
317975 199
318082 191
318189 183
318295 175
318401 166
318508 159
318614 150
318721 143
318827 137
318933 130
319041 125
319147 116
319254 110
319360 103
319466 99
319573 92
319679 86
319786 81
319892 69
319999 72
320106 66
320212 62
320319 59
320425 53
320531 50
320638 47
320744 44
320851 40
320957 38
321064 36
321171 33
321277 32
321384 29
321490 28
321596 26
321703 25
321809 24
321915 23
322023 20
322129 26
322236 32
322342 41
322449 54
322555 72
322661 90
322768 112
322874 139
322980 168
323088 201
323194 234
323301 271
323407 308
323513 347
323620 386
323726 426
323833 467
323939 510
324046 550
324153 589
324259 626
324366 663
324472 698
324578 732
324685 762
324791 790
324898 816
325005 837
325111 856
325218 872
325324 883
325431 890
325537 895
325643 898
325750 897
325856 896
325962 895
326070 892
326176 891
326283 890
326389 888
326496 886
326602 883
326708 880
326815 880
326921 877
327029 872
327135 868
327241 862
327348 860
327454 856
327560 852
327667 847
327773 843
327880 838
327988 833
328095 826
328201 822
328307 815
328414 809
328520 803
328627 796
328733 789
328839 781
328946 772
329053 766
329160 759
329266 751
329372 744
329479 735
329585 727
329692 716
329798 710
329904 701
330012 692
330118 682
330225 675
330331 665
330437 654
330544 644
330650 635
330757 626
330863 616
330969 606
331077 595
331183 583
331290 576
331396 566
331502 557
331609 546
331715 517
331821 526
331928 516
332035 505
332142 493
332248 485
332354 472
332461 461
332567 449
332674 440
332780 430
332886 419
332994 408
333100 399
333207 387
333313 378
333419 366
333526 356
333632 347
333739 337
333845 327
333951 317
334059 307
334165 296
334272 288
334378 278
334484 267
334591 250
334697 248
334804 240
334910 231
335017 222
335124 214
335230 204
335337 195
335443 188
335549 180
335656 171
335762 163
335868 156
335975 145
336082 141
336189 133
336295 127
336401 119
336508 113
336614 107
336721 101
336827 96
336933 91
337041 85
337147 79
337254 75
337360 70
337466 66
337573 63
337679 56
337786 52
337892 49
337999 46
338106 43
338212 40
338319 37
338425 36
338531 33
338638 31
338744 29
338851 26
338957 26
339064 24
339171 23
339277 22
339384 21
339490 27
339596 35
339703 47
339809 61
339915 75
340023 100
340129 124
340236 152
340342 182
340449 216
340555 250
340661 285
340768 324
340874 362
340980 403
341088 444
341194 486
341301 527
341407 565
341513 603
341620 644
341726 678
341833 712
341939 745
342046 775
342153 801
342259 825
342366 846
342472 863
342578 877
342685 886
342791 894
342898 902
343005 898
343111 897
343218 894
343324 893
343431 892
343537 890
343643 889
343750 887
343856 885
343962 884
344070 881
344176 877
344283 873
344389 869
344496 869
344602 863
344708 859
344815 854
344921 850
345029 845
345135 841
345241 835
345348 830
345454 825
345560 819
345667 812
345773 806
345880 800
345988 793
346095 785
346201 778
346307 771
346414 763
346520 755
346627 747
346733 739
346839 732
346946 723
347053 713
347160 705
347266 699
347372 688
347479 679
347585 669
347692 660
347798 650
347904 640
348012 631
348118 621
348225 612
348331 601
348437 592
348544 582
348650 573
348757 563
348863 553
348969 542
349077 531
349183 521
349290 511
349396 501
349502 490
349609 479
349715 470
349821 458
349928 446
350035 436
350142 427
350248 415
350354 404
350461 394
350567 384
350674 372
350780 362
350886 353
350994 342
351100 332
351207 321
351313 318
351419 303
351526 293
351632 283
351739 274
351845 263
351951 254
352059 245
352165 236
352272 228
352378 218
352484 209
352591 202
352697 192
352804 183
352910 176
353017 167
353124 152
353230 152
353337 144
353443 138
353549 135
353656 123
353762 118
353868 112
353975 105
354082 98
354189 93
354295 87
354401 82
354508 76
354614 72
354721 68
354827 63
354933 59
355041 56
355147 53
355254 49
355360 44
355466 40
355573 39
355679 36
355786 35
355892 31
355999 31
356106 28
356212 27
356319 25
356425 24
356531 22
356638 21
356744 25
356851 32
356957 39
357064 51
357171 68
357277 87
357384 110
357490 136
357596 163
357703 195
357809 229
357915 265
358023 303
358129 341
358236 380
358342 422
358449 461
358555 503
358661 543
358768 581
358874 619
358980 657
359088 693
359194 726
359301 758
359407 786
359513 812
359620 835
359726 853
359833 869
359939 880
360046 890
360153 894
360259 898
360366 898
360472 896
360578 894
360685 893
360791 892
360898 899
361005 889
361111 887
361218 884
361324 882
361431 879
361537 876
361643 871
361750 869
361856 865
361962 862
362070 857
362176 852
362283 847
362389 843
362496 838
362602 834
362708 827
362815 821
362921 816
363029 810
363135 803
363241 798
363348 790
363454 782
363560 776
363667 768
363773 761
363880 752
363988 744
364095 736
364201 727
364307 720
364414 711
364520 707
364627 694
364733 686
364839 676
364946 667
365053 661
365160 647
365266 637
365372 628
365479 618
365585 608
365692 597
365798 587
365904 577
366012 568
366118 559
366225 548
366331 536
366437 528
366544 517
366650 508
366757 496
366863 485
366969 474
367077 463
367183 454
367290 469
367396 431
367502 422
367609 411
367715 406
367821 389
367928 380
368035 368
368142 359
368248 348
368354 338
368461 328
368567 318
368674 308
368780 298
368886 288
368994 279
369100 269
369207 260
369313 249
369419 241
369526 233
369632 223
369739 214
369845 204
369951 197
370059 189
370165 181
370272 172
370378 164
370484 156
370591 149
370697 142
370804 134
370910 128
371017 121
371124 115
371230 109
371337 102
371443 95
371549 90
371656 85
371762 80
371868 75
371975 70
372082 64
372189 61
372295 58
372401 52
372508 49
372614 45
372721 43
372827 40
372933 37
373041 36
373147 33
373254 31
373360 29
373466 27
373573 27
373679 24
373786 24
373892 23
373999 23
374106 27
374212 34
374319 44
374425 58
374531 76
374638 97
374744 120
374851 147
374957 178
375064 207
375171 244
375277 281
375384 319
375490 362
375596 397
375703 438
375809 480
375915 527
376023 560
376129 598
376236 636
376342 672
376449 707
376555 740
376661 771
376768 797
376874 824
376980 842
377088 861
377194 874
377301 884
377407 892
377513 897
377620 897
377726 897
377833 895
377939 894
378046 892
378153 891
378259 883
378366 887
378472 886
378578 884
378685 879
378791 876
378898 875
379005 872
379111 868
379218 865
379324 860
379431 854
379537 851
379643 846
379750 841
379856 836
379962 830
380070 825
380176 819
380283 812
380389 808
380496 800
380602 793
380708 788
380815 779
380921 773
381029 765
381135 757
381241 750
381348 742
381454 733
381560 724
381667 716
381773 706
381880 699
381988 691
382095 681
382201 673
382307 663
382414 651
382520 643
382627 633
382733 625
382839 606
382946 604
383053 593
383160 584
383266 575
383372 563
383479 553
383585 543
383692 533
383798 524
383904 513
384012 501
384118 491
384225 481
384331 469
384437 459
384544 448
384650 438
384757 427
384863 415
384969 407
385077 395
385183 383
385290 374
385396 364
385502 354
385609 343
385715 325
385821 324
385928 315
386035 304
386142 295
386248 285
386354 274
386461 265
386567 256
386674 247
386780 237
386886 228
386994 219
387100 211
387207 202
387313 193
387419 186
387526 177
387632 170
387739 160
387845 151
387951 145
388059 139
388165 129
388272 124
388378 119
388484 111
388591 104
388697 98
388804 93
388910 88
389017 81
389124 79
389230 72
389337 67
389443 63
389549 61
389656 55
389762 51
389868 48
389975 45
390082 43
390189 38
390295 36
390401 32
390508 32
390614 30
390721 29
390827 27
390933 26
391041 24
391147 22
391254 22
391360 24
391466 30
391573 39
391679 49
391786 65
391892 84
391999 106
392106 131
392212 160
392319 191
392425 224
392531 259
392638 296
392744 334
392851 374
392957 413
393064 455
393171 497
393277 537
393384 575
393490 615
393596 653
393703 687
393809 721
393915 753
394023 782
394129 809
394236 831
394342 851
394449 866
394555 885
394661 888
394768 895
394874 900
394980 897
395088 895
395194 895
395301 893
395407 893
395513 891
395620 888
395726 886
395833 885
395939 886
396046 879
396153 878
396259 872
396366 862
396472 866
396578 862
396685 858
396791 855
396898 849
397005 845
397111 840
397218 834
397324 828
397431 822
397537 817
397643 810
397750 804
397856 797
397962 791
398070 784
398176 777
398283 769
398389 742
398496 754
398602 746
398708 738
398815 728
398921 718
399029 712
399135 703
399241 695
399348 685
399454 676
399560 668
399667 659
399773 649
399880 639
399988 629
400095 620
400201 608
400307 599
400414 589
400520 579
400627 569
400733 559
400839 549
400946 540
401053 530
401160 518
401266 508
401372 496
401479 486
401585 475
401692 465
401798 454
401904 443
402012 433
402118 424
402225 412
402331 400
402437 391
402544 381
402650 370
402757 359
402863 350
402969 339
403077 329
403183 320
403290 309
403396 299
403502 290
403609 280
403715 268
403821 261
403928 252
404035 243
404142 233
404248 224
404354 215
404461 207
404567 198
404674 191
404780 182
404886 174
404994 165
405100 159
405207 149
405313 142
405419 135
405526 128
405632 121
405739 115
405845 109
405951 102
406059 97
406165 91
406272 86
406378 80
406484 76
406591 71
406697 67
406804 63
406910 58
407017 54
407124 49
407230 48
407337 44
407443 38
407549 37
407656 35
407762 33
407868 31
407975 30
408082 28
408189 27
408295 25
408401 23
408508 23
408614 22
408721 25
408827 34
408933 42
409041 56
409147 74
409254 93
409360 115
409466 142
409573 171
409679 205
409786 239
409892 274
409999 312
410106 351
410212 391
410319 432
410425 471
410531 513
410638 554
410744 592
410851 630
410957 667
411064 701
411171 735
411277 766
411384 793
411490 818
411596 844
411703 857
411809 873
411915 884
412023 892
412129 901
412236 898
412342 897
412449 894
412555 894
412661 893
412768 891
412874 889
412980 887
413088 886
413194 884
413301 881
413407 878
413513 875
413620 871
413726 868
413833 864
413939 860
414046 856
414153 851
414259 846
414366 841
414472 837
414578 832
414685 826
414791 821
414898 814
415005 808
415111 801
415218 795
415324 787
415431 780
415537 775
415643 766
415750 758
415856 750
415962 742
416070 736
416176 726
416283 715
416389 710
416496 702
416602 691
416708 683
416815 670
416921 665
417029 654
417135 645
417241 636
417348 624
417454 615
417560 606
417667 594
417773 586
417880 577
417988 565
418095 556
418201 545
418307 535
418414 523
418520 515
418627 503
418733 493
418839 483
418946 472
419053 461
419160 449
419266 439
419372 428
419479 418
419585 407
419692 396
419798 386
419904 376
420012 366
420118 357
420225 346
420331 335
420437 326
420544 316
420650 306
420757 297
420863 285
420969 277
421077 277
421183 258
421290 248
421396 239
421502 231
421609 220
421715 212
421821 204
421928 195
422035 186
422142 179
422248 171
422354 162
422461 155
422567 145
422674 141
422780 133
422886 125
422994 120
423100 112
423207 106
423313 102
423419 95
423526 89
423632 83
423739 90
423845 74
423951 69
424059 65
424165 62
424272 56
424378 54
424484 49
424591 46
424697 42
424804 39
424910 35
425017 35
425124 32
425230 30
425337 17
425443 27
425549 27
425656 24
425762 23
425868 21
425975 21
426082 28
426189 36
426295 47
426401 62
426508 81
426614 101
426721 125
426827 154
426933 186
427041 218
427147 253
427254 290
427360 328
427466 368
427573 407
427679 448
427786 491
427892 531
427999 567
428106 609
428212 647
428319 681
428425 715
428531 748
428638 777
428744 805
428851 827
428957 847
429064 870
429171 878
429277 888
429384 892
429490 902
429596 897
429703 897
429809 896
429915 894
430023 893
430129 890
430236 888
430342 886
430449 885
430555 882
430661 879
430768 877
430874 873
430980 870
431088 865
431194 863
431301 858
431407 855
431513 849
431620 846
431726 840
431833 835
431939 829
432046 823
432153 818
432259 812
432366 805
432472 799
432578 792
432685 784
432791 781
432898 770
433005 763
433111 755
433218 747
433324 739
433431 730
433537 722
433643 713
433750 705
433856 698
433962 687
434070 678
434176 670
434283 661
434389 650
434496 640
434602 631
434708 618
434815 611
434921 603
435029 591
435135 581
435241 571
435348 561
435454 550
435560 542
435667 532
435773 520
435880 510
435988 498
436095 489
436201 479
