48 71
154 71
260 910
367 909
473 908
580 909
686 908
792 909
899 909
1006 910
1113 909
1219 909
1325 908
1432 909
1538 913
1645 909
1751 909
1857 909
1964 910
2071 909
2178 910
2284 909
2390 907
2497 909
2603 908
2709 910
2816 910
2922 908
3030 910
3136 910
3243 907
3349 910
3455 910
3562 908
3668 908
3774 918
3881 908
3988 910
4095 908
4201 909
4307 909
4414 909
4520 910
4627 909
4733 913
4839 909
4946 909
5053 909
5160 909
5266 904
5372 908
5479 908
5585 909
5692 909
5798 908
5904 909
6012 908
6118 908
6225 909
6331 908
6437 909
6544 909
6650 911
6757 909
6863 905
6969 907
7077 908
7183 908
7290 908
7396 908
7502 909
7609 907
7715 908
7821 908
7928 908
8035 908
8142 908
8248 909
8354 909
8461 909
8567 909
8674 908
8780 909
8886 909
8994 910
9100 909
9207 69
9313 74
9419 70
9526 70
9632 70
9739 70
9845 70
9951 71
10059 70
10165 72
10272 71
10378 70
10484 70
10591 70
10697 71
10804 71
10910 70
11017 71
11124 71
11230 69
11337 70
11443 70
11549 70
11656 70
11762 72
11868 72
11975 70
12082 70
12189 71
12295 70
12401 70
12508 70
12614 70
12721 69
12827 70
12933 71
13041 71
13147 70
13254 70
13360 70
13466 71
13573 70
13679 71
13786 71
13892 70
13999 71
14106 70
14212 46
14319 70
14425 70
14531 71
14638 70
14744 70
14851 70
14957 69
15064 72
15171 70
15277 70
15384 70
15490 70
15596 71
15703 71
15809 72
15915 71
16023 70
16129 70
16236 70
16342 71
16449 71
16555 71
16661 72
16768 70
16874 71
16980 70
17088 68
17194 70
17301 70
17407 72
17513 71
17620 72
17726 70
17833 69
17939 71
18046 69
18153 71
18259 908
18366 910
18472 909
18578 909
18685 908
18791 909
18898 908
19005 908
19111 908
19218 909
19324 910
19431 910
19537 909
19643 910
19750 909
19856 909
19962 909
20070 922
20176 908
20283 909
20389 909
20496 908
20602 909
20708 909
20815 909
20921 909
21029 910
21135 908
21241 909
21348 909
21454 910
21560 910
21667 909
21773 908
21880 909
21988 909
22095 909
22201 909
22307 909
22414 908
22520 908
22627 909
22733 909
22839 909
22946 908
23053 909
23160 909
23266 911
23372 909
23479 909
23585 910
23692 909
23798 910
23904 909
24012 909
24118 909
24225 909
24331 909
24437 907
24544 908
24650 910
24757 909
24863 917
24969 909
25077 909
25183 910
25290 909
25396 907
25502 909
25609 909
25715 907
25821 909
25928 908
26035 908
26142 910
26248 908
26354 909
26461 909
26567 909
26674 909
26780 909
26886 909
26994 910
27100 908
27207 70
27313 70
27419 69
27526 75
27632 71
27739 69
27845 70
27951 71
28059 71
28165 71
28272 71
28378 71
28484 70
28591 70
28697 71
28804 70
28910 71
29017 72
29124 71
29230 71
29337 69
29443 71
29549 72
29656 73
29762 71
29868 70
29975 70
30082 70
30189 71
30295 71
30401 70
30508 70
30614 71
30721 71
30827 70
30933 70
31041 71
31147 70
31254 71
31360 71
31466 71
31573 70
31679 71
31786 70
31892 71
31999 71
32106 71
32212 70
32319 71
32425 70
32531 69
32638 71
32744 69
32851 70
32957 70
33064 70
33171 71
33277 72
33384 71
33490 71
33596 71
33703 70
33809 71
33915 72
34023 70
34129 71
34236 71
34342 70
34449 69
34555 71
34661 70
34768 70
34874 71
34980 70
35088 70
35194 71
35301 71
35407 70
35513 72
35620 70
35726 69
35833 70
35939 71
36046 70
36153 910
36259 909
36366 907
36472 910
36578 909
36685 911
36791 909
36898 910
37005 909
37111 908
37218 908
37324 908
37431 908
37537 912
37643 910
37750 909
37856 908
37962 908
38070 908
38176 908
38283 909
38389 909
38496 907
38602 907
38708 908
38815 909
38921 909
39029 909
39135 910
39241 909
39348 908
39454 909
39560 909
39667 911
39773 909
39880 908
39988 910
40095 909
40201 909
40307 909
40414 908
40520 910
40627 908
40733 910
40839 909
40946 910
41053 908
41160 908
41266 909
41372 909
41479 906
41585 909
41692 910
41798 909
41904 910
42012 908
42118 910
42225 909
42331 910
42437 905
42544 908
42650 909
42757 909
42863 909
42969 910
43077 911
43183 908
43290 910
43396 908
43502 909
43609 910
43715 910
43821 909
43928 910
44035 908
44142 909
44248 909
44354 909
44461 908
44567 909
44674 909
44780 908
44886 909
44994 908
45100 69
45207 70
45313 69
45419 71
45526 72
45632 70
45739 71
45845 71
45951 70
46059 69
46165 71
46272 70
46378 71
46484 71
46591 69
46697 71
46804 71
46910 70
47017 70
47124 70
47230 70
47337 71
47443 73
47549 70
47656 78
47762 70
47868 71
47975 70
48082 71
48189 71
48295 70
48401 71
48508 71
48614 70
48721 72
48827 71
48933 70
49041 71
49147 70
49254 72
49360 73
49466 70
49573 72
49679 71
49786 85
49892 71
49999 72
50106 70
50212 71
50319 71
50425 70
50531 71
50638 70
50744 70
50851 71
50957 70
51064 70
51171 70
51277 70
51384 70
51490 71
51596 71
51703 69
51809 71
51915 71
52023 71
52129 70
52236 71
52342 69
52449 70
52555 71
52661 68
52768 69
52874 70
52980 70
53088 71
53194 70
53301 70
53407 70
53513 70
53620 71
53726 70
53833 71
53939 71
54046 909
54153 909
54259 908
54366 909
54472 908
54578 909
54685 909
54791 910
54898 909
55005 910
55111 911
55218 908
55324 908
55431 909
55537 908
55643 909
55750 910
55856 908
55962 910
56070 909
56176 909
56283 908
56389 908
56496 909
56602 909
56708 909
56815 909
56921 910
57029 908
57135 909
57241 908
57348 909
57454 909
57560 927
57667 909
57773 907
57880 908
57988 909
58095 907
58201 909
58307 909
58414 909
58520 909
58627 909
58733 908
58839 909
58946 909
59053 909
59160 908
59266 909
59372 908
59479 910
59585 908
59692 909
59798 908
59904 910
60012 908
60118 909
60225 910
60331 908
60437 908
60544 909
60650 909
60757 908
60863 909
60969 908
61077 908
61183 910
61290 896
61396 909
61502 910
61609 909
61715 909
61821 909
61928 909
62035 910
62142 909
62248 909
62354 909
62461 910
62567 908
62674 908
62780 910
62886 908
62994 910
63100 71
63207 70
63313 70
63419 71
63526 71
63632 72
63739 70
63845 69
63951 70
64059 70
64165 71
64272 70
64378 71
64484 70
64591 69
64697 71
64804 71
64910 71
65017 59
65124 70
65230 69
65337 71
65443 70
65549 50
65656 70
65762 70
65868 71
65975 71
66082 69
66189 70
66295 71
66401 71
66508 70
66614 71
66721 70
66827 72
66933 70
67041 70
67147 70
67254 70
67360 70
67466 70
67573 69
67679 70
67786 69
67892 69
67999 71
68106 71
68212 70
68319 70
68425 70
68531 70
68638 70
68744 70
68851 71
68957 70
69064 71
69171 70
69277 71
69384 69
69490 70
69596 69
69703 71
69809 70
69915 70
70023 70
70129 71
70236 72
70342 72
70449 71
70555 70
70661 66
70768 71
70874 71
70980 70
71088 71
71194 72
71301 70
71407 70
71513 71
71620 70
71726 71
71833 70
71939 71
72046 909
72153 909
72259 910
72366 908
72472 906
72578 909
72685 908
72791 909
72898 910
73005 909
73111 909
73218 909
73324 909
73431 909
73537 909
73643 908
73750 909
73856 909
73962 909
74070 908
74176 909
74283 908
74389 908
74496 908
74602 911
74708 908
74815 909
74921 909
75029 910
75135 910
75241 909
75348 908
75454 909
75560 909
75667 909
75773 909
75880 909
75988 906
76095 909
76201 909
76307 910
76414 908
76520 909
76627 909
76733 908
76839 909
76946 910
77053 908
77160 910
77266 910
77372 908
77479 909
77585 921
77692 908
77798 909
77904 909
78012 913
78118 909
78225 909
78331 908
78437 908
78544 910
78650 909
78757 910
78863 908
78969 910
79077 910
79183 909
79290 910
79396 909
79502 909
79609 909
79715 908
79821 909
79928 908
80035 909
80142 911
80248 908
80354 908
80461 909
80567 909
80674 908
80780 908
80886 909
80994 68
81100 70
81207 71
81313 69
81419 73
81526 71
81632 69
81739 71
81845 71
81951 71
82059 71
82165 71
82272 70
82378 70
82484 71
82591 71
82697 73
82804 71
82910 72
83017 72
83124 70
83230 72
83337 71
83443 70
83549 70
83656 71
83762 70
83868 71
83975 71
84082 70
84189 70
84295 71
84401 71
84508 71
84614 70
84721 70
84827 71
84933 71
85041 70
85147 69
85254 71
85360 50
85466 70
85573 70
85679 70
85786 70
85892 71
85999 69
86106 70
86212 73
86319 70
86425 69
86531 69
86638 69
86744 70
86851 70
86957 70
87064 71
87171 70
87277 71
87384 69
87490 70
87596 71
87703 73
87809 70
87915 70
88023 69
88129 70
88236 70
88342 74
88449 70
88555 70
88661 70
88768 71
88874 72
88980 72
89088 70
89194 71
89301 71
89407 71
89513 71
89620 74
89726 71
89833 71
89939 910
90046 909
90153 909
90259 908
90366 909
90472 909
90578 909
90685 909
90791 909
90898 909
91005 909
91111 909
91218 909
91324 909
91431 908
91537 911
91643 909
91750 909
91856 910
91962 909
92070 909
92176 910
92283 909
92389 909
92496 907
92602 908
92708 909
92815 908
92921 909
93029 909
93135 908
93241 909
93348 909
93454 909
93560 910
93667 909
93773 910
93880 909
93988 907
94095 909
94201 909
94307 908
94414 910
94520 910
94627 906
94733 906
94839 909
94946 909
95053 908
95160 910
95266 909
95372 908
95479 909
95585 909
95692 908
95798 910
95904 910
96012 909
96118 910
96225 909
96331 910
96437 908
96544 907
96650 908
96757 909
96863 908
96969 909
97077 910
97183 909
97290 909
97396 910
97502 908
97609 907
97715 909
97821 908
97928 908
98035 909
98142 909
98248 909
98354 908
98461 914
98567 908
98674 909
98780 908
98886 70
98994 70
99100 71
99207 71
99313 71
99419 75
99526 71
99632 71
99739 71
99845 70
99951 70
100059 70
100165 70
100272 71
100378 71
100484 71
100591 70
100697 71
100804 71
100910 71
101017 64
101124 70
101230 70
101337 71
101443 70
101549 71
101656 71
101762 70
101868 70
101975 71
102082 70
102189 72
102295 70
102401 72
102508 71
102614 70
102721 71
102827 71
102933 70
103041 71
103147 71
103254 70
103360 70
103466 70
103573 70
103679 71
103786 75
103892 71
103999 70
104106 72
104212 72
104319 72
104425 71
104531 72
104638 69
104744 70
104851 71
104957 71
105064 72
105171 71
105277 70
105384 70
105490 70
105596 71
105703 70
105809 70
105915 71
106023 70
106129 70
106236 72
106342 70
106449 70
106555 70
106661 70
106768 70
106874 71
106980 70
107088 72
107194 71
107301 70
107407 70
107513 70
107620 70
107726 70
107833 68
107939 910
108046 909
108153 908
108259 909
108366 909
108472 902
108578 908
108685 909
108791 909
108898 909
109005 910
109111 909
109218 909
109324 909
109431 909
109537 910
109643 909
109750 909
109856 910
109962 908
110070 909
110176 908
110283 908
110389 908
110496 909
110602 910
110708 907
110815 909
110921 908
111029 909
111135 909
111241 901
111348 909
111454 908
111560 910
111667 909
111773 909
111880 909
111988 908
112095 908
112201 909
112307 909
112414 909
112520 908
112627 908
112733 908
112839 909
112946 906
113053 908
113160 914
113266 910
113372 909
113479 909
113585 909
113692 908
113798 908
113904 908
114012 909
114118 910
114225 908
114331 908
114437 909
114544 908
114650 907
114757 909
114863 909
114969 909
115077 908
115183 909
115290 907
115396 909
115502 909
115609 909
115715 908
115821 909
115928 909
116035 910
116142 908
116248 909
116354 910
116461 908
116567 909
116674 908
116780 909
116886 71
116994 71
117100 70
117207 71
117313 70
117419 71
117526 70
117632 71
117739 70
117845 70
117951 71
118059 69
118165 70
118272 70
118378 69
118484 70
118591 69
118697 69
118804 74
118910 71
119017 70
119124 71
119230 70
119337 69
119443 71
119549 70
119656 71
119762 71
119868 72
119975 72
120082 70
120189 71
120295 71
120401 70
120508 70
120614 70
120721 70
120827 71
120933 71
121041 70
121147 71
121254 70
121360 70
121466 70
121573 71
121679 64
121786 71
121892 71
121999 70
122106 71
122212 70
122319 70
122425 70
122531 71
122638 71
122744 72
122851 71
122957 71
123064 70
123171 70
123277 71
123384 71
123490 71
123596 70
123703 69
123809 70
123915 70
124023 70
124129 70
124236 69
124342 70
124449 70
124555 70
124661 69
124768 70
124874 70
124980 70
125088 70
125194 70
125301 70
125407 69
125513 70
125620 70
125726 71
125833 908
125939 910
126046 909
126153 909
126259 909
126366 909
126472 908
126578 910
126685 908
126791 909
126898 909
127005 908
127111 909
127218 909
127324 909
127431 909
127537 908
127643 907
127750 908
127856 909
127962 908
128070 907
128176 909
128283 909
128389 908
128496 910
128602 910
128708 908
128815 910
128921 909
129029 909
129135 910
129241 909
129348 908
129454 910
129560 910
129667 909
129773 910
129880 908
129988 908
130095 909
130201 909
130307 909
130414 910
130520 909
130627 909
130733 908
130839 909
130946 909
131053 909
131160 909
131266 909
131372 908
131479 909
131585 916
131692 909
131798 909
131904 910
132012 908
132118 909
132225 909
132331 909
132437 909
132544 906
132650 909
132757 908
132863 909
132969 909
133077 908
133183 909
133290 907
133396 908
133502 910
133609 910
133715 909
133821 909
133928 908
134035 909
134142 909
134248 908
134354 908
134461 908
134567 908
134674 909
134780 69
134886 69
134994 71
135100 71
135207 70
135313 71
135419 69
135526 71
135632 70
135739 70
135845 70
135951 71
136059 71
136165 71
136272 71
136378 71
136484 72
136591 71
136697 71
136804 70
136910 72
137017 70
137124 70
137230 72
137337 70
137443 70
137549 71
137656 71
137762 71
137868 71
137975 69
138082 71
138189 70
138295 72
138401 70
138508 70
138614 70
138721 70
138827 70
138933 71
139041 70
139147 70
139254 71
139360 68
139466 70
139573 71
139679 70
139786 69
139892 70
139999 71
140106 70
140212 70
140319 70
140425 71
140531 70
140638 70
140744 71
140851 71
140957 71
141064 70
141171 69
141277 71
141384 70
141490 71
141596 71
141703 71
141809 76
141915 70
142023 70
142129 71
142236 70
142342 65
142449 71
142555 70
142661 70
142768 71
142874 71
142980 71
143088 71
143194 70
143301 71
143407 71
143513 71
143620 72
143726 70
143833 908
143939 912
144046 908
144153 908
144259 908
144366 908
144472 909
144578 909
144685 902
144791 908
144898 910
145005 908
145111 910
145218 909
145324 908
145431 909
145537 908
145643 909
145750 909
145856 909
145962 908
146070 909
146176 909
146283 911
146389 910
146496 908
146602 908
146708 909
146815 909
146921 908
147029 909
147135 909
147241 908
147348 909
147454 909
147560 908
147667 908
147773 910
147880 909
147988 909
148095 909
148201 908
148307 909
148414 909
148520 908
148627 908
148733 909
148839 909
148946 908
149053 910
149160 905
149266 910
149372 909
149479 909
149585 909
149692 911
149798 909
149904 909
150012 908
150118 908
150225 910
150331 909
150437 909
150544 909
150650 908
150757 908
150863 909
150969 910
151077 908
151183 909
151290 909
151396 908
151502 909
151609 909
151715 909
151821 910
151928 909
152035 901
152142 908
152248 908
152354 908
152461 910
152567 908
152674 908
152780 70
152886 71
152994 71
153100 70
153207 70
153313 70
153419 70
153526 70
153632 70
153739 71
153845 71
153951 71
154059 70
154165 71
154272 70
154378 70
154484 71
154591 70
154697 71
154804 70
154910 69
155017 71
155124 72
155230 69
155337 70
155443 72
155549 70
155656 70
155762 70
155868 70
155975 71
156082 69
156189 69
156295 70
156401 70
156508 71
156614 70
156721 71
156827 71
156933 70
157041 70
157147 71
157254 70
157360 71
157466 70
157573 70
157679 70
157786 69
157892 70
157999 72
158106 69
158212 70
158319 70
158425 68
158531 69
158638 69
158744 71
158851 71
158957 73
159064 71
159171 70
159277 71
159384 69
159490 71
159596 71
159703 70
159809 68
159915 71
160023 70
160129 70
160236 69
160342 70
160449 70
160555 68
160661 70
160768 67
160874 70
160980 70
161088 69
161194 69
161301 70
161407 71
161513 70
161620 72
161726 909
161833 910
161939 909
162046 908
162153 909
162259 908
162366 908
162472 910
162578 909
162685 908
162791 910
162898 910
163005 910
163111 910
163218 909
163324 908
163431 909
163537 910
163643 910
163750 909
163856 909
163962 909
164070 911
164176 908
164283 910
164389 908
164496 908
164602 909
164708 909
164815 903
164921 908
165029 909
165135 909
165241 909
165348 910
165454 909
165560 909
165667 910
165773 908
165880 910
165988 909
166095 908
166201 909
166307 912
166414 908
166520 909
166627 909
166733 909
166839 908
166946 910
167053 910
167160 911
167266 908
167372 909
167479 908
167585 908
167692 909
167798 909
167904 909
168012 911
168118 910
168225 909
168331 908
168437 908
168544 909
168650 910
168757 907
168863 908
168969 908
169077 909
169183 909
169290 909
169396 909
169502 909
169609 910
169715 909
169821 909
169928 909
170035 908
170142 909
170248 909
170354 909
170461 909
170567 909
170674 69
170780 67
170886 62
170994 71
171100 70
171207 71
171313 70
171419 71
171526 71
171632 71
171739 70
171845 68
171951 71
172059 70
172165 70
172272 70
172378 70
172484 66
172591 71
172697 70
172804 70
172910 68
173017 70
173124 71
173230 72
173337 71
173443 70
173549 70
173656 70
173762 68
173868 71
173975 70
174082 71
174189 70
174295 69
174401 70
174508 70
174614 71
174721 70
174827 69
174933 70
175041 71
175147 70
175254 70
175360 71
175466 71
175573 70
175679 73
175786 70
175892 69
175999 70
176106 71
176212 71
176319 71
176425 71
176531 71
176638 71
176744 70
176851 71
176957 70
177064 69
177171 71
177277 70
177384 70
177490 71
177596 70
177703 70
177809 70
177915 70
178023 70
178129 71
178236 69
178342 70
178449 71
178555 70
178661 70
178768 70
178874 70
178980 72
179088 71
179194 70
179301 70
179407 71
179513 71
179620 69
179726 910
179833 908
179939 908
180046 909
180153 909
180259 901
180366 910
180472 908
180578 910
180685 907
180791 909
180898 909
181005 909
181111 909
181218 909
181324 909
181431 911
181537 908
181643 909
181750 909
181856 909
181962 908
182070 911
182176 909
182283 910
182389 910
182496 910
182602 909
182708 909
182815 909
182921 909
183029 908
183135 909
183241 909
183348 909
183454 910
183560 907
183667 910
183773 908
183880 907
183988 909
184095 909
184201 909
184307 909
184414 909
184520 907
184627 907
184733 909
184839 909
184946 910
185053 909
185160 907
185266 909
185372 909
185479 910
185585 908
185692 907
185798 908
185904 909
186012 909
186118 909
186225 908
186331 909
186437 910
186544 910
186650 909
186757 909
186863 909
186969 908
187077 909
187183 909
187290 908
187396 907
187502 909
187609 906
187715 910
187821 910
187928 908
188035 909
188142 909
188248 908
188354 908
188461 909
188567 908
188674 71
188780 69
188886 78
188994 71
189100 71
189207 71
189313 70
189419 76
189526 72
189632 70
189739 71
189845 70
189951 70
190059 71
190165 71
190272 70
190378 71
190484 70
190591 71
190697 70
190804 71
190910 70
191017 68
191124 70
191230 70
191337 70
191443 69
191549 73
191656 71
191762 71
191868 71
191975 70
192082 70
192189 69
192295 71
192401 71
192508 71
192614 70
192721 69
192827 71
192933 70
193041 71
193147 69
193254 70
193360 71
193466 71
193573 71
193679 70
193786 59
193892 70
193999 70
194106 71
194212 70
194319 70
194425 71
194531 70
194638 71
194744 70
194851 70
194957 71
195064 69
195171 71
195277 72
195384 70
195490 70
195596 71
195703 70
195809 71
195915 71
196023 70
196129 69
196236 69
196342 71
196449 71
196555 70
196661 70
196768 70
196874 70
196980 70
197088 71
197194 71
197301 70
197407 70
197513 70
197620 909
197726 907
197833 908
197939 907
198046 909
198153 909
198259 910
198366 906
198472 908
198578 908
198685 908
198791 908
198898 909
199005 909
199111 910
199218 908
199324 909
199431 909
199537 909
199643 909
199750 910
199856 908
199962 908
200070 908
200176 909
200283 909
200389 909
200496 908
200602 909
200708 908
200815 910
200921 910
201029 909
201135 909
201241 908
201348 910
201454 909
201560 913
201667 909
201773 908
201880 909
201988 909
202095 909
202201 910
202307 908
202414 909
202520 909
202627 909
202733 909
202839 909
202946 910
203053 908
203160 911
203266 909
203372 907
203479 909
203585 909
203692 909
203798 908
203904 909
204012 907
204118 907
204225 909
204331 909
204437 910
204544 909
204650 908
204757 910
204863 909
204969 908
205077 909
205183 908
205290 909
205396 909
205502 910
205609 908
205715 907
205821 908
205928 909
206035 908
206142 908
206248 908
206354 909
206461 908
206567 70
206674 70
206780 70
206886 69
206994 69
207100 70
207207 70
207313 71
207419 71
207526 70
207632 70
207739 71
207845 70
207951 70
208059 71
208165 70
208272 69
208378 71
208484 71
208591 68
208697 70
208804 71
208910 71
209017 70
209124 72
209230 69
209337 70
209443 70
209549 69
209656 70
209762 69
209868 70
209975 71
210082 71
210189 71
210295 71
210401 69
210508 69
210614 71
210721 69
210827 71
210933 69
211041 71
211147 70
211254 71
211360 70
211466 71
211573 72
211679 69
211786 70
211892 71
211999 71
212106 70
212212 70
212319 70
212425 70
212531 70
212638 70
212744 69
212851 70
212957 70
213064 69
213171 71
213277 70
213384 71
213490 69
213596 70
213703 69
213809 71
213915 71
214023 69
214129 69
214236 70
214342 70
214449 71
214555 69
214661 69
214768 71
214874 71
214980 70
215088 70
215194 71
215301 71
215407 71
215513 909
215620 909
215726 907
215833 910
215939 913
216046 908
216153 908
216259 911
216366 910
216472 909
216578 910
216685 908
216791 909
216898 908
217005 909
217111 909
217218 910
217324 910
217431 909
217537 910
217643 909
217750 909
217856 908
217962 909
218070 909
218176 909
218283 908
218389 908
218496 909
218602 909
218708 909
218815 908
218921 908
219029 911
219135 910
219241 909
219348 909
219454 909
219560 908
219667 909
219773 909
219880 909
219988 908
220095 908
220201 909
220307 909
220414 910
220520 909
220627 911
220733 909
220839 909
220946 910
221053 909
221160 907
221266 908
221372 909
221479 910
221585 905
221692 910
221798 909
221904 909
222012 909
222118 909
222225 909
222331 910
222437 910
222544 910
222650 909
222757 908
222863 909
222969 909
223077 909
223183 908
223290 909
223396 910
223502 909
223609 910
223715 908
223821 908
223928 908
224035 909
224142 907
224248 909
224354 909
224461 909
224567 71
224674 70
224780 70
224886 71
224994 70
225100 71
225207 69
225313 85
225419 72
225526 70
225632 71
225739 70
225845 69
225951 71
226059 69
226165 70
226272 71
226378 70
226484 70
226591 70
226697 70
226804 70
226910 81
227017 70
227124 70
227230 71
227337 70
227443 69
227549 70
227656 69
227762 70
227868 70
227975 69
228082 71
228189 71
228295 70
228401 70
228508 70
228614 71
228721 70
228827 71
228933 71
229041 70
229147 71
229254 71
229360 70
229466 73
229573 71
229679 70
229786 71
229892 70
229999 70
230106 70
230212 70
230319 70
230425 70
230531 72
230638 70
230744 71
230851 70
230957 71
231064 71
231171 70
231277 71
231384 71
231490 71
231596 70
231703 72
231809 65
231915 71
232023 69
232129 69
232236 70
232342 70
232449 71
232555 71
232661 71
232768 70
232874 71
232980 70
233088 72
233194 71
233301 71
233407 71
233513 909
233620 909
233726 910
233833 908
233939 908
234046 908
234153 910
234259 908
234366 909
234472 909
234578 908
234685 907
234791 909
234898 908
235005 909
235111 909
235218 909
235324 909
235431 907
235537 909
235643 907
235750 908
235856 909
235962 910
236070 909
236176 908
236283 909
236389 909
236496 913
236602 910
236708 908
236815 909
236921 910
237029 909
237135 909
237241 909
237348 908
237454 909
237560 908
237667 909
237773 907
237880 909
237988 908
238095 908
238201 909
238307 910
238414 910
238520 907
238627 909
238733 908
238839 910
238946 908
239053 907
239160 903
239266 909
239372 909
239479 909
239585 909
239692 908
239798 910
239904 908
240012 909
240118 910
240225 909
240331 908
240437 909
240544 909
240650 908
240757 908
240863 909
240969 909
241077 909
241183 909
241290 910
241396 908
241502 909
241609 917
241715 909
241821 909
241928 909
242035 909
242142 909
242248 910
242354 909
242461 70
242567 71
242674 71
242780 71
242886 72
242994 71
243100 70
243207 71
243313 69
243419 70
243526 72
243632 69
243739 71
243845 72
243951 70
244059 70
244165 70
244272 71
244378 70
244484 70
244591 73
244697 69
244804 70
244910 69
245017 70
245124 70
245230 70
245337 70
245443 85
245549 71
245656 70
245762 70
245868 71
245975 70
246082 70
246189 71
246295 70
246401 70
246508 70
246614 70
246721 70
246827 71
246933 69
247041 70
247147 72
247254 69
247360 71
247466 70
247573 69
247679 70
247786 70
247892 70
247999 71
248106 70
248212 70
248319 71
248425 70
248531 70
248638 70
248744 71
248851 70
248957 71
249064 73
249171 71
249277 70
249384 69
249490 72
249596 71
249703 72
249809 71
249915 71
250023 70
250129 70
250236 68
250342 71
250449 71
250555 70
250661 71
250768 71
250874 70
250980 71
251088 70
251194 70
251301 71
251407 909
251513 909
251620 910
251726 908
251833 908
251939 909
252046 907
252153 909
252259 909
252366 907
252472 909
252578 909
252685 908
252791 907
252898 908
253005 908
253111 911
253218 910
253324 908
253431 907
253537 909
253643 909
253750 909
253856 909
253962 908
254070 908
254176 909
254283 899
254389 908
254496 909
254602 909
254708 902
254815 910
254921 909
255029 911
255135 909
255241 909
255348 908
255454 909
255560 907
255667 909
255773 910
255880 908
255988 908
256095 909
256201 909
256307 910
256414 908
256520 909
256627 911
256733 910
256839 909
256946 907
257053 909
257160 909
257266 909
257372 909
257479 909
257585 909
257692 909
257798 908
257904 908
258012 909
258118 908
258225 909
258331 909
258437 908
258544 909
258650 908
258757 897
258863 909
258969 909
259077 909
259183 914
259290 910
259396 910
259502 909
259609 909
259715 908
259821 909
259928 910
260035 909
260142 908
260248 909
260354 68
260461 70
260567 72
260674 70
260780 70
260886 86
260994 69
261100 71
261207 72
261313 71
261419 71
261526 70
261632 70
261739 71
261845 70
261951 71
262059 70
262165 70
262272 69
262378 70
262484 70
262591 71
262697 71
262804 69
262910 71
263017 71
263124 71
263230 70
263337 70
263443 71
263549 70
263656 70
263762 71
263868 71
263975 71
264082 71
264189 70
264295 73
264401 69
264508 71
264614 70
264721 71
264827 72
264933 71
265041 71
265147 70
265254 71
265360 71
265466 70
265573 69
265679 70
265786 69
265892 70
265999 70
266106 70
266212 72
266319 72
266425 70
266531 70
266638 70
266744 71
266851 71
266957 71
267064 74
267171 69
267277 68
267384 71
267490 70
267596 72
267703 71
267809 68
267915 71
268023 70
268129 71
268236 71
268342 70
268449 70
268555 69
268661 70
268768 71
268874 70
268980 70
269088 71
269194 71
269301 71
269407 909
269513 909
269620 909
269726 909
269833 907
269939 906
270046 909
270153 909
270259 909
270366 912
270472 909
270578 909
270685 909
270791 910
270898 909
271005 909
271111 909
271218 908
271324 909
271431 908
271537 908
271643 909
271750 909
271856 909
271962 906
272070 909
272176 909
272283 908
272389 908
272496 907
272602 909
272708 909
272815 909
272921 908
273029 909
273135 909
273241 908
273348 909
273454 908
273560 909
273667 909
273773 908
273880 909
273988 908
274095 909
274201 909
274307 896
274414 908
274520 909
274627 910
274733 899
274839 909
274946 909
275053 909
275160 909
275266 909
275372 908
275479 909
275585 909
275692 908
275798 908
275904 909
276012 908
276118 909
276225 909
276331 911
276437 908
276544 909
276650 909
276757 909
276863 911
276969 909
277077 908
277183 902
277290 909
277396 909
277502 910
277609 909
277715 909
277821 909
277928 909
278035 907
278142 909
278248 909
278354 71
278461 70
278567 70
278674 68
278780 70
278886 70
278994 70
279100 70
279207 71
279313 68
279419 71
279526 71
279632 70
279739 70
279845 70
279951 71
280059 70
280165 71
280272 71
280378 70
280484 70
280591 71
280697 70
280804 71
280910 71
281017 71
281124 70
281230 72
281337 72
281443 73
281549 70
281656 70
281762 71
281868 71
281975 70
282082 67
282189 70
282295 71
282401 71
282508 66
282614 71
282721 71
282827 70
282933 71
283041 70
283147 70
283254 71
283360 70
283466 70
283573 71
283679 70
283786 71
283892 69
283999 70
284106 70
284212 70
284319 70
284425 69
284531 71
284638 70
284744 70
284851 70
284957 70
285064 69
285171 71
285277 71
285384 70
285490 69
285596 72
285703 70
285809 71
285915 71
286023 71
286129 69
286236 70
286342 70
286449 71
286555 69
286661 71
286768 70
286874 70
286980 71
287088 71
287194 69
287301 908
287407 909
287513 909
287620 908
287726 909
287833 910
287939 908
288046 909
288153 908
288259 908
288366 909
288472 909
288578 909
288685 909
288791 909
288898 909
289005 908
289111 909
289218 909
289324 909
289431 909
289537 910
289643 909
289750 909
289856 909
289962 908
290070 909
290176 909
290283 901
290389 909
290496 908
290602 909
290708 908
290815 909
290921 909
291029 909
291135 909
291241 909
291348 909
291454 909
291560 909
291667 910
291773 910
291880 908
291988 906
292095 909
292201 909
292307 908
292414 910
292520 906
292627 908
292733 910
292839 909
292946 909
293053 909
293160 909
293266 908
293372 909
293479 909
293585 910
293692 908
293798 909
293904 909
294012 909
294118 909
294225 909
294331 909
294437 908
294544 908
294650 909
294757 909
294863 908
294969 909
295077 909
295183 915
295290 909
295396 909
295502 909
295609 914
295715 910
295821 909
295928 909
296035 909
296142 909
296248 69
296354 71
296461 69
296567 71
296674 71
296780 71
296886 70
296994 69
297100 71
297207 69
297313 74
297419 71
297526 70
297632 70
297739 70
297845 71
297951 70
298059 71
298165 71
298272 70
298378 70
298484 70
298591 71
298697 70
298804 72
298910 72
299017 70
299124 71
299230 70
299337 72
299443 74
299549 71
299656 71
299762 71
299868 71
299975 69
300082 71
300189 71
300295 71
300401 71
300508 70
300614 70
300721 70
300827 71
300933 71
301041 70
301147 70
301254 71
301360 70
301466 72
301573 71
301679 69
301786 71
301892 71
301999 70
302106 70
302212 72
302319 70
302425 70
302531 69
302638 71
302744 71
302851 70
302957 66
303064 72
303171 71
303277 71
303384 77
303490 69
303596 71
303703 71
303809 71
303915 70
304023 70
304129 71
304236 67
304342 70
304449 70
304555 70
304661 70
304768 70
304874 71
304980 69
305088 71
305194 70
305301 907
305407 909
305513 907
305620 909
305726 908
305833 906
305939 909
306046 909
306153 910
306259 907
306366 909
306472 909
306578 909
306685 908
306791 908
306898 908
307005 908
307111 909
307218 908
307324 908
307431 910
307537 909
307643 909
307750 909
307856 909
307962 916
308070 908
308176 908
308283 915
308389 907
308496 908
308602 909
308708 911
308815 911
308921 910
309029 910
309135 909
309241 909
309348 910
309454 909
309560 910
309667 909
309773 908
309880 909
309988 909
310095 909
310201 909
310307 907
310414 908
310520 908
310627 909
310733 910
310839 909
310946 910
311053 909
311160 910
311266 909
311372 909
311479 909
311585 909
311692 910
311798 909
311904 910
312012 910
312118 909
312225 908
312331 908
312437 910
312544 910
312650 908
312757 908
312863 909
312969 907
313077 909
313183 910
313290 908
313396 910
313502 910
313609 909
313715 909
313821 908
313928 908
314035 909
314142 908
314248 70
314354 70
314461 70
314567 70
314674 71
314780 61
314886 71
314994 70
315100 69
315207 69
315313 70
315419 69
315526 70
315632 70
315739 71
315845 70
315951 70
316059 69
316165 71
316272 71
316378 71
316484 71
316591 70
316697 70
316804 70
316910 69
317017 70
317124 70
317230 70
317337 70
317443 70
317549 70
317656 71
317762 71
317868 68
317975 70
318082 71
318189 70
318295 71
318401 69
318508 71
318614 71
318721 70
318827 72
318933 71
319041 72
319147 71
319254 70
319360 71
319466 71
319573 69
319679 71
319786 70
319892 69
319999 70
320106 70
320212 71
320319 72
320425 71
320531 72
320638 70
320744 71
320851 71
320957 70
321064 70
321171 71
321277 70
321384 71
321490 71
321596 70
321703 72
321809 71
321915 72
322023 70
322129 71
322236 70
322342 70
322449 69
322555 71
322661 71
322768 71
322874 70
322980 70
323088 71
323194 909
323301 909
323407 908
323513 909
323620 909
323726 907
323833 910
323939 909
324046 908
324153 907
324259 908
324366 909
324472 908
324578 910
324685 908
324791 908
324898 907
325005 909
325111 909
325218 909
325324 908
325431 910
325537 909
325643 909
325750 909
325856 908
325962 917
326070 909
326176 910
326283 909
326389 908
326496 927
326602 910
326708 909
326815 909
326921 909
327029 908
327135 908
327241 909
327348 909
327454 909
327560 908
327667 909
327773 908
327880 909
327988 911
328095 908
328201 908
328307 908
328414 910
328520 909
328627 909
328733 908
328839 909
328946 909
329053 910
329160 910
329266 909
329372 908
329479 909
329585 909
329692 909
329798 909
329904 909
330012 909
330118 908
330225 909
330331 909
330437 909
330544 908
330650 910
330757 911
330863 908
330969 909
331077 908
331183 909
331290 909
331396 909
331502 909
331609 909
331715 909
331821 909
331928 909
332035 908
332142 70
332248 70
332354 70
332461 71
332567 71
332674 70
332780 70
332886 70
332994 70
333100 69
333207 71
333313 69
333419 71
333526 70
333632 71
333739 71
333845 70
333951 70
334059 70
334165 70
334272 71
334378 70
334484 70
334591 71
334697 71
334804 69
334910 71
335017 70
335124 70
335230 71
335337 70
335443 70
335549 70
335656 71
335762 70
335868 71
335975 70
336082 66
336189 71
336295 71
336401 70
336508 62
336614 72
336721 70
336827 70
336933 68
337041 72
337147 71
337254 71
337360 68
337466 70
337573 70
337679 71
337786 70
337892 71
337999 70
338106 71
338212 71
338319 70
338425 70
338531 71
338638 70
338744 71
338851 70
338957 71
339064 71
339171 71
339277 70
339384 70
339490 70
339596 71
339703 72
339809 72
339915 71
340023 70
340129 70
340236 70
340342 71
340449 70
340555 71
340661 70
340768 70
340874 72
340980 69
341088 69
341194 909
341301 908
341407 908
341513 910
341620 909
341726 910
341833 910
341939 908
342046 909
342153 909
342259 909
342366 909
342472 908
342578 910
342685 909
342791 909
342898 910
343005 908
343111 908
343218 909
343324 909
343431 910
343537 909
343643 910
343750 909
343856 909
343962 909
344070 908
344176 908
344283 907
344389 909
344496 909
344602 909
344708 905
344815 909
344921 908
345029 909
345135 906
345241 907
345348 909
345454 909
345560 910
345667 908
345773 909
345880 909
345988 906
346095 907
346201 909
346307 909
346414 907
346520 910
346627 908
346733 910
346839 911
346946 908
347053 909
347160 907
347266 909
347372 909
347479 910
347585 909
347692 908
347798 908
347904 908
348012 908
348118 909
348225 909
348331 909
348437 910
348544 908
348650 911
348757 910
348863 909
348969 909
349077 909
349183 901
349290 909
349396 909
349502 909
349609 910
349715 909
349821 909
349928 909
350035 909
350142 70
350248 72
350354 71
350461 71
350567 71
350674 71
350780 70
350886 71
350994 71
351100 72
351207 69
351313 71
351419 70
351526 71
351632 77
351739 71
351845 70
351951 71
352059 69
352165 70
352272 70
352378 69
352484 70
352591 71
352697 69
352804 70
352910 68
353017 70
353124 72
353230 71
353337 70
353443 70
353549 71
353656 70
353762 71
353868 71
353975 71
354082 70
354189 71
354295 69
354401 70
354508 71
354614 70
354721 69
354827 70
354933 69
355041 70
355147 70
355254 70
355360 70
355466 71
355573 64
355679 70
355786 71
355892 71
355999 71
356106 71
356212 71
356319 70
356425 72
356531 67
356638 71
356744 70
356851 70
356957 69
357064 70
357171 70
357277 71
357384 69
357490 70
357596 70
357703 70
357809 70
357915 70
358023 70
358129 70
358236 70
358342 70
358449 70
358555 70
358661 58
358768 71
358874 70
358980 71
359088 909
359194 908
359301 909
359407 908
359513 909
359620 909
359726 910
359833 908
359939 909
360046 908
360153 908
360259 922
360366 908
360472 909
360578 909
360685 909
360791 910
360898 909
361005 909
361111 909
361218 909
361324 910
361431 908
361537 910
361643 909
361750 909
361856 910
361962 908
362070 908
362176 910
362283 911
362389 909
362496 909
362602 909
362708 909
362815 910
362921 911
363029 909
363135 909
363241 908
363348 909
363454 908
363560 909
363667 909
363773 908
363880 910
363988 908
364095 909
364201 908
364307 908
364414 910
364520 909
364627 908
364733 908
364839 909
364946 908
365053 909
365160 909
365266 909
365372 909
365479 909
365585 909
365692 909
365798 914
365904 907
366012 909
366118 909
366225 908
366331 910
366437 909
366544 909
366650 907
366757 908
366863 908
366969 909
367077 909
367183 908
367290 909
367396 902
367502 909
367609 909
367715 909
367821 908
367928 909
368035 70
368142 70
368248 71
368354 71
368461 71
368567 70
368674 68
368780 68
368886 71
368994 70
369100 71
369207 71
369313 80
369419 71
369526 71
369632 71
369739 71
369845 71
369951 71
370059 69
370165 70
370272 71
370378 71
370484 71
370591 71
370697 70
370804 71
370910 71
371017 70
371124 71
371230 70
371337 72
371443 71
371549 71
371656 70
371762 70
371868 70
371975 69
372082 65
372189 70
372295 69
372401 70
372508 70
372614 70
372721 70
372827 70
372933 71
373041 69
373147 69
373254 70
373360 70
373466 72
373573 76
373679 70
373786 71
373892 70
373999 70
374106 70
374212 70
374319 71
374425 71
374531 70
374638 71
374744 71
374851 70
374957 70
375064 70
375171 71
375277 70
375384 71
375490 70
375596 71
375703 74
375809 71
375915 70
376023 70
376129 70
376236 71
376342 71
376449 70
376555 70
376661 70
376768 71
376874 71
376980 911
377088 909
377194 909
377301 909
377407 905
377513 909
377620 909
377726 909
377833 909
377939 909
378046 909
378153 908
378259 909
378366 909
378472 909
378578 909
378685 908
378791 909
378898 910
379005 909
379111 909
379218 909
379324 909
379431 909
379537 909
379643 910
379750 909
379856 909
379962 907
380070 908
380176 909
380283 909
380389 908
380496 909
380602 909
380708 909
380815 908
380921 909
381029 909
381135 907
381241 909
381348 909
381454 909
381560 908
381667 909
381773 909
381880 909
381988 910
382095 909
382201 909
382307 909
382414 910
382520 901
382627 909
382733 909
382839 909
382946 909
383053 912
383160 911
383266 909
383372 909
383479 910
383585 909
383692 909
383798 909
383904 910
384012 909
384118 909
384225 908
384331 909
384437 907
384544 909
384650 909
384757 899
384863 909
384969 908
385077 908
385183 909
385290 909
385396 909
385502 909
385609 908
385715 906
385821 909
385928 909
386035 70
386142 70
386248 69
386354 72
386461 71
386567 70
386674 70
386780 71
386886 71
386994 70
387100 70
387207 63
387313 69
387419 71
387526 70
387632 70
387739 69
387845 71
387951 70
388059 71
388165 72
388272 71
388378 70
388484 69
388591 70
388697 68
388804 71
388910 76
389017 70
389124 72
389230 69
389337 71
389443 70
389549 71
389656 69
389762 71
389868 71
389975 70
390082 72
390189 71
390295 70
390401 71
390508 69
390614 70
390721 71
390827 70
390933 70
391041 71
391147 70
391254 70
391360 71
391466 70
391573 71
391679 72
391786 71
391892 70
391999 70
392106 70
392212 70
392319 71
392425 71
392531 68
392638 70
392744 70
392851 71
392957 72
393064 69
393171 71
393277 71
393384 70
393490 69
393596 70
393703 79
393809 70
393915 70
394023 70
394129 70
394236 69
394342 70
394449 70
394555 73
394661 68
394768 70
394874 70
394980 909
395088 909
395194 909
395301 909
395407 908
395513 909
395620 909
395726 909
395833 909
395939 909
396046 909
396153 910
396259 913
396366 909
396472 909
396578 909
396685 909
396791 908
396898 908
397005 909
397111 908
397218 909
397324 909
397431 889
397537 910
397643 909
397750 909
397856 901
397962 909
398070 910
398176 908
398283 909
398389 908
398496 909
398602 909
398708 909
398815 907
398921 910
399029 910
399135 910
399241 910
399348 909
399454 909
399560 909
399667 909
399773 909
399880 909
399988 909
400095 909
400201 909
400307 909
400414 908
400520 914
400627 909
400733 909
400839 909
400946 909
401053 908
401160 909
401266 911
401372 908
401479 908
401585 910
401692 908
401798 908
401904 909
402012 909
402118 909
402225 910
402331 908
402437 910
402544 909
402650 908
402757 910
402863 910
402969 908
403077 909
403183 909
403290 909
403396 909
403502 910
403609 909
403715 910
403821 909
403928 70
404035 70
404142 71
404248 70
404354 69
404461 71
404567 70
404674 70
404780 70
404886 70
404994 69
405100 70
405207 72
405313 70
405419 72
405526 70
405632 71
405739 70
405845 70
405951 71
406059 69
406165 71
406272 70
406378 71
406484 61
406591 70
406697 70
406804 71
406910 71
407017 70
407124 70
407230 69
407337 69
407443 70
407549 69
407656 70
407762 71
407868 71
407975 70
408082 69
408189 71
408295 71
408401 70
408508 71
408614 70
408721 71
408827 71
408933 70
409041 71
409147 70
409254 71
409360 72
409466 79
409573 72
409679 71
409786 69
409892 71
409999 71
410106 70
410212 71
410319 71
410425 70
410531 70
410638 71
410744 69
410851 70
410957 71
411064 60
411171 71
411277 71
411384 70
411490 71
411596 70
411703 71
411809 71
411915 72
412023 70
412129 71
412236 70
412342 71
412449 69
412555 70
412661 70
412768 70
412874 910
412980 906
413088 909
413194 909
413301 909
413407 908
413513 909
413620 912
413726 905
413833 910
413939 909
414046 908
414153 908
414259 907
414366 908
414472 908
414578 909
414685 909
414791 910
414898 909
415005 908
415111 909
415218 908
415324 909
415431 909
415537 908
415643 909
415750 909
415856 910
415962 907
416070 909
416176 908
416283 909
416389 902
416496 910
416602 909
416708 909
416815 908
416921 909
417029 907
417135 909
417241 909
417348 909
417454 910
417560 909
417667 911
417773 908
417880 909
417988 909
418095 908
418201 910
418307 908
418414 908
418520 908
418627 908
418733 908
418839 908
418946 909
419053 907
419160 909
419266 910
419372 909
419479 908
419585 909
419692 909
419798 909
419904 908
420012 908
420118 909
420225 909
420331 909
420437 909
420544 909
420650 916
420757 910
420863 909
420969 909
421077 909
421183 910
421290 908
421396 910
421502 910
421609 909
421715 909
421821 69
421928 72
422035 70
422142 71
422248 72
422354 70
422461 71
422567 71
422674 73
422780 70
422886 70
422994 70
423100 71
423207 70
423313 71
423419 71
423526 71
423632 70
423739 71
423845 70
423951 70
424059 70
424165 68
424272 71
424378 71
424484 69
424591 71
424697 70
424804 72
424910 71
425017 71
425124 71
425230 62
425337 70
425443 70
425549 70
425656 71
425762 70
425868 70
425975 71
426082 71
426189 70
426295 71
426401 70
426508 70
426614 71
426721 70
426827 70
426933 70
427041 67
427147 69
427254 71
427360 69
427466 74
427573 72
427679 71
427786 69
427892 71
427999 70
428106 70
428212 71
428319 71
428425 70
428531 71
428638 69
428744 70
428851 71
428957 71
429064 70
429171 71
429277 71
429384 71
429490 71
429596 71
429703 70
429809 71
429915 70
430023 70
430129 70
430236 71
430342 68
430449 70
430555 71
430661 70
430768 71
430874 909
430980 907
431088 910
431194 909
431301 908
431407 906
431513 908
431620 908
431726 909
431833 909
431939 908
432046 909
432153 909
432259 908
432366 908
432472 909
432578 908
432685 908
432791 908
432898 910
433005 904
433111 909
433218 909
433324 908
433431 910
433537 909
433643 910
433750 909
433856 909
433962 910
434070 908
434176 909
434283 909
434389 914
434496 907
434602 910
434708 909
434815 909
434921 910
435029 909
435135 908
435241 908
435348 909
435454 909
435560 908
435667 909
435773 909
435880 908
435988 908
436095 909
436201 908
