48 98
154 87
261 81
367 71
473 62
580 70
686 78
793 87
899 96
1006 105
1113 113
1219 123
1326 132
1432 139
1538 151
1645 158
1751 167
1857 177
1964 187
2071 197
2178 206
2284 215
2390 223
2497 235
2603 244
2710 254
2816 262
2922 271
3030 279
3136 290
3243 301
3349 312
3455 320
3562 332
3668 340
3775 350
3881 359
3988 369
4095 378
4201 389
4308 398
4414 407
4520 418
4627 428
4733 435
4840 446
4946 456
5053 465
5160 476
5266 485
5373 496
5479 504
5585 515
5692 525
5798 535
5904 544
6012 555
6118 564
6225 574
6331 584
6437 592
6544 603
6650 613
6757 622
6863 632
6969 642
7077 653
7183 661
7290 671
7396 680
7502 690
7609 700
7715 709
7822 718
7928 727
8035 738
8142 745
8248 756
8355 765
8461 775
8567 785
8674 794
8780 802
8887 811
8994 822
9100 831
9207 840
9313 849
9420 858
9526 853
9632 845
9739 834
9845 825
9951 817
10059 807
10165 797
10272 788
10378 779
10484 769
10591 760
10697 749
10804 741
10910 733
11018 722
11124 713
11230 704
11337 694
11443 685
11549 675
11656 665
11762 656
11869 647
11975 636
12082 627
12189 617
12295 608
12402 598
12508 588
12614 578
12721 568
12827 560
12934 548
13041 539
13147 529
13254 518
13360 511
13467 501
13573 491
13679 481
13786 471
13892 461
14000 452
14106 442
14212 433
14319 424
14425 413
14532 403
14638 394
14744 384
14851 374
14957 365
15065 354
15171 345
15277 335
15384 326
15490 316
15596 306
15703 298
15809 286
15916 278
16023 266
16129 258
16236 249
16342 241
16449 229
16555 220
16661 212
16768 227
16874 191
16981 183
17088 175
17194 165
17301 155
17407 146
17514 138
17620 128
17726 120
17833 110
17939 102
18047 92
18153 83
18259 77
18366 67
18472 65
18579 74
18685 82
18791 92
18898 102
19005 109
19112 119
19218 128
19324 137
19431 145
19537 154
19643 164
19750 173
19856 183
19963 192
20070 202
20176 210
20283 220
20389 230
20496 238
20602 249
20708 258
20815 267
20921 277
21029 295
21135 297
21241 307
21348 316
21454 320
21561 335
21667 344
21773 355
21880 365
21987 373
22094 384
22201 393
22307 403
22413 413
22520 423
22626 433
22733 442
22839 451
22945 462
23053 471
23159 484
23266 492
23372 500
23478 512
23585 520
23691 529
23798 540
23904 550
24011 559
24118 570
24224 580
24331 590
24437 599
24543 608
24650 618
24756 627
24862 638
24969 647
25076 656
25183 666
25289 681
25395 686
25502 695
25608 704
25715 709
25821 722
25927 733
26035 742
26141 758
26248 761
26354 771
26460 780
26567 789
26673 799
26780 810
26886 819
26993 826
27100 836
27206 845
27313 854
27419 859
27525 849
27632 839
27738 830
27845 821
27951 812
28058 802
28165 793
28271 785
28378 774
28484 765
28590 756
28697 746
28803 736
28909 728
29017 717
29123 709
29230 699
29336 689
29443 679
29549 670
29655 659
29762 650
29868 640
29974 632
30082 622
30188 613
30295 602
30401 592
30507 584
30614 574
30720 563
30827 554
30933 544
31040 533
31147 524
31253 515
31360 506
31466 496
31572 486
31679 475
31785 466
31892 456
31999 448
32105 433
32212 427
32318 417
32425 407
32531 398
32637 387
32744 379
32850 368
32956 359
33064 349
33170 340
33277 329
33383 319
33490 312
33596 300
33702 291
33809 282
33915 274
34023 262
34129 256
34235 245
34342 234
34448 225
34554 215
34661 206
34767 197
34874 188
34980 183
35087 169
35194 158
35300 151
35407 141
35513 132
35619 123
35726 114
35832 106
35939 98
36046 88
36152 80
36259 69
36365 61
36472 71
36578 79
36684 87
36791 97
36897 105
37005 114
37111 124
37217 134
37324 141
37430 150
37537 161
37643 168
37749 179
37856 189
37962 196
38070 206
38176 216
38282 228
38389 236
38495 244
38601 253
38708 264
38814 273
38921 282
39028 291
39135 302
39241 312
39347 319
39454 332
39560 340
39666 350
39773 360
39879 371
39986 380
40093 390
40199 399
40306 409
40412 417
40519 429
40625 437
40731 450
40838 457
40944 468
41052 477
41158 488
41264 497
41371 507
41477 516
41584 525
41690 536
41796 545
41903 555
42010 565
42117 574
42223 584
42329 595
42436 604
42542 613
42649 622
42755 632
42861 642
42968 652
43075 661
43182 670
43288 680
43394 690
43501 700
43607 711
43713 719
43820 724
43926 738
44034 747
44140 757
44247 766
44353 776
44459 784
44566 795
44672 804
44778 813
44885 822
44992 832
45099 841
45205 852
45311 860
45418 853
45524 844
45631 835
45737 825
45843 816
45950 799
46057 796
46164 788
46270 779
46376 769
46483 761
46589 750
46696 742
46802 732
46908 722
47016 712
47122 702
47229 693
47335 684
47441 675
47548 664
47654 663
47760 646
47867 635
47973 627
48081 617
48187 606
48294 597
48400 587
48506 578
48613 568
48719 559
48825 548
48932 539
49039 530
49146 520
49252 510
49358 500
49465 489
49571 481
49678 471
49784 460
49890 451
49998 440
50104 431
50211 422
50317 412
50423 401
50530 393
50636 383
50743 373
50849 366
50955 354
51063 345
51169 334
51276 324
51382 315
51488 306
51595 297
51701 286
51807 277
51914 268
52021 260
52128 250
52234 238
52341 228
52447 218
52553 209
52660 201
52766 191
52872 182
52979 173
53086 163
53193 153
53299 145
53405 136
53512 128
53618 118
53725 109
53831 101
53937 91
54045 82
54151 73
54258 66
54364 67
54470 75
54577 84
54683 92
54790 101
54896 110
55003 119
55110 128
55216 137
55323 147
55429 154
55535 165
55642 175
55748 183
55855 193
55961 203
56068 211
56175 220
56281 235
56388 240
56494 250
56600 259
56707 269
56813 278
56919 286
57027 298
57133 308
57240 317
57346 327
57452 337
57559 346
57665 357
57772 366
57878 375
57984 384
58092 394
58198 404
58305 415
58411 424
58517 434
58624 443
58730 452
58837 463
58943 472
59050 481
59157 492
59263 502
59370 510
59476 521
59582 533
59689 541
59795 551
59902 560
60009 570
60115 580
60222 591
60328 598
60435 614
60541 619
60647 628
60754 638
60860 648
60966 657
61074 666
61180 676
61287 686
61393 695
61500 705
61606 714
61712 724
61819 734
61925 743
62033 752
62139 762
62245 772
62352 781
62458 790
62564 799
62671 813
62777 819
62884 827
62991 837
63098 845
63204 855
63310 857
63417 849
63523 840
63629 829
63736 820
63842 811
63949 801
64056 792
64162 784
64269 773
64375 763
64482 760
64588 745
64694 737
64801 728
64907 716
65015 707
65121 698
65227 687
65334 679
65440 668
65547 659
65653 650
65759 640
65866 631
65972 620
66080 604
66186 602
66292 593
66399 582
66505 570
66611 562
66718 551
66824 543
66931 534
67038 524
67145 513
67251 504
67357 495
67464 485
67570 475
67676 466
67783 456
67889 446
67997 436
68103 426
68209 417
68316 406
68422 395
68529 387
68635 378
68741 368
68848 358
68954 347
69062 338
69168 330
69274 319
69381 310
69487 299
69594 291
69700 280
69806 271
69913 261
70020 251
70127 243
70233 232
70339 224
70446 215
70552 206
70658 194
70765 186
70871 179
70978 167
71085 159
71192 149
71298 140
71404 130
71511 123
71617 114
71723 104
71830 96
71936 87
72044 78
72150 70
72256 61
72363 69
72469 80
72576 88
72682 97
72788 106
72895 116
73002 124
73109 134
73215 143
73321 150
73428 163
73534 169
73641 179
73747 189
73853 192
73960 207
74067 216
74174 226
74280 237
74386 245
74493 255
74599 264
74705 274
74812 284
74918 294
75026 303
75132 313
75239 323
75345 331
75451 342
75558 351
75664 362
75770 370
75877 382
75983 391
76090 400
76196 409
76303 419
76409 429
76515 439
76622 448
76728 459
76834 468
76941 478
77048 488
77155 497
77261 507
77368 517
77474 526
77580 536
77687 546
77793 556
77899 566
78007 575
78113 584
78220 594
78326 603
78432 614
78539 625
78645 634
78752 643
78858 653
78964 662
79072 672
79178 681
79285 692
79391 701
79497 710
79604 720
79710 729
79817 739
79923 748
80030 758
80137 767
80243 778
80350 786
80456 795
80562 805
80669 813
80775 822
80882 833
80989 841
81095 850
81202 862
81308 851
81415 844
81521 833
81627 824
81734 815
81840 807
81946 797
82054 786
82160 778
82267 768
82373 759
82479 745
82586 739
82692 731
82799 720
82905 712
83013 701
83119 692
83225 678
83332 673
83438 663
83544 654
83651 644
83757 634
83864 625
83970 615
84077 606
84184 593
84290 585
84397 577
84503 567
84609 557
84716 547
84822 538
84929 527
85036 518
85142 509
85249 499
85355 489
85462 479
85568 470
85674 460
85781 450
85887 440
85995 431
86101 420
86207 412
86314 402
86420 391
86527 381
86633 371
86739 363
86846 352
86952 343
87060 337
87166 323
87272 313
87379 300
87485 294
87591 285
87698 276
87804 261
87911 256
88018 247
88124 237
88231 228
88337 218
88444 208
88550 200
88656 191
88763 181
88869 174
88976 163
89083 154
89189 146
89296 136
89402 126
89509 116
89615 108
89721 99
89828 91
89934 81
90042 72
90148 63
90254 67
90361 74
90467 84
90574 95
90680 104
90786 111
90893 121
91000 129
91107 140
91213 147
91319 158
91426 166
91532 176
91638 185
91745 194
91851 203
91958 213
92065 222
92171 232
92278 241
92384 250
92491 259
92597 270
92703 280
92810 289
92916 298
93024 308
93130 318
93236 320
93343 337
93449 348
93556 356
93662 366
93768 377
93875 387
93981 396
94089 405
94195 415
94301 426
94408 435
94514 445
94620 454
94727 465
94833 474
94940 484
95047 493
95154 502
95260 514
95366 522
95473 533
95579 542
95685 551
95792 562
95898 572
96006 581
96112 591
96218 601
96325 610
96431 619
96538 629
96644 639
96750 650
96857 659
96963 668
97071 678
97177 688
97283 697
97390 707
97496 716
97603 726
97709 735
97815 745
97922 753
98029 764
98136 773
98242 783
98348 791
98455 800
98561 809
98667 818
98774 830
98880 838
98988 847
99094 856
99201 856
99307 846
99413 838
99520 829
99626 819
99733 810
99839 799
99945 790
100053 782
100159 773
100266 763
100372 753
100478 742
100585 734
100691 727
100797 716
100904 706
101011 696
101118 687
101224 678
101331 667
101437 658
101543 648
101650 637
101756 629
101862 620
101969 610
102076 601
102183 590
102289 580
102395 571
102502 562
102608 551
102715 541
102821 532
102927 530
103035 514
103141 502
103248 493
103354 483
103460 473
103567 464
103673 455
103780 444
103886 434
103993 425
104100 415
104206 405
104313 396
104419 386
104525 377
104632 367
104738 358
104845 349
104951 337
105058 327
105165 318
105271 308
105378 298
105484 289
105590 279
105697 271
105803 261
105909 251
106017 242
106123 232
106230 222
106336 214
106442 204
106549 195
106655 185
106762 176
106868 166
106974 156
107082 148
107188 139
107295 129
107401 122
107507 110
107614 103
107720 94
107827 85
107933 77
108040 67
108147 63
108253 78
108360 81
108466 89
108572 98
108679 108
108785 116
108892 125
108999 134
109105 143
109212 153
109318 162
109425 170
109531 180
109637 189
109744 199
109850 208
109956 217
110064 228
110170 238
110277 245
110383 257
110489 267
110596 275
110702 284
110809 294
110915 304
111023 313
111129 325
111235 332
111342 343
111448 352
111554 362
111661 372
111767 380
111874 391
111980 400
112087 411
112194 421
112300 431
112407 440
112513 450
112619 458
112726 469
112832 479
112939 490
113046 498
113152 508
113259 518
113365 529
113472 537
113578 547
113684 557
113791 567
113897 577
114005 586
114111 597
114217 605
114324 617
114430 626
114537 635
114643 645
114749 654
114856 664
114962 674
115070 684
115176 694
115282 703
115389 712
115495 720
115601 730
115708 740
115814 749
115921 759
116028 766
116134 779
116241 788
116347 797
116454 806
116560 815
116666 824
116773 834
116879 843
116986 852
117093 859
117199 851
117306 842
117412 832
117519 824
117625 814
117731 804
117838 795
117944 786
118052 774
118158 771
118264 758
118371 748
118477 739
118584 730
118690 718
118796 710
118903 701
119010 691
119117 682
119223 672
119329 662
119436 653
119542 644
119648 633
119755 624
119861 615
119968 604
120075 594
120182 584
120288 573
120394 566
120501 555
120607 546
120713 535
120820 527
120926 517
121034 506
121140 497
121246 488
121353 478
121459 469
121566 458
121672 448
121778 444
121885 429
121992 418
122099 410
122205 399
122311 390
122418 380
122524 372
122631 360
122737 352
122843 342
122950 333
123057 322
123164 313
123270 302
123376 292
123483 284
123589 274
123695 265
123802 256
123908 246
124016 236
124122 227
124229 217
124335 208
124441 198
124548 189
124654 181
124760 173
124867 162
124973 151
125081 142
125187 135
125293 125
125400 116
125506 132
125613 99
125719 89
125825 81
125932 72
126039 63
126146 69
126252 77
126358 85
126465 96
126571 103
126678 114
126784 122
126890 132
126998 141
127104 140
127211 159
127317 167
127423 177
127530 185
127636 195
127743 205
127849 214
127955 223
128063 232
128169 243
128276 251
128382 261
128488 271
128595 282
128701 289
128807 301
128914 310
129021 319
129128 336
129234 338
129340 349
129447 358
129553 372
129660 378
129766 388
129872 397
129979 414
130086 417
130193 424
130299 437
130405 445
130512 456
130618 466
130725 474
130831 484
130937 495
131045 505
131151 514
131258 524
131364 533
131470 544
131577 554
131683 563
131790 573
131896 592
132003 592
132110 602
132216 611
132323 620
132429 638
132535 640
132642 650
132748 660
132854 669
132961 679
133068 688
133175 698
133281 706
133387 717
133494 727
133600 738
133707 746
133813 755
133919 767
134027 776
134133 783
134240 792
134346 802
134452 813
134559 821
134665 830
134772 839
134878 854
134984 858
135092 854
135198 846
135305 837
135411 826
135517 818
135624 809
135730 799
135837 789
135943 779
136050 769
136157 761
136263 752
136370 742
136476 732
136582 724
136689 714
136795 705
136902 695
137009 685
137115 675
137222 666
137328 656
137435 648
137541 638
137647 627
137754 618
137860 608
137966 599
138074 589
138180 579
138287 573
138393 560
138499 551
138606 539
138712 531
138819 519
138925 512
139033 501
139139 492
139245 483
139352 471
139458 462
139564 452
139671 443
139777 433
139884 424
139991 413
140097 404
140204 395
140310 385
140417 375
140523 365
140629 356
140736 348
140842 336
140949 327
141056 317
141162 306
141269 297
141375 288
141482 279
141588 269
141694 260
141801 249
141907 240
142015 231
142121 221
142227 219
142334 202
142440 193
142547 184
142653 175
142759 165
142866 156
142972 147
143080 139
143186 128
143292 121
143399 111
143505 101
143611 94
143718 84
143824 75
143931 66
144038 64
144144 73
144251 76
144357 91
144464 100
144570 108
144676 118
144783 127
144889 136
144997 147
145103 153
145209 155
145316 173
145422 183
145529 192
145635 201
145741 209
145848 220
145954 229
146062 237
146168 248
146274 257
146381 268
146487 277
146594 287
146700 297
146806 304
146913 314
147020 325
147127 334
147233 344
147339 354
147446 365
147552 374
147658 382
147765 394
147871 403
147978 412
148085 422
148191 432
148298 442
148404 453
148511 460
148617 470
148723 480
148830 490
148936 500
149044 510
149150 518
149256 530
149363 540
149469 549
149576 558
149682 567
149788 579
149895 587
150002 603
150109 607
150215 616
150321 626
150428 640
150534 647
150641 655
150747 666
150853 672
150960 685
151067 694
151174 703
151280 713
151386 722
151493 731
151599 741
151705 751
151812 760
151918 769
152026 777
152132 788
152239 798
152345 807
152451 816
152558 825
152664 835
152770 843
152877 854
152983 858
153090 849
153196 841
153303 831
153409 822
153515 813
153622 804
153728 793
153834 786
153941 776
154048 766
154155 757
154261 747
154367 739
154474 729
154580 719
154687 710
154793 699
154899 691
155007 681
155113 671
155220 662
155326 652
155432 641
155539 632
155645 623
155752 613
155858 604
155964 593
156072 584
156178 573
156285 564
156391 555
156497 545
156604 534
156710 526
156817 516
156923 506
157030 497
157137 486
157243 477
157350 468
157456 457
157562 448
157669 437
157775 429
157881 418
157989 408
158095 399
158202 389
158308 379
158415 370
158521 360
158627 350
158734 340
158840 330
158946 323
159054 310
159160 302
159267 292
159373 281
159479 272
159586 263
159692 250
159799 245
159905 236
160012 225
160119 216
160225 207
160332 198
160438 188
160544 180
160651 169
160757 160
160864 152
160970 143
161077 124
161184 124
161290 116
161397 106
161503 88
161609 88
161716 79
161822 71
161928 60
162036 68
162142 79
162249 87
162355 96
162462 105
162568 114
162674 121
162781 131
162887 140
162995 150
163101 160
163207 169
163314 176
163420 186
163526 180
163633 205
163739 215
163846 225
163952 235
164059 248
164166 254
164272 263
164379 273
164485 283
164591 291
164698 301
164804 310
164911 322
165018 330
165124 339
165231 350
165337 358
165444 369
165550 379
165656 386
165763 398
165869 409
165975 419
166083 428
166189 437
166296 447
166402 460
166509 466
166615 476
166721 486
166828 495
166934 504
167042 515
167148 525
167254 536
167361 545
167467 554
167573 564
167680 573
167786 583
167893 593
168000 602
168107 613
168213 624
168319 632
168426 642
168532 651
168638 659
168745 671
168851 680
168958 690
169065 700
169171 709
169278 717
169384 728
169491 737
169597 746
169703 756
169810 766
169916 775
170024 785
170130 794
170236 803
170343 812
170449 820
170556 830
170662 840
170768 850
170875 859
170981 854
171089 844
171195 835
171301 833
171408 817
171514 807
171620 799
171727 789
171833 779
171940 770
172047 760
172154 751
172260 747
172366 732
172473 723
172579 713
172685 705
172792 693
172898 685
173006 675
173112 665
173218 655
173325 646
173431 638
173538 627
173644 618
173750 607
173857 598
173963 588
174071 577
174177 569
174283 560
174390 549
174496 540
174603 531
174709 520
174815 510
174922 500
175029 492
175136 479
175242 471
175348 461
175455 452
175561 442
175667 432
175774 423
175880 413
175988 403
176094 394
176201 384
176307 374
176413 365
176520 355
176626 345
176733 336
176839 325
176945 316
177053 306
177159 297
177266 286
177372 278
177478 272
177585 258
177691 248
177797 238
177904 230
178011 221
178118 212
178224 203
178331 192
178437 182
178543 173
178650 165
178756 156
178862 145
178969 137
179076 128
179183 119
179289 109
179395 101
179502 91
179608 83
179715 71
179821 66
179927 65
180035 73
180141 82
180248 90
180354 102
180460 109
180567 118
180673 127
180780 138
180886 146
180993 155
181100 165
181206 174
181313 183
181419 192
181525 203
181632 211
181738 220
181845 229
181951 239
182058 250
182165 258
182271 268
182378 277
182484 287
182590 295
182697 307
182803 316
182909 326
183017 335
183123 344
183230 356
183336 365
183442 374
183549 383
183655 394
183762 403
183868 413
183974 423
184082 432
184188 443
184295 452
184401 464
184507 472
184614 482
184720 492
184827 501
184933 511
185040 521
185147 530
185253 539
185360 550
185466 559
185572 570
185679 579
185785 588
185892 599
185999 608
186105 618
186212 627
186318 637
186425 646
186531 656
186637 666
186744 676
186850 685
186956 694
187064 705
187170 713
187277 724
187383 733
187489 741
187596 752
187702 761
187809 770
187915 780
188023 790
188129 800
188235 808
188342 817
188448 826
188554 837
188661 845
188767 855
188874 858
188980 850
189087 839
189194 830
189300 821
189407 811
189513 802
189619 793
189726 783
189832 774
189939 764
190046 757
190152 745
190259 737
190365 727
190472 717
190578 699
190684 698
190791 689
190897 679
191005 670
191111 659
191217 650
191324 641
191430 631
191537 622
191643 612
191749 601
191856 594
191962 583
192070 573
192176 562
192282 553
192389 544
192495 534
192601 524
192708 513
192814 503
192921 497
193028 485
193134 476
193241 467
193347 456
193454 439
193560 439
193666 427
193773 417
193879 409
193986 397
194093 389
194199 380
194306 370
194412 359
194519 350
194625 339
194731 330
194838 321
194944 311
195052 302
195158 291
195264 281
195371 272
195477 262
195584 253
195690 244
195796 232
195903 224
196010 215
196117 206
196223 197
196329 188
196436 178
196542 169
196648 159
196755 151
196861 142
196968 132
197075 123
197182 115
197288 104
197394 96
197501 88
197607 79
197713 69
197820 60
197926 69
198034 79
198140 87
198246 98
198353 105
198459 115
198566 123
198672 133
198778 142
198885 150
198992 160
199099 170
199205 180
199311 188
199418 197
199524 205
199631 216
199737 226
199843 235
199950 244
200057 254
200164 264
200270 273
200376 284
200483 293
200589 303
200695 310
200802 321
200908 332
201016 341
201122 351
201229 360
201335 372
201441 380
201548 389
201654 399
201760 409
201867 418
201973 428
202081 439
202187 449
202293 459
202400 467
202506 477
202613 486
202719 497
202825 509
202932 517
203039 524
203146 537
203252 545
203358 555
203465 566
203571 574
203678 576
203784 593
203890 604
203998 613
204104 623
204211 634
204317 643
204423 652
204530 662
204636 671
204743 681
204849 691
204955 700
205063 709
205169 719
205276 728
205382 739
205488 748
205595 758
205701 767
205807 776
205914 786
206021 795
206128 804
206234 818
206340 823
206447 831
206553 842
206660 850
206766 860
206872 854
206979 843
207086 834
207193 826
207299 817
207405 807
207512 796
207618 787
207725 778
207831 770
207937 760
208045 752
208151 742
208258 731
208364 722
208470 713
208577 702
208683 694
208790 685
208896 674
209003 666
209110 655
209216 644
209323 634
209429 625
209535 616
209642 606
209748 598
209854 587
209961 577
210068 567
210175 558
210281 549
210387 538
210494 529
210600 521
210707 510
210813 500
210919 489
211027 479
211133 472
211240 461
211346 450
211452 441
211559 421
211665 422
211772 412
211878 403
211984 391
212092 383
212198 372
212305 363
212411 353
212517 344
212624 335
212730 323
212837 316
212943 306
213050 294
213157 293
213263 276
213370 267
213476 258
213582 248
213689 239
213795 229
213902 219
214009 210
214115 202
214222 192
214328 183
214435 171
214541 165
214647 155
214754 146
214860 138
214966 127
215074 117
215180 110
215287 101
215393 91
215499 82
215606 73
215712 65
215819 66
215925 75
216033 83
216139 93
216245 102
216352 110
216458 119
216564 128
216671 138
216777 145
216884 154
216991 165
217097 175
217204 184
217310 192
217417 203
217523 210
217629 220
217736 231
217842 240
217949 249
218056 259
218162 268
218269 277
218375 289
218482 297
218588 308
218694 318
218801 327
218907 336
219015 345
219121 356
219227 365
219334 375
219440 384
219547 394
219653 405
219759 414
219866 424
219972 433
220080 444
220186 452
220292 463
220399 473
220505 482
220611 492
220718 502
220824 513
220931 523
221038 532
221144 541
221251 551
221357 560
221464 570
221570 581
221676 589
221783 600
221889 608
221997 619
222103 629
222209 638
222316 647
222422 657
222529 667
222635 676
222741 687
222848 695
222954 705
223062 714
223168 724
223274 734
223381 743
223487 753
223594 762
223700 771
223806 781
223913 790
224020 800
224127 807
224233 818
224339 827
224446 838
224552 846
224658 855
224765 857
224871 848
224978 837
225085 829
225191 821
225298 810
225404 801
225511 793
225617 783
225723 773
225830 764
225936 754
226044 745
226150 736
226256 728
226363 717
226469 707
226576 698
226682 687
226788 678
226895 669
227002 658
227109 649
227215 640
227321 630
227428 618
227534 611
227641 601
227747 592
227853 581
227960 573
228067 562
228174 552
228280 543
228386 533
228493 524
228599 514
228705 504
228812 494
228918 489
229026 475
229132 464
229239 457
229345 445
229451 432
229558 426
229664 416
229770 406
229877 399
229983 387
230090 377
230196 368
230303 361
230409 349
230515 339
230622 330
230728 319
230834 310
230941 301
231048 292
231155 282
231261 272
231367 262
231474 254
231580 243
231687 233
231793 224
231899 215
232007 202
232113 196
232220 186
232326 177
232432 169
232539 159
232645 149
232752 140
232858 132
232964 123
233072 114
233178 107
233285 98
233391 87
233497 77
233604 69
233710 60
233817 89
233923 79
234030 89
234137 98
234243 108
234350 115
234456 124
234562 134
234669 142
234775 152
234881 161
234989 170
235095 179
235202 189
235308 198
235415 208
235521 218
235627 226
235734 225
235840 246
235946 254
236054 264
236160 278
236267 285
236373 296
236479 304
236586 312
236692 322
236799 332
236905 341
237012 351
237119 361
237225 372
237332 380
237438 391
237544 400
237651 409
237757 419
237864 429
237970 438
238077 451
238184 459
238290 469
238397 479
238503 487
238609 498
238716 509
238822 516
238928 528
239036 536
239142 547
239249 556
239355 566
239462 576
239568 585
239674 594
239781 605
239887 615
239995 622
240101 635
240207 642
240314 652
240420 664
240526 673
240633 682
240739 683
240846 701
240952 710
241059 720
241166 728
241272 740
241379 748
241485 758
241591 767
241698 776
241804 786
241911 795
242018 805
242124 814
242231 824
242337 832
242444 842
242550 851
242656 860
242763 853
242869 842
242975 834
243083 824
243189 815
243296 805
243402 804
243509 787
243615 777
243721 769
243828 758
243934 750
244042 740
244148 731
244254 720
244361 711
244467 702
244573 694
244680 683
244786 673
244893 664
245000 654
245107 644
245213 636
245319 625
245426 615
245532 607
245638 596
245745 587
245851 577
245958 566
246065 557
246171 547
246278 538
246384 527
246491 519
246597 508
246703 497
246810 489
246916 479
247024 470
247130 459
247236 452
247343 440
247449 430
247556 422
247662 418
247768 401
247875 392
247981 381
248089 373
248195 362
248301 353
248408 342
248514 333
248620 323
248727 314
248833 304
248940 295
249047 286
249154 277
249260 258
249366 256
249473 248
249579 239
249685 227
249792 219
249898 209
250006 199
250112 190
250218 181
250325 172
250431 163
250538 153
250644 145
250750 134
250857 127
250963 117
251071 107
251177 99
251283 91
251390 81
251496 73
251603 64
251709 66
251815 75
251922 85
252029 93
252136 103
252242 111
252348 120
252455 129
252561 139
252667 147
252774 157
252880 166
252988 177
253094 186
253201 195
253307 203
253413 212
253520 222
253626 233
253733 242
253839 251
253945 261
254053 269
254159 280
254266 289
254372 296
254478 304
254585 317
254691 328
254797 337
254904 348
255011 356
255118 366
255224 376
255331 386
255437 396
255543 406
255650 415
255756 425
255862 435
255969 445
256076 455
256183 464
256289 473
256395 485
256502 494
256608 503
256715 513
256821 523
256927 532
257035 542
257141 552
257248 564
257354 571
257460 580
257567 590
257673 600
257780 610
257886 620
257993 629
258100 640
258206 649
258313 659
258419 668
258525 678
258632 687
258738 697
258845 707
258951 715
259058 726
259165 736
259271 744
259378 753
259484 762
259590 772
259697 783
259803 791
259909 800
260017 810
260123 820
260230 826
260336 838
260442 848
260549 857
260655 856
260762 847
260868 837
260974 828
261082 819
261188 810
261295 801
261401 793
261507 781
261614 773
261720 762
261827 754
261933 744
262040 735
262147 725
262253 715
262360 705
262466 697
262572 686
262679 677
262785 668
262892 658
262999 649
263105 638
263212 629
263318 619
263425 607
263531 600
263637 590
263744 579
263850 578
263956 559
264064 552
264170 542
264277 537
264383 523
264489 513
264596 504
264702 494
264809 483
264915 474
265023 464
265129 454
265235 444
265342 435
265448 424
265554 416
265661 406
265767 393
265874 385
265980 376
266087 367
266194 357
266300 347
266407 337
266513 327
266619 318
266726 308
266832 299
266939 289
267046 280
267152 270
267259 260
267365 252
267472 242
267578 232
267684 222
267791 219
267897 204
268005 195
268111 187
268217 176
268324 166
268430 157
268537 148
268643 141
268749 129
268856 121
268962 112
269070 103
269176 95
269282 85
269389 77
269495 67
269601 63
269708 72
269814 81
269921 89
270028 96
270134 107
270241 115
270347 126
270454 134
270560 144
270666 153
270773 164
270879 171
270986 181
271093 190
271199 198
271306 208
271412 218
271519 227
271625 236
271731 246
271838 256
271944 267
272052 276
272158 285
272264 295
272371 303
272477 315
272584 322
272690 333
272796 342
272903 352
273010 362
273117 373
273223 382
273329 391
273436 401
273542 411
273648 420
273755 430
273861 442
273968 451
274075 460
274182 469
274288 479
274394 489
274501 499
274607 507
274713 518
274820 529
274926 538
275034 547
275140 558
275246 568
275353 577
275459 586
275566 595
275672 606
275778 616
275885 625
275992 635
276099 645
276205 654
276311 661
276418 674
276524 683
276631 693
276737 704
276843 711
276950 721
277057 731
277164 741
277270 749
277376 760
277483 769
277589 778
277695 787
277802 797
277908 806
278016 815
278122 828
278229 834
278335 842
278441 852
278548 861
278654 851
278760 841
278867 833
278973 824
279081 813
279187 804
279293 795
279400 780
279506 776
279613 766
279719 757
279825 749
279932 738
280039 730
280146 719
280252 710
280358 701
280465 692
280571 681
280678 672
280784 662
280890 653
280998 643
281104 633
281211 624
281317 615
281423 603
281530 569
281636 585
281743 575
281849 566
281955 555
282063 545
282169 537
282276 527
282382 517
282488 507
282595 496
282701 488
282807 477
282914 468
283021 459
283128 449
283234 438
283340 429
283447 420
283553 410
283660 400
283766 390
283872 381
283979 371
284086 361
284193 351
284299 342
284405 332
284512 322
284618 312
284725 301
284831 293
284937 283
285045 275
285151 264
285258 256
285364 246
285470 236
285577 217
285683 216
285790 208
285896 199
286003 189
286110 186
286216 172
286323 161
286429 153
286535 144
286642 133
286748 126
286854 117
286961 107
287068 99
287175 89
287281 80
287387 72
287494 62
287600 68
287707 78
287813 87
287919 95
288027 104
288133 113
288240 123
288346 129
288452 141
288559 149
288665 158
288772 167
288878 176
288984 186
289092 195
289198 205
289305 216
289411 225
289517 234
289624 243
289730 252
289837 262
289943 270
290050 280
290157 290
290263 300
290370 309
290476 320
290582 328
290689 338
290795 348
290902 360
291009 368
291115 377
291222 387
291328 397
291435 408
291541 416
291647 426
291754 436
291860 446
291966 455
292074 466
292180 474
292287 485
292393 495
292499 503
292606 513
292712 524
292819 534
292925 543
293033 553
293139 562
293245 573
293352 582
293458 592
293564 601
293671 611
293777 620
293884 631
293991 641
294097 650
294204 660
294310 670
294417 679
294523 689
294629 697
294736 705
294842 715
294949 728
295056 736
295162 746
295269 754
295375 770
295482 773
295588 783
295694 793
295801 802
295907 812
296015 820
296121 829
296227 839
296334 848
296440 857
296547 855
296653 845
296759 837
296866 828
296972 817
297080 809
297186 798
297292 790
297399 778
297505 771
297611 761
297718 752
297824 743
297931 734
298038 724
298144 713
298251 704
298357 695
298464 685
298570 676
298676 680
298783 657
298889 648
298997 637
299103 627
299209 618
299316 607
299422 598
299529 584
299635 580
299741 570
299848 560
299954 551
300062 541
300168 530
300274 521
300381 511
300487 502
300594 491
300700 483
300806 472
300913 462
301020 451
301127 443
301233 433
301339 425
301446 414
301552 403
301658 395
301765 386
301871 374
301978 365
302085 355
302191 347
302298 336
302404 327
302511 317
302617 306
302723 297
302830 288
302936 279
303044 269
303150 259
303256 249
303363 240
303469 231
303576 222
303682 212
303788 203
303895 194
304002 184
304109 175
304215 165
304321 157
304428 146
304534 139
304641 129
304747 121
304853 111
304960 102
305067 93
305174 84
305280 75
305386 67
305493 63
305599 73
305705 82
305812 91
305918 101
306026 109
306132 118
306239 127
306345 137
306451 145
306558 155
306664 163
306770 173
306877 182
306983 192
307090 201
307196 210
307303 219
307409 229
307515 239
307622 248
307728 257
307834 266
307941 276
308048 286
308155 298
308261 307
308367 314
308474 325
308580 334
308687 338
308793 353
308899 363
309007 373
309113 382
309220 394
309326 402
309432 412
309539 422
309645 432
309752 442
309858 452
309964 461
310072 471
310178 481
310285 490
310391 500
310497 510
310604 519
310710 528
310817 540
310923 548
311030 559
311137 569
311243 578
311350 587
311456 597
311562 607
311669 618
311775 626
311881 637
311989 645
312095 656
312202 665
312308 675
312415 683
312521 694
312627 703
312734 713
312840 723
312946 730
313054 741
313160 751
313267 760
313373 770
313479 783
313586 788
313692 798
313799 807
313905 817
314012 827
314119 835
314225 843
314332 854
314438 860
314544 850
314651 840
314757 832
314864 822
314970 813
315077 804
315184 793
315290 784
315397 776
315503 766
315609 760
315716 747
315822 739
315928 728
316036 719
316142 710
316249 699
316355 689
316462 680
316568 671
316674 661
316781 652
316887 643
316995 631
317101 623
317207 613
317314 604
317420 594
317526 584
317633 574
317739 565
317846 555
317952 544
318059 536
318166 526
318272 516
318379 506
318485 497
318591 487
318698 476
318804 467
318911 458
319018 447
319124 416
319231 428
319337 417
319444 408
319550 405
319656 388
319763 379
319869 370
319975 360
320083 350
320189 340
320296 332
320402 321
320509 313
320615 302
320721 292
320828 283
320934 273
321042 263
321148 255
321254 244
321361 235
321467 227
321573 215
321680 207
321786 198
321893 188
322000 180
322107 169
322213 160
322319 151
322426 144
322532 134
322638 124
322745 115
322851 106
322958 96
323065 89
323171 80
323278 70
323384 62
323491 69
323597 79
323703 85
323810 96
323916 112
324024 114
324130 124
324236 133
324343 141
324449 159
324556 160
324662 167
324768 178
324875 194
324981 195
325089 205
325195 214
325301 224
325408 233
325514 244
325620 252
325727 262
325833 271
325940 281
326047 292
326154 299
326260 310
326366 320
326473 328
326579 340
326685 348
326792 359
326898 371
327006 377
327112 388
327218 398
327325 407
327431 417
327538 428
327644 437
327750 447
327857 457
327963 466
328071 476
328177 486
328283 496
328390 505
328496 515
328603 525
328709 533
328815 528
328922 555
329029 563
329136 573
329242 584
329348 593
329455 603
329561 613
329667 622
329774 632
329880 642
329988 651
330094 661
330201 670
330307 681
330413 689
330520 701
330626 709
330733 718
330839 728
330945 737
331053 747
331159 756
331266 765
331372 774
331478 785
331585 794
331691 803
331797 811
331904 822
332011 830
332118 838
332224 851
332331 859
332437 853
332543 844
332650 831
332756 826
332862 817
332969 808
333076 798
333183 788
333289 780
333395 771
333502 760
333608 752
333715 742
333821 732
333927 724
334035 713
334141 704
334248 694
334354 685
334460 675
334567 666
334673 656
334780 646
334886 637
334993 627
335100 616
335206 606
335313 597
335419 589
335525 578
335632 569
335738 560
335845 550
335951 540
336058 530
336165 520
336271 510
336378 502
336484 493
336590 483
336697 472
336803 462
336909 452
337017 442
337123 431
337230 422
337336 413
337442 403
337549 395
337655 384
337762 374
337868 364
337974 355
338082 345
338188 334
338295 325
338401 314
338507 305
338614 297
338720 288
338827 278
338933 268
339040 258
339147 247
339253 239
339360 231
339466 221
339572 210
339679 201
339785 193
339892 183
339999 173
340105 163
340212 156
340318 146
340425 137
340531 125
340637 119
340744 110
340850 102
340956 93
341064 82
341170 74
341277 67
341383 66
341489 75
341596 82
341702 90
341809 101
341915 108
342023 119
342129 130
342235 136
342342 146
342448 154
342554 162
342661 173
342767 183
342874 192
342980 201
343087 210
343194 221
343300 229
343407 238
343513 248
343619 259
343726 268
343832 277
343939 286
344046 297
344152 306
344259 316
344365 326
344472 334
344578 345
344684 354
344791 364
344897 374
345005 384
345111 393
345217 403
345324 413
345430 423
345537 433
345643 441
345749 451
345856 462
345962 472
346070 482
346176 500
346282 501
346389 510
346495 520
346601 530
346708 540
346814 548
346921 560
347028 568
347134 578
347241 589
347347 598
347454 608
347560 617
347666 628
347773 637
347879 647
347986 656
348093 667
348199 676
348306 686
348412 695
348519 704
348625 714
348731 723
348838 733
348944 743
349052 751
349158 762
349264 771
349371 780
349477 789
349584 799
349690 807
349796 819
349903 827
350010 836
350117 845
350223 854
350329 858
350436 849
350542 840
350648 830
350755 821
350861 814
350968 802
351075 793
351182 784
351288 775
351394 764
351501 749
351607 746
351713 737
351820 728
351926 717
352034 708
352140 700
352246 687
352353 679
352459 670
352566 660
352672 650
352778 643
352885 630
352992 621
353099 611
353205 603
353311 592
353418 583
353524 573
353631 562
353737 554
353843 544
353950 535
354057 524
354164 515
354270 504
354376 495
354483 486
354589 476
354695 467
354802 456
354908 447
355016 438
355122 427
355229 418
355335 408
355441 398
355548 387
355654 379
355760 369
355867 351
355973 348
356081 339
356187 331
356293 320
356400 310
356506 301
356613 291
356719 282
356825 272
356932 263
357039 253
357146 244
357252 234
357358 225
357465 216
357571 206
357678 194
357784 189
357890 179
357998 169
358104 160
358211 149
358317 140
358423 132
358530 123
358636 114
358743 106
358849 95
358955 87
359063 79
359169 70
359276 44
359382 69
359488 79
359595 88
359701 97
359807 106
359914 114
360021 124
360128 133
360234 141
360340 151
360447 161
360553 169
360660 178
360766 188
360872 197
360979 207
361086 215
361193 227
361299 235
361405 245
361512 254
361618 264
361725 273
361831 282
361937 293
362045 302
362151 315
362258 325
362364 331
362470 342
362577 351
362683 362
362790 367
362896 380
363003 390
363110 398
363216 409
363323 417
363429 428
363535 438
363642 448
363748 458
363854 467
363961 476
364068 487
364175 496
364281 507
364387 516
364494 526
364600 532
364707 543
364813 556
364919 565
365027 575
365133 584
365240 594
365346 603
365452 614
365559 624
365665 632
365772 643
365878 651
365984 663
366092 672
366198 682
366305 689
366411 700
366517 709
366624 720
366730 729
366837 737
366943 747
367050 757
367157 767
367263 776
367370 785
367476 793
367582 810
367689 814
367795 823
367902 831
368009 841
368115 851
368222 860
368328 854
368435 843
368541 833
368647 825
368754 817
368860 806
368966 798
369074 789
369180 771
369287 770
369393 760
369499 750
369606 742
369712 732
369819 722
369925 713
370033 703
370139 693
370245 684
370352 673
370458 664
370564 653
370671 646
370777 636
370884 625
370991 616
371097 607
371204 597
371310 587
371417 576
371523 568
371629 558
371736 548
371842 539
371949 532
372056 518
372162 509
372269 499
372375 494
372482 481
372588 469
372694 460
372801 448
372907 441
373015 432
373121 421
373227 411
373334 402
373440 392
373547 384
373653 374
373759 363
373866 354
373972 345
374080 334
374186 325
374292 316
374399 303
374505 297
374611 287
374718 277
374824 267
374931 257
375038 248
375144 237
375251 229
375357 220
375464 210
375570 200
375676 191
375783 183
375889 174
375997 167
376103 154
376209 145
376316 136
376422 128
376529 118
376635 110
376741 101
376848 92
376954 83
377062 74
377168 66
377274 66
377381 75
377487 84
377594 92
377700 102
377806 110
377913 120
378020 127
378127 137
378233 146
378339 156
378446 162
378552 173
378658 184
378765 193
378871 202
378978 211
379085 221
379191 230
379298 240
379404 250
379511 258
379617 268
379723 278
379830 288
379936 299
380044 309
380150 316
380256 326
380363 337
380469 347
380576 356
380682 364
380788 376
380895 385
381002 395
381109 404
381215 414
381321 423
381428 433
381534 443
381641 452
381747 462
381853 473
381960 483
382067 493
382174 503
382280 512
382386 521
382493 531
382599 541
382705 552
382812 560
382918 570
383026 580
383132 590
383239 599
383345 609
383451 614
383558 628
383664 638
383770 648
383877 657
383983 666
384090 676
384196 686
384303 696
384409 705
384515 714
384622 723
384728 734
384834 743
384941 752
385048 762
385155 771
385261 780
385367 790
385474 791
385580 810
385687 818
385793 828
385899 836
386007 846
386113 855
386220 858
386326 848
386432 839
386539 829
386645 821
386752 812
386858 802
386964 793
387072 784
387178 774
387285 764
387391 755
387497 746
387604 737
387710 726
387817 717
387923 707
388030 697
388137 689
388243 679
388350 669
388456 661
388562 649
388669 640
388775 632
388881 621
388989 611
389095 602
389202 592
389308 582
389415 573
389521 562
389627 553
389734 543
389840 533
389946 525
390054 514
390160 505
390267 495
390373 490
390479 475
390586 465
390692 456
390799 446
390905 436
391012 427
391119 417
391225 408
391332 397
391438 387
391544 378
391651 370
391757 358
391864 348
391970 339
392077 329
392184 319
392290 310
392397 299
392503 290
392609 281
392716 271
392822 262
392928 253
393036 244
393142 233
393249 223
393355 214
393462 206
393568 196
393674 185
393781 177
393887 168
393995 159
394101 151
394207 141
394314 131
394420 123
394526 116
394633 103
394739 97
394846 87
394952 77
395059 68
395166 61
395272 71
395379 80
395485 87
395591 97
395698 107
395804 115
395911 127
396018 133
396124 143
396231 159
396337 161
396444 171
396550 179
396656 187
396763 196
396869 208
396975 216
397083 228
397189 236
397296 246
397402 255
397509 265
397615 274
397721 283
397828 292
397934 304
398042 313
398148 323
398254 332
398361 341
398467 351
398573 362
398680 370
398786 380
398893 390
399000 388
399107 410
399213 420
399319 429
399426 439
399532 448
399638 459
399745 468
399851 478
399958 488
400065 495
400171 507
400278 517
400384 527
400491 536
400597 547
400703 556
400810 566
400916 576
401024 581
401130 595
401236 605
401343 614
401449 624
401556 634
401662 642
401768 653
401875 664
401981 673
402089 681
402195 692
402301 699
402408 709
402514 719
402620 729
402727 739
402833 749
402940 757
403047 766
403154 777
403260 786
403366 795
403473 803
403579 814
403685 827
403792 832
403898 842
404006 850
404112 860
404218 853
404325 844
404431 834
404538 825
404644 814
404750 807
404857 797
404963 788
405071 778
405177 743
405283 759
405390 750
405496 741
405603 731
405709 721
405815 711
405922 703
406029 694
406136 683
406242 674
406348 663
406455 654
406561 647
406667 636
406774 625
406880 615
406988 606
407094 596
407201 587
407307 577
407413 567
407520 558
407626 547
407733 538
407839 528
407945 520
408053 509
408159 498
408266 490
408372 479
408478 469
408585 459
408691 450
408797 440
408904 431
409011 421
409118 411
409224 401
409331 392
409437 382
409543 371
409650 363
409756 353
409862 342
409969 334
410076 324
410183 314
410289 303
410395 294
410502 286
410608 275
410715 267
410821 257
410927 247
411035 237
411141 228
411248 220
411354 209
411460 199
411567 190
411673 182
411780 173
411886 163
411993 155
412100 144
412206 135
412313 127
412419 117
412525 109
412632 99
412738 92
412845 81
412951 73
413058 64
413165 67
413271 75
413378 85
413484 93
413590 103
413697 111
413803 120
413909 129
414017 138
414123 147
414230 157
414336 165
414442 174
414549 175
414655 193
414762 203
414868 212
414974 221
415082 232
415188 241
415295 251
415401 260
415507 269
415614 280
415720 290
415827 298
415933 308
416040 318
416147 327
416253 338
416360 347
416466 357
416572 367
416679 375
416785 388
416892 395
416999 406
417105 414
417212 425
417318 433
417425 437
417531 454
417637 464
417744 474
417850 483
417956 493
418064 504
418170 513
418277 522
418383 532
418489 542
418596 551
418702 562
418809 570
418915 579
419023 591
419129 599
419235 609
419342 619
419448 629
419554 638
419661 649
419767 657
419874 666
419980 677
420087 688
420194 696
420300 706
420407 715
420513 724
420619 735
420726 743
420832 753
420939 763
421046 773
421152 782
421259 791
421365 800
421472 810
421578 819
421684 828
421791 837
421897 847
422005 856
422111 856
422217 847
422324 838
422430 829
422537 819
422643 811
422749 801
422856 791
422962 781
423070 771
423176 761
423282 751
423389 744
423495 735
423601 725
423708 715
423814 705
423921 697
424028 687
424134 677
424241 668
424347 658
424454 648
424560 640
424666 629
424773 619
424879 611
424986 599
425093 591
425199 581
425306 570
425412 561
425519 551
425625 542
425731 532
425838 522
425944 513
426052 502
426158 494
426264 484
426371 474
426477 464
426584 455
426690 444
426796 435
426903 426
427010 416
427117 406
427223 396
427329 387
427436 377
427542 367
427648 348
427755 347
427861 337
427968 329
428075 318
428182 309
428288 299
428394 289
428501 281
428607 263
428713 261
428820 251
428926 242
429034 233
429140 223
429246 213
429353 203
429459 194
429566 186
429672 176
429778 168
429885 158
429992 148
430099 142
430205 137
430311 121
430418 112
430524 104
430631 95
430737 85
430843 76
430950 68
431057 61
431164 72
431270 80
431376 89
431483 99
431589 107
431695 117
431802 125
431908 135
432016 143
432122 152
432229 161
432335 170
432441 182
432548 190
432654 199
432760 208
432867 218
432973 225
433081 237
433187 246
433293 255
433400 265
433506 275
433613 285
433719 293
433825 304
433932 314
434039 323
434146 334
434252 343
434358 352
434465 362
434571 372
434678 381
434784 392
434890 401
434998 414
435104 421
435211 430
435317 440
435423 449
435530 461
435636 468
435743 482
435849 489
435955 499
436063 509
436169 519
