47 527
124 459
200 390
277 321
353 253
429 186
506 121
582 64
659 127
735 192
811 259
888 328
964 397
1042 467
1118 536
1194 605
1271 673
1347 740
1423 806
1500 849
1576 786
1653 714
1729 648
1805 580
1882 510
1958 441
2036 371
2112 303
2188 235
2265 170
2341 105
2418 79
2494 143
2570 210
2647 277
2723 345
2799 413
2876 483
2952 554
3030 616
3106 697
3182 759
3259 825
3335 833
3412 767
3488 698
3564 631
3641 562
3717 497
3794 424
3870 355
3946 286
4024 219
4100 153
4177 89
4253 97
4329 159
4406 230
4482 291
4558 362
4635 431
4711 499
4788 569
4864 637
4940 706
5018 774
5094 840
5171 817
5247 750
5323 682
5400 615
5476 545
5553 476
5629 407
5705 338
5782 271
5858 203
5934 138
6012 73
6088 111
6165 184
6241 253
6317 309
6394 378
6470 447
6547 517
6623 586
6699 654
6776 722
6852 788
6928 856
7006 801
7082 733
7159 666
7235 598
7312 528
7388 460
7464 391
7541 323
7617 254
7693 188
7770 122
7846 64
7923 126
8000 191
8076 259
8153 327
8229 397
8306 465
8382 534
8458 603
8535 672
8611 738
8687 804
8764 850
8840 782
8917 718
8994 650
9071 581
9147 512
9223 442
9300 374
9376 305
9452 238
9529 170
9605 109
9682 77
9758 142
9834 207
9911 273
9988 345
10065 413
10141 483
10217 552
10294 621
10370 688
10446 756
10523 822
10599 834
10676 768
10752 701
10828 632
10905 564
10981 495
11059 425
11135 357
11211 288
11288 220
11364 156
11441 92
11517 96
11593 156
11670 224
11746 291
11822 361
11899 435
11975 498
12053 569
12129 638
12206 706
12282 774
12358 839
12435 819
12511 752
12587 686
12664 616
12740 547
12817 478
12893 409
12969 339
13047 272
13123 204
13200 138
13276 75
13352 109
13429 174
13505 241
13581 309
13658 377
13734 446
13811 516
13887 584
13963 654
14041 722
14117 789
14194 854
14270 801
14346 734
14423 667
14499 599
14576 530
14652 462
14728 391
14805 330
14881 256
14957 189
15035 123
15111 66
15188 124
15264 190
15340 257
15417 326
15493 394
15570 463
15646 534
15722 601
15799 670
15875 738
15952 811
16029 853
16105 786
16182 719
16258 650
16335 582
16411 513
16487 444
16564 375
16640 307
16716 231
16793 173
16869 110
16946 75
17023 141
17099 206
17176 274
17252 340
17329 411
17405 480
17481 548
17558 619
17634 687
17711 753
17787 820
17863 836
17940 771
18017 702
18094 634
18170 567
18246 496
18323 428
18399 357
18475 290
18552 223
18628 156
18705 91
18781 93
18857 155
18934 222
19011 292
19088 359
19164 429
19240 498
19317 567
19393 634
19470 703
19546 771
19622 837
19699 821
19775 753
19851 686
19928 617
20005 547
20082 480
20158 410
20234 342
20311 273
20387 206
20464 140
20540 77
20616 107
20693 173
20769 238
20846 307
20922 375
20999 446
21076 517
21152 582
21229 652
21305 719
21381 788
21458 853
21534 804
21610 737
21687 669
21763 602
21840 534
21916 463
21993 391
22070 323
22146 256
22223 190
22299 125
22375 74
22452 124
22528 188
22605 256
22681 323
22757 392
22834 462
22910 531
22988 602
23064 670
23141 738
23217 803
23294 853
23370 786
23446 720
23523 652
23599 583
23676 514
23752 446
23828 377
23905 308
23981 240
24059 174
24135 109
24211 75
24288 152
24364 206
24440 274
24517 342
24593 410
24670 480
24746 548
24822 618
24899 686
24975 752
25053 821
25129 836
25205 769
25282 703
25358 634
25435 567
25511 497
25587 423
25664 333
25740 292
25816 223
25893 158
25969 93
26047 91
26123 157
26200 221
26276 289
26352 360
26429 427
26505 496
26581 566
26658 635
26734 702
26811 770
26887 835
26963 821
27041 754
27117 687
27194 617
27270 548
27346 481
27423 412
27499 343
27575 275
27652 209
27728 140
27805 75
27881 107
27957 171
28035 239
28111 307
28188 376
28264 445
28340 513
28417 582
28493 651
28570 719
28646 785
28722 853
28799 803
28875 739
28951 671
29029 601
29105 532
29182 462
29258 394
29334 326
29411 258
29487 191
29564 126
29640 63
29716 121
29793 188
29869 253
29946 322
30023 392
30099 461
30176 530
30252 599
30329 668
30405 735
30481 802
30558 854
30634 790
30710 722
30787 654
30863 585
30940 518
31017 447
31093 378
31170 309
31246 241
31323 175
31399 110
31475 74
31552 140
31628 204
31705 271
31781 340
31857 409
31934 478
32011 547
32088 617
32164 685
32240 752
32317 818
32393 838
32469 772
32546 706
32622 636
32699 567
32775 499
32851 430
32928 359
33005 290
33082 224
33158 159
33234 94
33311 90
33387 152
33464 220
33540 287
33616 356
33693 426
33769 495
33845 563
33922 633
33999 702
34076 768
34152 835
34228 822
34305 756
34381 687
34458 618
34534 552
34610 482
34687 413
34763 344
34840 276
34916 208
34993 143
35070 78
35146 106
35223 171
35299 237
35375 310
35452 372
35528 442
35604 511
35681 580
35757 649
35834 716
35910 784
35988 852
36065 805
36141 739
36217 670
36294 602
36370 534
36446 465
36523 395
36599 327
36676 259
36752 192
36828 128
36905 64
36981 121
37059 185
37135 253
37211 327
37288 419
37364 460
37440 530
37517 598
37593 666
37670 734
37746 801
37822 856
37899 784
37975 723
38053 654
38129 586
38205 518
38282 449
38358 377
38435 309
38511 242
38587 173
38664 88
38740 73
38816 136
38893 202
38969 272
39047 341
39123 408
39200 477
39276 547
39352 615
39429 684
39505 750
39581 819
39658 840
39734 773
39811 705
39887 638
39963 569
40041 499
40117 431
40194 363
40270 294
40346 225
40423 160
40499 96
40575 88
40652 153
40728 220
40805 287
40881 353
40957 424
41035 494
41111 564
41188 631
41264 700
41340 768
41417 833
41493 823
41570 756
41646 690
41722 622
41799 551
41875 483
41951 414
42029 343
42105 271
42182 209
42258 145
42334 81
42411 104
42487 169
42564 235
42640 303
42716 372
42793 441
42869 516
42946 579
43023 649
43099 716
43176 784
43252 851
43329 806
43405 739
43481 672
43558 604
43634 535
43710 466
43787 397
43863 327
43940 261
44017 192
44093 128
44170 61
44246 121
44323 186
44399 251
44475 321
44552 389
44628 458
44705 527
44781 597
44857 664
44934 733
45011 801
45088 857
45164 789
45240 724
45317 656
45393 588
45469 517
45546 448
45622 379
45699 312
45775 246
45851 177
45928 113
46005 72
46082 136
46158 198
46234 269
46311 337
46387 406
46464 481
46540 544
46616 614
46693 681
46769 750
46845 815
46922 841
46999 774
47076 707
47152 639
47228 571
47305 501
47381 432
47458 364
47534 295
47610 227
47687 160
47763 98
47840 87
47916 152
47993 219
48070 285
48146 354
48223 423
48299 492
48375 563
48452 631
48528 698
48604 763
48681 832
48757 825
48834 759
48910 692
48988 622
49065 553
49141 483
49217 415
49294 347
49370 278
49446 211
49523 144
49599 82
49676 104
49752 167
49828 233
49905 302
49981 371
50059 441
50135 511
50211 579
50288 648
50364 715
50440 782
50517 848
50593 808
50670 741
50746 674
50822 606
50899 542
50975 467
51053 399
51129 330
51205 261
51282 194
51358 129
51435 66
51511 119
51587 186
51664 251
51740 319
51816 389
51893 456
51969 525
52047 596
52123 666
52200 732
52276 799
52352 859
52429 791
52505 726
52581 657
52658 588
52734 519
52811 450
52887 381
52963 313
53041 245
53117 179
53194 113
53270 72
53346 135
53423 201
53499 268
53575 336
53652 404
53728 473
53805 544
53881 612
53957 680
54035 749
54111 815
54188 841
54264 775
54340 708
54417 640
54493 572
54570 503
54646 433
54722 363
54799 295
54875 228
54951 163
55029 105
55105 92
55182 151
55258 219
55334 285
55411 353
55487 421
55564 491
55640 560
55716 629
55793 697
55869 765
55946 830
56023 825
56099 759
56176 691
56252 622
56329 555
56405 478
56481 437
56558 348
56634 279
56710 211
56787 149
56863 83
56940 100
57017 168
57093 233
57170 301
57246 370
57323 440
57399 509
57475 578
57552 646
57628 713
57705 780
57781 846
57857 810
57934 744
58011 675
58088 607
58164 538
58240 470
58317 399
58393 331
58469 264
58546 194
58622 131
58699 69
58775 118
58851 181
58928 249
59005 318
59082 387
59158 462
59234 526
59311 594
59387 663
59464 731
59540 798
59616 859
59693 793
59769 727
59845 665
59922 591
59999 521
60076 452
60152 383
60228 318
60305 247
60381 179
60458 116
60534 70
60610 133
60687 196
60763 266
60840 334
60916 404
60993 474
61070 543
61146 610
61223 678
61299 747
61375 814
61452 843
61528 778
61604 707
61681 642
61757 574
61834 504
61910 434
61988 365
62065 295
62141 228
62217 164
62294 99
62370 87
62446 150
62523 214
62599 283
62676 352
62752 421
62828 489
62905 559
62981 642
63059 701
63135 764
63211 829
63288 826
63364 760
63440 693
63517 624
63593 555
63670 487
63746 418
63822 349
63899 281
63975 226
64053 145
64129 85
64205 101
64282 166
64358 232
64435 300
64511 368
64587 439
64664 515
64740 575
64816 642
64893 713
64969 781
65047 847
65123 809
65200 743
65276 676
65352 607
65429 540
65505 469
65581 401
65658 331
65734 263
65811 197
65887 132
65963 68
66041 116
66117 181
66194 248
66270 317
66346 387
66423 454
66499 524
66575 593
66652 661
66728 730
66805 795
66881 859
66957 795
67035 726
67111 659
67188 591
67264 522
67340 452
67417 383
67493 315
67570 247
67646 180
67722 116
67799 69
67875 132
67951 197
68029 261
68105 334
68182 403
68258 472
68334 541
68411 611
68487 678
68564 746
68640 813
68716 845
68793 778
68869 712
68946 643
69023 574
69099 504
69176 436
69252 367
69329 299
69405 235
69481 165
69558 101
69634 82
69710 148
69787 212
69863 280
69940 350
70017 420
70093 490
70170 558
70246 628
70323 695
70399 763
70475 828
70552 828
70628 764
70705 695
70781 626
70857 558
70934 489
71011 419
71088 351
71164 281
71240 214
71317 149
71393 84
71469 101
71546 165
71622 231
71699 298
71775 367
71851 435
71928 505
72005 575
72082 644
72158 712
72234 779
72311 845
72387 812
72464 745
72540 677
72616 609
72693 541
72769 474
72845 402
72922 334
72999 266
73076 197
73152 132
73228 69
73305 115
73381 179
73458 247
73534 315
73610 384
73687 453
73763 523
73840 590
73916 664
73993 729
74070 796
74146 862
74223 795
74299 729
74375 660
74452 593
74528 523
74604 461
74681 385
74757 316
74834 248
74910 183
74988 116
75065 68
75141 132
75217 197
75294 264
75370 333
75446 401
75523 469
75599 540
75676 608
75752 677
75828 745
75905 811
75981 845
76059 779
76135 712
76211 643
76288 575
76364 507
76440 438
76517 368
76593 300
76670 233
76746 166
76822 102
76899 82
76975 147
77053 214
77129 281
77205 349
77282 420
77358 488
77435 557
77511 625
77587 694
77664 753
77740 826
77816 830
77893 763
77969 697
78047 626
78123 558
78200 489
78276 420
