48 803
64 770
81 726
97 706
113 676
130 646
146 620
163 596
179 571
195 547
212 524
228 506
244 482
261 464
277 446
294 427
311 409
327 393
344 379
360 364
377 349
393 337
409 333
426 312
442 299
459 292
475 279
491 270
508 260
524 251
540 233
557 233
573 226
590 218
606 213
622 206
639 199
655 193
671 187
688 181
704 176
721 171
737 166
753 161
770 157
786 152
803 150
819 145
835 141
852 138
868 134
884 130
901 127
917 124
934 124
950 118
966 117
983 112
999 112
1015 110
1032 108
1048 105
1065 103
1081 103
1097 102
1114 105
1130 98
1147 96
1163 94
1179 94
1196 92
1212 91
1228 108
1245 88
1261 87
1278 86
1294 85
1311 84
1328 83
1344 82
1361 82
1377 81
1393 82
1410 82
1426 79
1443 78
1459 69
1475 78
1492 76
1508 75
1524 77
1541 72
1557 120
1574 159
1590 190
1606 230
1623 263
1639 295
1655 324
1672 353
1688 380
1705 406
1721 432
1737 456
1754 478
1770 498
1787 520
1803 535
1819 557
1836 575
1852 592
1868 608
1885 624
1901 638
1918 653
1934 670
1950 679
1967 690
1983 704
1999 714
2016 724
2032 734
2049 743
2065 747
2081 761
2098 769
2114 778
2131 785
2147 792
2163 799
2180 805
2196 811
2212 818
2229 826
2245 827
2262 832
2278 845
2294 842
2312 847
2328 849
2345 856
2361 860
2377 863
2394 867
2410 869
2427 873
2443 877
2459 879
2476 882
2492 884
2508 887
2525 890
2541 893
2558 894
2574 897
2590 905
2607 901
2623 903
2639 904
2656 905
2672 907
2689 909
2705 911
2721 912
2738 913
2754 915
2771 914
2787 915
2803 916
2820 919
2836 916
2852 928
2869 921
2885 922
2902 923
2918 925
2934 924
2951 925
2967 926
2983 920
3000 927
3016 928
3033 928
3049 929
3065 929
3082 912
3098 872
3115 835
3131 799
3147 765
3164 731
3180 701
3196 671
3213 643
3229 606
3246 591
3262 567
3278 545
3295 520
3312 497
3329 476
3345 458
3361 441
3378 424
3394 407
3411 400
3427 375
3443 363
3460 347
3476 335
3492 322
3509 310
3525 299
3542 287
3558 280
3574 268
3591 268
3607 249
3624 241
3640 233
3656 225
3673 218
3689 211
3705 202
3722 198
3738 191
3755 186
3771 179
3787 175
3804 162
3820 165
3836 159
3853 153
3869 153
3886 147
3902 142
3918 140
3935 120
3951 134
3968 131
3984 124
4000 124
4017 121
4033 118
4049 116
4066 114
4082 112
4099 111
4115 76
4131 106
4148 103
4164 103
4180 100
4197 99
4213 96
4230 53
4246 94
4262 93
4279 124
4295 90
4312 89
4329 86
4345 87
4362 85
4378 85
4394 84
4411 98
4427 82
4443 81
4460 83
4476 79
4493 81
4509 79
4525 78
4542 77
4558 77
4574 75
4591 87
4607 74
4624 87
4640 128
4656 166
4673 202
4689 236
4706 269
4722 301
4738 330
4755 358
4771 385
4787 411
4804 424
4820 458
4837 481
4853 503
4869 523
4886 543
4902 560
4918 579
4935 596
4951 611
4968 626
4984 642
5000 653
5017 667
5033 680
5050 691
5066 704
5082 716
5099 725
5115 728
5131 745
5148 754
5164 762
5181 772
5197 779
5213 786
5230 804
5246 799
5262 806
5279 813
5295 819
5312 824
5329 830
5345 834
5362 838
5378 845
5394 850
5411 865
5427 857
5444 860
5460 865
5476 867
5493 872
5509 875
5525 877
5542 880
5558 882
5575 885
5591 900
5607 891
5624 893
5640 887
5656 897
5673 899
5689 900
5706 902
5722 904
5738 905
5755 907
5771 909
5788 910
5804 903
5820 913
5837 915
5853 916
5869 917
5886 918
5902 919
5919 919
5935 922
5951 922
5968 923
5984 920
6000 923
6017 925
6033 933
6050 925
6066 927
6082 927
6099 928
6115 930
6132 928
6148 929
6164 908
6181 867
6197 830
6213 793
6230 761
6246 728
6263 696
6279 661
6295 639
6312 612
6329 585
6345 561
6362 538
6378 518
6394 496
6411 476
6427 460
6444 438
6460 421
6476 414
6493 390
6509 375
6525 361
6542 346
6558 333
6575 320
6591 309
6607 298
6624 286
6640 277
6656 266
6673 256
6689 249
6706 240
6722 232
6738 225
6755 223
6771 210
6788 203
6804 210
6820 191
6837 185
6853 175
6869 174
6886 169
6902 158
6919 159
6935 155
6951 154
6968 147
6984 144
7000 141
7017 136
7033 133
7050 130
7066 126
7082 124
7099 121
7115 119
7132 116
7148 114
7164 112
7181 111
7197 108
7213 106
7230 104
7246 102
7263 99
7279 104
7295 97
7313 95
7329 103
7345 94
7362 92
7378 90
7394 89
7411 109
7427 87
7444 86
7460 86
7476 84
7493 84
7509 82
7525 82
7542 81
7558 80
7575 80
7591 80
7607 79
7624 77
7640 75
7657 76
7673 76
7689 76
7706 91
7722 131
7738 169
7755 205
7771 239
7788 272
7804 317
7820 334
7837 361
7853 390
7869 414
7886 438
7902 461
7919 483
7935 503
7951 525
7968 543
7984 563
8001 578
8017 597
8033 613
8050 628
8066 642
8082 657
8099 670
8115 681
8132 693
8148 705
8164 716
8181 726
8197 736
8213 745
8230 754
8246 763
8263 772
8279 788
8295 786
8313 795
8329 799
8345 808
8362 814
8378 819
8395 824
8411 836
8427 836
8444 840
8460 846
8476 850
8493 854
8509 857
8526 861
8542 864
8558 869
8575 872
8591 876
8607 877
8624 880
8640 886
8657 886
8673 888
8689 891
8706 893
8722 898
8739 898
8755 900
8771 902
8788 904
8804 906
8820 906
8837 907
8853 910
8870 911
8886 912
8902 913
8919 915
8935 915
8951 918
8968 918
8984 921
9001 920
9017 921
9033 922
9050 923
9066 924
9083 925
9099 926
9115 933
9132 926
9148 928
9164 927
9181 927
9197 929
9214 930
9230 931
9246 899
9263 860
9279 825
9295 788
9312 752
9329 722
9345 690
9362 660
9378 634
9394 607
9411 589
9427 559
9443 535
9460 511
9476 494
9493 472
9509 454
9525 436
9542 419
9558 403
9574 388
9591 379
9607 357
9624 344
9640 334
9656 318
9673 307
9689 297
9706 285
9722 275
9738 266
9755 255
9771 247
9787 238
9804 225
9820 223
9837 217
9853 208
9869 203
9886 196
9902 189
9918 185
9935 177
9951 172
9968 169
9984 165
10000 158
10017 155
10033 150
10050 146
10066 143
10082 140
10099 135
10115 131
10131 129
10148 127
10164 123
10181 121
10197 118
10213 116
10230 114
10246 111
10262 109
10279 126
10295 105
10312 103
10329 104
10345 99
10362 99
10378 96
10394 94
10411 104
10427 92
10444 90
10460 91
10476 89
10493 87
10509 86
10525 86
10542 85
10558 84
10575 83
10591 85
10607 81
10624 81
10640 85
10656 80
10673 79
10689 79
10706 78
10722 76
10738 77
10755 75
10771 75
10788 99
10804 136
10820 176
10837 211
10853 247
10869 279
10886 310
10902 338
10919 366
10935 394
10951 418
10968 442
10984 472
11000 488
11017 508
11033 528
11050 547
11066 565
11082 583
11099 600
11115 617
11132 631
11148 646
11164 658
11181 671
11197 683
11213 696
11230 706
11246 718
11263 728
11279 739
11295 747
11312 755
11329 764
11345 772
11362 782
11378 788
11394 795
11411 801
11427 809
11444 814
11460 820
11476 826
11493 831
11509 836
11525 840
11542 846
11558 850
11575 854
11591 856
11607 861
11624 865
11640 870
11656 873
11673 875
11689 878
11706 881
11722 884
11738 887
11755 890
11771 892
11788 893
11804 894
11820 898
11837 900
11853 902
11869 903
11886 905
11902 906
11919 907
11935 910
11951 911
11968 912
11984 912
12000 915
12017 916
12033 918
12050 918
12066 919
12082 921
12099 921
12115 926
12132 923
12148 923
12164 925
12181 925
12197 926
12213 927
12230 927
12246 928
12263 929
12279 924
12295 929
12313 930
12329 893
12345 854
12362 816
12378 782
12394 748
12411 711
12427 687
12444 658
12460 630
12476 604
12493 579
12509 556
12525 533
12542 511
12558 491
12575 469
12591 450
12607 433
12624 417
12640 397
12657 385
12673 370
12689 355
12706 342
12722 330
12738 317
12755 306
12771 295
12788 283
12804 269
12820 264
12837 256
12853 247
12869 238
12886 230
12902 222
12919 215
12935 208
12951 201
12968 195
12984 191
13001 184
13017 178
13033 176
13050 167
13066 162
13082 157
13099 154
13115 151
13132 146
13148 143
13164 140
13181 136
13197 132
13213 130
13230 126
13246 123
13263 120
13279 133
13295 116
13313 112
13329 124
13345 108
13362 107
13378 97
13395 101
13411 101
13427 100
13444 98
13460 97
13476 96
13493 94
13509 91
13526 90
13542 90
13558 88
13575 88
13591 87
13607 85
13624 85
13640 83
13657 82
13673 81
13689 82
13706 80
13722 79
13739 78
13755 77
13771 78
13788 77
13804 85
13820 75
13837 75
13853 59
13870 104
13886 143
13902 182
13919 216
13935 248
13951 289
13968 313
13984 341
14001 369
14017 396
14033 421
14050 445
14066 467
14083 490
14099 511
14115 531
14132 549
14148 568
14164 585
14181 601
14197 617
14214 632
14230 647
14246 660
14263 673
14279 683
14295 697
14312 709
14329 718
14345 730
14362 739
14378 749
14394 757
14411 778
14427 773
14443 783
14460 788
14476 796
14493 802
14509 809
14525 815
14542 821
14558 826
14574 831
14591 826
14607 842
14624 846
14640 845
14656 854
14673 858
14689 862
14706 866
14722 869
14738 872
14755 876
14771 878
14787 882
14804 882
14820 888
14837 889
14853 898
14869 894
14886 897
14902 898
14918 901
14935 903
14951 904
14968 906
14984 901
15000 909
15017 911
15033 912
15050 912
15066 914
15082 915
15099 916
15115 918
15131 918
15148 920
15164 921
15181 922
15197 922
15213 924
15230 926
15246 925
15262 925
15279 924
15295 926
15312 926
15329 928
15345 928
15362 929
15378 929
15394 923
15411 892
15427 848
15444 812
15460 778
15476 743
15493 712
15509 682
15525 653
15542 625
15558 600
15575 575
15591 550
15607 529
15624 508
15640 495
15656 467
15673 449
15689 431
15706 414
15722 398
15738 382
15755 368
15771 354
15788 341
15804 332
15820 315
15837 304
15853 294
15869 283
15886 272
15902 262
15919 253
15935 245
15951 236
15968 228
15984 228
16000 214
16017 208
16033 200
16050 195
16066 188
16082 182
16099 177
16115 180
16132 168
16148 163
16164 157
16181 153
16197 149
16213 145
16230 142
16246 138
16263 135
16279 129
16295 128
16312 128
16329 123
16345 120
16362 117
16378 115
16394 113
16411 111
16427 108
16444 105
16460 104
16476 103
16493 100
16509 100
16525 98
16542 97
16558 95
16575 93
16591 90
16607 91
16624 90
16640 85
16656 88
16673 87
16689 86
16706 84
16722 83
16738 82
16755 82
16771 81
16788 80
16804 78
16820 79
16837 78
16853 79
16869 75
16886 76
16902 76
16919 76
16935 76
16951 108
16968 148
16984 178
17000 220
17017 254
17033 286
17050 316
17066 346
17082 373
17099 399
17115 418
17132 448
17148 471
17164 493
17181 513
17197 534
17213 551
17230 570
17246 586
17263 603
17279 617
17295 635
17313 649
17329 665
17345 676
17362 688
17378 699
17394 710
17411 717
17427 731
17444 741
17460 751
17476 759
17493 768
17509 776
17525 782
17542 790
17558 797
17575 804
17591 808
17607 815
17624 822
17640 833
17657 832
17673 838
17689 842
17706 847
17722 850
17738 855
17755 859
17771 862
17788 866
17804 868
17820 873
17837 876
17853 879
17869 882
17886 884
17902 886
17919 890
17935 892
17951 894
17968 896
17984 901
18001 900
18017 902
18033 904
18050 906
18066 907
18082 908
18099 910
18115 902
18132 913
18148 914
18164 915
18181 917
18197 917
18213 918
18230 919
18246 920
18263 922
18279 921
18295 922
18313 926
18329 925
18345 925
18362 926
18378 927
18395 927
18411 927
18427 929
18444 928
18460 931
18476 922
18493 882
18509 843
18526 808
18542 773
18558 739
18575 709
18591 676
18607 650
18624 622
18640 591
18657 572
18673 549
18689 528
18706 506
18722 483
18739 465
18755 447
18771 429
18788 412
18804 389
18820 381
18837 366
18853 354
18870 339
18886 326
18902 315
18919 303
18935 291
18951 281
18968 272
18984 262
19001 252
19017 244
19033 235
19050 227
19066 219
19083 213
19099 206
19115 186
19132 194
19148 189
19164 182
19181 177
19197 170
19214 168
19230 162
19246 158
19263 153
19279 146
19295 144
19312 141
19329 137
19345 134
19362 131
19378 128
19394 125
19411 108
19427 119
19443 118
19460 114
19476 113
19493 111
19509 109
19525 107
19542 105
19558 103
19574 101
19591 98
19607 97
19624 95
19640 89
19656 92
19673 92
19689 91
19706 89
19722 89
19738 88
19755 86
19771 85
19787 85
19804 58
19820 83
19837 82
19853 81
19869 79
19886 79
19902 79
19918 79
19935 78
19951 77
19968 78
19984 75
20000 75
20017 76
20033 115
20050 153
20066 190
20082 225
20099 258
20115 289
20131 320
20148 349
20164 376
20181 403
20197 427
20213 450
20230 474
20246 496
20262 516
20279 547
20295 555
20312 573
20329 603
20345 607
20362 622
20378 638
20394 650
20411 664
20427 676
20444 688
20460 701
20476 709
20493 724
20509 732
20525 741
20542 751
20558 761
20575 769
20591 776
20607 783
20624 791
20640 798
20656 805
20673 811
20689 817
20706 823
20722 829
20738 833
20755 840
20771 843
20788 847
20804 865
20820 856
20837 859
20853 865
20869 866
20886 870
20902 873
20919 876
20935 880
20951 881
20968 885
20984 888
21000 889
21017 893
21033 894
21050 897
21066 899
21082 900
21099 902
21115 905
21132 905
21148 907
21164 909
21181 911
21197 912
21213 913
21230 913
21246 916
21263 917
21279 918
21295 919
21312 920
21329 918
21345 921
21362 923
21378 924
21394 925
21411 924
21427 925
21444 926
21460 928
21476 926
21493 929
21509 930
21525 930
21542 930
21558 915
21575 874
21591 838
21607 801
21624 766
21640 731
21656 703
21673 673
21689 645
21706 618
21722 585
21738 567
21755 545
21771 522
21788 502
21804 489
21820 459
21837 443
21853 431
21869 409
21886 393
21902 378
21919 363
21935 350
21951 336
21968 324
21984 314
22000 300
22017 290
22033 279
22050 269
22066 260
22082 250
22099 241
22115 238
22132 226
22148 219
22164 212
22181 204
22197 199
22213 192
22230 185
22246 180
22263 175
22279 169
22295 164
22313 161
22329 158
22345 153
22362 148
22378 144
22394 141
22411 135
22427 133
22444 130
22460 124
22476 124
22493 122
22509 119
22525 116
22542 115
22558 111
22575 111
22591 108
22607 106
22624 103
22640 111
22657 101
22673 100
22689 98
22706 96
22722 96
22738 93
22755 91
22771 91
22788 90
22804 81
22820 87
22837 86
22853 78
22869 85
22886 85
22902 81
22919 81
22935 81
22951 80
22968 79
22984 80
23001 78
23017 79
23033 78
23050 77
23066 76
23082 75
23099 82
23115 94
23132 160
23148 197
23164 231
23181 265
23197 295
23213 325
23230 354
23246 381
23263 408
23279 431
23295 456
23313 481
23329 502
23345 521
23362 540
23378 559
23395 576
23411 593
23427 609
23444 625
23460 641
23476 653
23493 668
23509 679
23526 692
23542 702
23558 713
23575 724
23591 745
23607 744
23624 752
23640 764
23657 770
23673 777
23689 785
23706 792
23722 792
23739 806
23755 811
23771 817
23788 822
23804 827
23820 833
23837 838
23853 841
23870 848
23886 852
23902 857
23919 860
23935 864
23951 868
23968 871
23984 873
24001 877
24017 880
24033 882
24050 885
24066 888
24083 890
24099 893
24115 899
24132 897
24148 898
24164 900
24181 902
24197 904
24214 905
24230 907
24246 909
24263 911
24279 915
24295 913
24312 913
24329 916
24345 918
24362 918
24378 919
24394 920
24411 920
24427 921
24443 922
24460 923
24476 925
24493 925
24509 925
24525 926
24542 927
24558 927
24574 930
24591 930
24607 928
24624 929
24640 917
24656 874
24673 837
24689 801
24706 767
24722 734
24738 702
24755 672
24771 644
24787 618
24804 586
24820 568
24837 543
24853 521
24869 501
24886 481
24902 461
24918 443
24935 425
24951 409
24968 392
24984 377
25000 363
25017 349
25033 336
25050 322
25066 311
25082 301
25099 290
25115 271
25131 269
25148 260
25164 251
25181 242
25197 234
25213 226
25230 220
25246 211
25262 204
25279 198
25295 192
25312 185
25329 182
25345 176
25362 170
25378 165
25394 160
25411 156
25427 150
25444 147
25460 150
25476 140
25493 137
25509 134
25525 131
25542 128
25558 124
25575 121
25591 119
25607 117
25624 115
25640 108
25656 110
25673 109
25689 105
25706 104
25722 100
25738 102
25755 99
25771 96
25788 97
25804 82
25820 94
25837 91
25853 94
25869 88
25886 89
25902 88
25919 85
25935 85
25951 84
25968 83
25984 80
26000 82
26017 81
26033 80
26050 79
26066 78
26082 78
26099 78
26115 66
26132 76
26148 76
26164 76
26181 82
26197 124
26213 162
26230 198
26246 232
26263 266
26279 298
26295 326
26312 356
26329 383
26345 409
26362 433
26378 459
26394 480
26411 501
26427 521
26444 540
26460 557
26476 577
26493 593
26509 610
26525 625
26542 641
26558 654
26575 667
26591 682
26607 692
26624 703
26640 715
26656 724
26673 734
26689 743
26706 752
26722 760
26738 770
26755 777
26771 785
26788 792
26804 794
26820 805
26837 812
26853 823
26869 824
26886 829
26902 834
26919 839
26935 844
26951 848
26968 852
26984 855
27000 860
27017 864
27033 867
27050 871
27066 874
27082 877
27099 880
27115 875
27132 885
27148 887
27164 890
27181 893
27197 895
27213 898
27230 900
27246 901
27263 903
27279 902
27295 906
27313 908
27329 909
27345 910
27362 912
27378 919
27394 914
27411 916
27427 914
27444 918
27460 919
27476 920
27493 922
27509 922
27525 923
27542 924
27558 924
27575 925
27591 926
27607 927
27624 927
27640 928
27657 928
27673 929
27689 930
27706 930
27722 906
27738 867
27755 829
27771 794
27788 760
27804 730
27820 697
27837 668
27853 642
27869 614
27886 588
27902 558
27919 540
27935 519
27951 497
27968 478
27984 458
28001 440
28017 422
28033 406
28050 389
28066 376
28082 361
28099 346
28115 334
28132 321
28148 310
28164 298
28181 288
28197 277
28213 268
28230 258
28246 249
28263 241
28279 249
28295 225
28313 217
28329 227
28345 204
28362 197
28378 185
28395 185
28411 179
28427 169
28444 169
28460 164
28476 162
28493 155
28509 152
28526 141
28542 145
28558 139
28575 145
28591 133
28607 130
28624 128
28640 123
28657 122
28673 119
28689 116
28706 114
28722 113
28739 110
28755 108
28771 107
28788 104
28804 114
28820 101
28837 98
28853 88
28870 96
28886 95
28902 92
28919 92
28935 91
28951 91
28968 88
28984 87
29001 83
29017 86
29033 85
29050 91
29066 82
29083 82
29099 81
29115 81
29132 79
29148 79
29164 77
29181 77
29197 77
29214 77
29230 76
29246 75
29263 89
29279 134
29295 166
29312 204
29329 237
29345 271
29362 301
29378 329
29394 361
29411 387
29427 413
29443 437
29460 461
29476 488
29493 504
29509 524
29525 545
29542 563
29558 579
29574 595
29591 613
29607 627
29624 641
29640 656
29656 669
29673 681
29689 693
29706 705
29722 716
29738 726
29755 735
29771 746
29787 755
29804 759
29820 771
29837 780
29853 786
29869 792
29886 801
29902 806
29918 814
29935 819
29951 821
29968 830
29984 836
30000 840
30017 845
30033 848
30050 853
30066 857
30082 861
30099 864
30115 868
30131 872
30148 874
30164 878
30181 881
30197 883
30213 886
30230 889
30246 891
30262 893
30279 895
30295 897
30312 898
30329 900
30345 903
30362 904
30378 883
30394 907
30411 909
30427 908
30444 912
30460 914
30476 915
30493 916
30509 918
30525 918
30542 919
30558 922
30575 921
30591 921
30607 923
30624 923
30640 924
30656 925
30673 926
30689 939
30706 927
30722 927
30738 928
30755 928
30771 929
30788 929
30804 902
30820 821
30837 825
30853 790
30869 752
30886 723
30902 693
30919 664
30935 636
30951 610
30968 585
30984 559
31000 521
31017 515
31033 493
31050 474
31066 455
31082 438
31099 420
31115 404
31132 395
31148 374
31164 359
31181 344
31197 331
31213 320
31230 308
31246 296
31263 286
31279 280
31295 267
31312 257
31329 247
31345 237
31362 231
31378 223
31394 216
31411 207
31427 201
31444 196
31460 185
31476 184
31493 179
31509 173
31525 169
31542 164
31558 159
31575 154
31591 152
31607 148
31624 142
31640 139
31656 136
31673 133
31689 130
31706 127
31722 128
31738 121
31755 119
31771 115
31788 113
31804 109
31820 109
31837 107
31853 106
31869 102
31886 102
31902 100
31919 100
31935 98
31951 97
31968 93
31984 93
32000 92
32017 91
32033 89
32050 88
32066 87
32082 85
32099 86
32115 77
32132 84
32148 82
32164 81
32181 80
32197 79
32213 79
32230 80
32246 77
32263 77
32279 68
32295 75
32313 76
32329 77
32345 98
32362 136
32378 175
32394 211
32411 244
32427 276
32444 308
32460 343
32476 365
32493 392
32509 417
32525 441
32542 464
32558 487
32575 508
32591 536
32607 546
32624 565
32640 577
32657 598
32673 616
32689 630
32706 644
32722 663
32738 671
32755 684
32771 696
32788 707
32804 717
32820 727
32837 737
32853 740
32869 756
32886 763
32902 772
32919 781
32935 788
32951 794
32968 801
32984 808
33001 814
33017 820
33033 826
33050 831
33066 836
33082 841
33099 845
33115 850
33132 854
33148 857
33164 860
33181 865
33197 869
33213 871
33230 876
33246 878
33263 881
33279 870
33295 886
33313 889
33329 890
33345 895
33362 896
33378 898
33395 900
33411 902
33427 903
33444 904
33460 906
33476 908
33493 909
33509 910
33526 911
33542 913
33558 915
33575 916
33591 916
33607 917
33624 919
33640 919
33657 922
33673 923
33689 924
33706 924
33722 933
33739 925
33755 926
33771 927
33788 928
33804 904
33820 928
33837 928
33853 937
33870 930
33886 897
33902 858
33919 821
33935 786
33951 752
33968 720
33984 691
34001 661
34017 632
34033 606
34050 582
34066 558
34083 535
34099 514
34115 487
34132 472
34148 455
34164 436
34181 418
34197 402
34214 386
34230 371
34246 357
34263 344
34279 343
34295 319
34312 308
34329 289
34345 285
34362 273
34378 269
34394 255
34411 247
34427 238
34443 231
34460 222
34476 219
34493 208
34509 201
34525 197
34542 190
34558 184
34574 179
34591 173
34607 168
34624 164
34640 159
34656 155
34673 151
34689 146
34706 143
34722 140
34738 136
34755 132
34771 131
34787 126
34804 122
34820 121
34837 119
34853 93
34869 115
34886 111
34902 109
34918 108
34935 104
34951 103
34968 103
34984 100
35000 98
35017 97
35033 96
35050 95
35066 93
35082 92
35099 89
35115 90
35131 89
35148 86
35164 83
35181 85
35197 83
35213 83
35230 82
35246 82
35262 81
35279 79
35295 80
35312 78
35329 78
35345 77
35362 77
35378 56
35394 75
35411 76
35427 99
35444 138
35460 175
35476 213
35493 244
35509 277
35525 308
35542 337
35558 376
35575 392
35591 418
35607 452
35624 466
35640 487
35656 508
35673 528
35689 548
35706 566
35722 583
35738 581
35755 615
35771 630
35788 645
35804 658
35820 671
35837 683
35853 695
35869 713
35886 715
35902 727
35919 737
35935 747
35951 756
35968 765
35984 772
36000 767
36017 788
36033 796
36050 803
36066 808
36082 814
36099 820
36115 826
36132 822
36148 836
36164 841
36181 845
36197 850
36213 854
36230 857
36246 862
36263 866
36279 887
36295 872
36312 874
36329 887
36345 881
36362 884
36378 886
36394 890
36411 890
36427 893
36444 896
36460 896
36476 900
36493 900
36509 903
36525 904
36542 905
36558 908
36575 909
36591 925
36607 913
36624 914
36640 916
36656 916
36673 917
36689 918
36706 920
36722 920
36738 922
36755 922
36771 923
36788 924
36804 936
36820 925
36837 925
36853 928
36869 927
36886 928
36902 928
36919 929
36935 929
36951 929
36968 893
36984 854
37000 817
37017 783
37033 747
37050 717
37066 688
37082 659
37099 631
37115 595
37132 579
37148 555
37164 533
37181 511
37197 491
37213 471
37230 453
37246 434
37263 416
37279 398
37295 385
37313 369
37329 350
37345 343
37362 330
37378 317
37394 305
37411 295
37427 284
37444 273
37460 265
37476 256
37493 245
37509 237
37525 230
37542 222
37558 215
37575 208
37591 209
37607 195
37624 189
37640 182
37657 179
37673 172
37689 168
37706 163
37722 153
37738 155
37755 150
37771 146
37788 142
37804 120
37820 135
37837 132
37853 124
37869 126
37886 123
37902 121
37919 118
37935 116
37951 112
37968 111
37984 107
38001 107
38017 105
38033 103
38050 100
38066 100
38082 98
38099 96
38115 93
38132 96
38148 92
38164 92
38181 90
38197 88
38213 88
38230 86
38246 86
38263 85
38279 74
38295 83
38313 82
38329 83
38345 82
38362 80
38378 80
38395 79
38411 79
38427 78
38444 77
38460 77
38476 77
38493 75
38509 105
38526 145
38542 182
38558 218
38575 251
38591 298
38607 313
38624 343
38640 369
38657 397
38673 423
38689 445
38706 468
38722 490
38739 512
38755 532
38771 552
38788 568
38804 582
38820 602
38837 619
38853 630
38870 647
38886 661
38902 672
38919 686
38935 696
38951 709
38968 719
38984 756
39001 739
39017 749
39033 757
39050 767
39066 775
39083 781
39099 789
39115 787
39132 803
39148 810
39164 816
39181 822
39197 826
39214 833
39230 836
39246 841
39263 846
39279 852
39295 854
39312 858
39329 861
39345 866
39362 869
39378 873
39394 875
39411 878
39427 881
39443 884
39460 887
39476 888
39493 892
39509 893
39525 895
39542 897
39558 900
39574 901
39591 904
39607 905
39624 907
39640 910
39656 910
39673 911
39689 913
39706 915
39722 917
39738 917
39755 917
39771 918
39787 920
39804 921
39820 921
39837 921
39853 923
39869 923
39886 923
39902 925
39918 926
39935 927
39951 928
39968 928
39984 929
40000 930
40017 930
40033 935
40050 887
40066 850
40082 812
40099 777
40115 753
40131 712
40148 684
40164 654
40181 627
40197 600
40213 576
40230 552
40246 529
40262 508
40279 481
40295 468
40312 449
40329 429
40345 414
40362 398
40378 382
40394 368
40411 354
40427 341
40444 327
40460 315
40476 303
40493 293
40509 281
40525 271
40542 262
40558 252
40575 244
40591 235
40607 228
40624 220
40640 212
40656 207
40673 201
40689 194
40706 190
40722 181
40738 177
40755 172
40771 168
40788 163
40804 154
40820 154
40837 150
40853 144
40869 142
40886 138
40902 136
40919 131
40935 128
40951 126
40968 123
40984 120
41000 117
41017 115
41033 113
41050 111
41066 109
41082 107
41099 105
41115 83
41132 100
41148 99
41164 98
41181 96
41197 94
41213 92
41230 92
41246 90
41263 90
41279 76
41295 88
41312 87
41329 87
41345 84
41362 83
41378 84
41394 81
41411 81
41427 80
41444 79
41460 81
41476 78
41493 78
41509 78
41525 76
41542 76
41558 76
41575 75
41591 110
41607 151
41624 186
41640 223
41656 258
41673 287
41689 317
41706 344
41722 374
41738 401
41755 429
41771 449
41788 473
41804 494
41820 515
41837 535
41853 555
41869 571
41886 587
41902 604
41919 620
41935 634
41951 649
41968 663
41984 676
42000 688
42017 700
42033 711
42050 722
42066 731
42082 743
42099 750
42115 759
42132 770
42148 775
42164 782
42181 790
42197 797
42213 803
42230 809
42246 816
42263 821
42279 826
42295 832
42313 837
42329 834
42345 847
42362 850
42378 872
42394 859
42411 862
42427 868
42444 871
42460 872
42476 881
42493 880
42509 882
42525 887
42542 887
42558 890
42575 891
42591 894
42607 902
42624 899
42640 900
42657 902
42673 904
42689 907
42706 907
42722 909
42738 910
42755 912
42771 913
42788 915
42804 915
42820 917
42837 919
42853 919
42869 919
42886 920
42902 921
42919 922
42935 922
42951 925
42968 925
42984 925
43001 925
43017 927
43033 926
43050 929
43066 930
43082 927
43099 931
43115 924
43132 884
43148 845
43164 809
43181 774
43197 741
43213 709
43230 680
43246 651
43263 623
43279 607
43295 573
43313 549
43329 531
43345 504
43362 484
43378 465
43395 446
43411 429
43427 412
43444 397
43460 380
43476 366
43493 352
43509 338
43526 326
43542 313
43558 303
43575 291
43591 303
43607 271
43624 261
43640 234
43657 243
43673 234
43689 201
43706 220
43722 213
43739 206
43755 199
43771 194
43788 187
43804 181
43820 176
43837 169
43853 166
43870 161
43886 157
43902 152
43919 149
43935 144
43951 141
43968 139
43984 135
44001 132
44017 129
44033 125
44050 122
44066 124
44083 117
44099 114
44115 107
44132 111
44148 105
44164 106
44181 104
44197 103
44214 100
44230 98
44246 96
44263 96
44279 101
44295 94
44312 92
44329 91
44345 91
44362 87
44378 103
44394 86
44411 85
44427 85
44443 86
44460 82
44476 78
44493 81
44509 81
44525 79
44542 80
44558 77
44574 77
44591 77
44607 88
44624 75
44640 76
44656 96
44673 115
44689 155
44706 183
44722 227
44738 259
44755 290
44771 321
44787 365
44804 377
44820 402
44837 430
44853 452
44869 473
44886 495
44902 517
44918 536
44935 555
44951 572
44968 591
44984 606
45000 621
45017 636
45033 650
45050 664
45066 677
45082 689
45099 701
45115 712
45131 722
45148 731
45164 742
45181 752
45197 760
45213 769
45230 775
45246 783
45262 790
45279 793
45295 804
45312 811
45329 817
45345 822
45362 828
45378 833
45394 838
45411 842
45427 847
45444 851
45460 855
45476 859
45493 862
45509 867
45525 871
45542 874
45558 876
45575 878
45591 889
45607 885
45624 887
45640 889
45656 892
45673 895
45689 896
45706 899
45722 900
45738 902
45755 903
45771 904
45788 907
45804 898
45820 910
45837 911
45853 913
45869 913
45886 916
45902 916
45919 917
45935 919
45951 919
45968 921
45984 915
46000 922
46017 923
46033 924
46050 924
46066 926
46082 926
46099 926
46115 914
46132 928
46148 928
46164 928
46181 929
46197 919
46213 880
46230 840
46246 805
46263 771
46279 733
46295 706
46312 674
46329 649
46345 620
46362 594
46378 570
46394 545
46411 524
46427 504
46444 483
46460 464
46476 444
46493 427
46509 409
46525 393
46542 379
46558 364
46575 349
46591 329
46607 324
46624 312
46640 302
46656 290
46673 280
46689 271
46706 261
46722 253
46738 243
46755 235
46771 227
46788 219
46804 211
46820 205
46837 199
46853 190
46869 187
46886 180
46902 175
46919 170
46935 165
46951 160
46968 157
46984 154
47000 149
47017 145
47033 142
47050 137
47066 133
47082 131
47099 128
47115 111
47132 123
47148 120
47164 116
47181 115
47197 112
47213 111
47230 108
47246 106
47263 104
47279 95
47295 101
47313 99
47329 92
47345 96
47362 94
47378 93
47394 92
47411 90
47427 90
47444 88
47460 87
47476 86
47493 85
47509 84
47525 82
47542 82
47558 82
47575 82
47591 70
47607 82
47624 80
47640 78
47657 77
47673 78
47689 78
47706 76
47722 77
47738 77
47755 118
47771 157
47788 195
47804 223
47820 262
47837 294
47853 325
47869 351
47886 379
47902 406
47919 430
47935 454
47951 475
47968 499
47984 499
48001 538
48017 557
48033 575
48050 591
48066 608
48082 623
48099 638
48115 668
48132 665
48148 678
48164 690
48181 702
48197 712
48213 723
48230 734
48246 743
48263 751
48279 754
48295 768
48313 778
48329 785
48345 792
48362 800
48378 806
48395 812
48411 818
48427 824
48444 828
48460 826
48476 839
48493 843
48509 850
48526 852
48542 856
48558 861
48575 864
48591 867
48607 871
48624 874
48640 875
48657 879
48673 882
48689 884
48706 889
48722 889
48739 893
48755 895
48771 897
48788 899
48804 901
48820 903
48837 918
48853 906
48870 904
48886 909
48902 910
48919 912
48935 908
48951 914
48968 915
48984 916
49001 919
49017 919
49033 920
49050 920
49066 921
49083 923
49099 923
49115 923
49132 926
49148 926
49164 927
49181 928
49197 928
49214 928
49230 929
49246 929
49263 929
49279 911
49295 872
49312 833
49329 778
49345 763
49362 731
49378 717
49394 670
49411 642
49427 623
49443 589
49460 565
49476 541
49493 520
49509 498
49525 482
49542 459
49558 441
49574 424
49591 407
49607 391
49624 376
49640 362
49656 363
49673 336
49689 323
49706 308
49722 300
49738 289
49755 279
49771 268
49787 258
49804 250
49820 241
49837 233
49853 225
49869 217
49886 212
49902 204
49918 198
49935 191
49951 186
49968 177
49984 175
50000 171
50017 165
50033 161
50050 156
50066 152
50082 148
50099 143
50115 140
50131 138
50148 133
50164 130
50181 127
50197 125
50213 122
50230 119
50246 116
50262 114
50279 112
50295 109
50312 108
50329 103
50345 104
50362 102
50378 101
50394 99
50411 97
50427 95
50444 95
50460 94
50476 93
50493 90
50509 89
50525 88
50542 87
50558 86
50575 85
50591 101
50607 85
50624 84
50640 82
50656 82
50673 81
50689 81
50706 79
50722 83
50738 78
50755 79
50771 77
50788 76
50804 74
50820 87
50837 127
50853 166
50869 201
50886 236
50902 267
50919 299
50935 328
50951 357
50968 384
50984 431
51000 436
51017 459
51033 480
51050 503
51066 522
51082 541
51099 560
51115 571
51132 594
51148 611
51164 626
51181 640
51197 654
51213 668
51230 679
51246 692
51263 704
51279 718
51295 724
51312 736
51329 747
51345 754
51362 764
51378 771
51394 779
51411 786
51427 793
51444 799
51460 807
51476 812
51493 818
51509 825
51525 829
51542 835
51558 839
51575 845
51591 844
51607 852
51624 856
51640 861
51656 864
51673 868
51689 872
51706 873
51722 875
51738 881
51755 883
51771 886
51788 887
51804 885
51820 895
51837 895
51853 891
51869 899
51886 901
51902 903
51919 903
51935 905
51951 907
51968 908
51984 937
52000 912
52017 914
52033 914
52050 916
52066 917
52082 918
52099 920
52115 902
52132 921
52148 922
52164 923
52181 923
52197 926
52213 925
52230 926
52246 927
52263 927
52279 917
52295 928
52313 929
52329 923
52345 931
52362 904
52378 866
52394 828
52411 792
52427 759
52444 727
52460 696
52476 667
52493 638
52509 612
52525 586
52542 563
52558 539
52575 517
52591 492
52607 476
52624 457
52640 441
52657 422
52673 406
52689 389
52706 373
52722 362
52738 347
52755 333
52771 321
52788 309
52804 279
52820 288
52837 277
52853 270
52869 258
52886 250
52902 240
52919 233
52935 224
52951 217
52968 209
52984 204
53001 196
53017 192
53033 185
53050 181
53066 173
53082 169
53099 164
53115 174
53132 156
53148 151
53164 148
53181 145
53197 140
53213 137
53230 134
53246 130
53263 127
53279 117
53295 121
53313 118
53329 116
53345 113
53362 112
53378 109
53395 107
53411 107
53427 104
53444 102
53460 133
53476 99
53493 97
53509 96
53526 94
53542 93
53558 92
53575 90
53591 85
53607 87
53624 87
53640 81
53657 84
53673 84
53689 83
53706 83
53722 81
53739 81
53755 80
53771 80
53788 79
53804 71
53820 77
53837 77
53853 74
53870 76
53886 75
53902 90
53919 131
53935 168
53951 204
53968 238
53984 273
54001 302
54017 332
54033 365
54050 388
54066 413
54083 438
54099 461
54115 459
54132 505
54148 526
54164 544
54181 563
54197 580
54214 597
54230 613
54246 628
54263 642
54279 644
54295 669
54312 681
54329 694
54345 705
54362 716
54378 726
54394 737
54411 745
54427 755
54443 763
54460 773
54476 780
54493 787
54509 794
54525 801
54542 807
54558 814
54574 819
54591 813
54607 829
54624 836
54640 841
54656 845
54673 849
54689 854
54706 858
54722 855
54738 866
54755 868
54771 872
54787 875
54804 878
54820 880
54837 884
54853 888
54869 889
54886 891
54902 894
54918 896
54935 898
54951 900
54968 902
54984 848
55000 905
55017 907
55033 908
55050 910
55066 912
55082 913
55099 912
55115 934
55131 916
55148 917
55164 918
55181 920
55197 920
55213 921
55230 922
55246 923
55262 923
55279 898
55295 925
55312 926
55329 923
55345 927
55362 928
55378 928
55394 929
55411 929
55427 931
55444 899
55460 838
55476 823
55493 788
55509 761
55525 721
55542 691
55558 656
55575 634
55591 608
55607 582
55624 558
55640 536
55656 513
55673 494
55689 473
55706 454
55722 437
55738 420
55755 402
55771 387
55788 373
55804 357
55820 344
55837 342
55853 319
55869 307
55886 269
55902 285
55919 276
55935 259
55951 256
55968 247
55984 232
56000 231
56017 223
56033 214
56050 209
56066 202
56082 200
56099 190
56115 185
56132 178
56148 174
56164 169
56181 165
56197 159
56213 155
56230 150
56246 147
56263 142
56279 149
56295 135
56312 132
56329 121
56345 126
56362 124
56378 131
56394 119
56411 116
56427 156
56444 111
56460 110
56476 106
56493 105
56509 103
56525 102
56542 100
56558 98
56575 100
56591 94
56607 93
56624 91
56640 90
56656 89
56673 89
56689 88
56706 88
56722 87
56738 86
56755 84
56771 83
56788 83
56804 82
56820 81
56837 80
56853 79
56869 81
56886 80
56902 78
56919 78
56935 77
56951 76
56968 75
56984 97
57000 136
57017 157
57033 209
57050 244
57066 274
57082 307
57099 336
57115 365
57132 391
57148 417
57164 441
57181 464
57197 487
57213 508
57230 527
57246 547
57263 565
57279 576
57295 599
57313 615
57329 632
57345 645
57362 658
57378 671
57394 685
57411 696
57427 706
57444 718
57460 730
57476 738
57493 748
57509 755
57525 765
57542 772
57558 780
57575 787
57591 802
57607 801
57624 807
57640 815
57657 820
57673 825
57689 830
57706 837
57722 843
57738 845
57755 849
57771 854
57788 859
57804 848
57820 865
57837 870
57853 873
57869 875
57886 878
57902 881
57919 884
57935 887
57951 890
57968 890
57984 853
58001 895
58017 898
58033 903
58050 902
58066 903
58082 905
58099 906
58115 909
58132 910
58148 911
58164 912
58181 913
58197 914
58213 917
58230 918
58246 918
58263 920
58279 913
58295 921
58313 922
58329 925
58345 923
58362 925
58378 925
58395 926
58411 927
58427 928
58444 928
58460 926
58476 929
58493 929
58509 931
58526 895
58542 855
58558 819
58575 784
58591 754
58607 718
58624 688
58640 657
58657 631
58673 605
58689 579
58706 556
58722 534
58739 512
58755 490
58771 470
58788 452
58804 438
58820 418
58837 400
58853 385
58870 371
58886 356
58902 343
58919 330
58935 317
58951 306
58968 296
58984 271
59001 274
59017 265
59033 249
59050 247
59066 238
59083 229
59099 223
59115 211
59132 207
59148 201
59164 196
59181 189
59197 182
59214 178
59230 172
59246 167
59263 163
59279 150
59295 154
59312 151
59329 148
59345 143
59362 139
59378 136
59394 133
59411 130
59427 128
59443 124
59460 120
59476 119
59493 116
59509 113
59525 111
59542 109
59558 106
59574 105
59591 95
59607 101
59624 100
59640 99
59656 97
59673 95
59689 94
59706 93
59722 92
59738 91
59755 89
59771 88
59787 85
59804 70
59820 85
59837 84
59853 90
59869 82
59886 81
59902 81
59918 80
59935 80
59951 79
59968 77
59984 63
60000 77
60017 76
60033 75
60050 76
60066 102
60082 141
60099 178
60115 227
60131 248
60148 280
60164 311
60181 341
60197 368
60213 395
60230 420
60246 444
60262 467
60279 469
60295 511
60312 531
60329 556
60345 567
60362 586
60378 601
60394 618
60411 633
60427 647
60444 660
60460 667
60476 686
60493 697
60509 708
60525 719
60542 730
60558 739
60575 749
60591 762
60607 766
60624 773
60640 774
60656 788
60673 797
60689 802
60706 809
60722 818
60738 822
60755 826
60771 831
60788 837
60804 803
60820 847
60837 851
60853 849
60869 860
60886 862
60902 868
60919 869
60935 873
60951 876
60968 878
60984 892
61000 884
61017 885
61033 891
61050 891
61066 894
61082 896
61099 899
61115 900
61132 902
61148 904
61164 906
61181 907
61197 908
61213 910
61230 912
61246 912
61263 914
61279 896
61295 916
61312 917
61329 917
61345 920
61362 921
61378 922
61394 920
61411 924
61427 925
61444 925
61460 973
61476 927
61493 927
61509 928
61525 928
61542 929
61558 929
61575 930
61591 889
61607 886
61624 848
61640 819
61656 776
61673 744
61689 713
61706 683
61722 652
61738 626
61755 601
61771 575
61788 551
61804 524
61820 507
61837 488
61853 476
61869 448
61886 430
61902 414
61919 397
61935 383
61951 368
61968 354
61984 372
62000 328
62017 315
62033 299
62050 292
62066 283
62082 273
62099 262
62115 254
62132 245
62148 236
62164 230
62181 220
62197 214
62213 207
62230 200
62246 194
62263 187
62279 177
62295 178
62313 171
62329 167
62345 162
62362 156
62378 154
62394 150
62411 145
62427 142
62444 139
62460 117
62476 131
62493 129
62509 125
62525 123
62542 120
62558 119
62575 116
62591 114
62607 110
62624 108
62640 106
62657 105
62673 102
62689 115
62706 99
62722 98
62738 89
62755 94
62771 94
62788 93
62804 91
62820 90
62837 88
62853 88
62869 87
62886 86
62902 85
62919 84
62935 83
62951 82
62968 81
62984 81
63001 80
63017 79
63033 79
63050 77
63066 78
63082 79
63099 76
63115 76
63132 75
63148 110
63164 148
63181 185
63197 221
63213 254
63230 286
63246 316
63263 345
63279 372
63295 400
63313 426
63329 449
63345 471
63362 494
63378 516
63395 533
63411 553
63427 574
63444 588
63460 604
63476 622
63493 634
63509 649
63526 662
63542 675
63558 688
63575 708
63591 710
63607 721
63624 731
63640 741
63657 749
63673 758
63689 768
63706 775
63722 783
63739 790
63755 809
63771 803
63788 809
63804 815
63820 822
63837 827
63853 833
63870 838
63886 842
63902 847
63919 850
63935 861
63951 858
63968 863
63984 869
64001 869
64017 873
64033 876
64050 879
64066 892
64083 884
64099 887
64115 888
64132 891
64148 894
64164 896
64181 898
64197 901
64214 901
64230 903
64246 906
64263 907
64279 906
64295 910
64312 911
64329 911
64345 914
64362 916
64378 916
64394 918
64411 918
64427 920
64443 921
64460 928
64476 922
64493 923
64509 924
64525 924
64542 925
64558 925
64574 926
64591 941
64607 927
64624 928
64640 930
64656 930
64673 916
64689 887
64706 848
64722 816
64738 777
64755 743
64771 713
64787 682
64804 621
64820 626
64837 600
64853 574
64869 557
64886 528
64902 508
64918 487
64935 467
64951 448
64968 429
64984 385
65000 397
65017 381
65033 366
65050 353
65066 339
65082 328
65099 313
65115 309
65131 293
65148 282
65164 272
65181 263
65197 253
65213 245
65230 236
65246 228
65262 221
65279 206
65295 206
65312 199
65329 203
65345 188
65362 182
65378 177
65394 172
65411 167
65427 161
65444 157
65460 135
65476 149
65493 145
65509 141
65525 138
65542 134
65558 132
65575 128
65591 131
65607 123
65624 120
65640 116
65656 116
65673 112
65689 111
65706 108
65722 107
65738 104
65755 102
65771 102
65788 98
65804 89
65820 96
65837 95
65853 88
65869 93
65886 90
65902 90
65919 88
65935 86
65951 87
65968 85
65984 79
66000 84
66017 82
66033 85
66050 80
66066 80
66082 80
66099 80
66115 68
66132 78
66148 77
66164 77
66181 77
66197 75
66213 75
66230 111
66246 149
66263 185
66279 210
66295 255
66312 288
66329 311
66345 347
66362 375
66378 402
66394 426
66411 449
66427 473
66444 494
66460 524
66476 534
66493 555
66509 571
66525 589
66542 605
66558 620
66575 635
66591 634
66607 663
66624 676
66640 687
66656 700
66673 709
66689 721
66706 731
66722 741
66738 750
66755 759
66771 768
66788 775
66804 795
66820 791
66837 796
66853 804
66869 810
66886 816
66902 823
66919 828
66935 831
66951 837
66968 842
66984 858
67000 852
67017 853
67033 860
67050 863
67066 867
67082 869
67099 874
67115 878
67132 879
67148 883
67164 886
67181 887
67197 889
67213 892
67230 892
67246 896
67263 898
67279 884
67295 902
67313 903
67329 907
67345 908
67362 909
67378 910
67394 911
67411 913
67427 914
67444 917
67460 921
67476 918
67493 919
67509 918
67525 921
67542 921
67558 922
67575 924
67591 920
67607 925
67624 927
67640 924
67657 928
67673 928
67689 928
67706 929
67722 929
67738 930
67755 920
67771 881
67788 842
67804 816
67820 771
67837 738
67853 707
67869 678
67886 648
67902 621
67919 595
67935 571
67951 547
67968 526
67984 512
68001 485
68017 464
68033 447
68050 428
68066 411
68082 396
68099 379
68115 371
68132 349
68148 338
68164 326
68181 314
68197 302
68213 291
68230 281
68246 271
68263 261
68279 251
68295 242
68313 235
68329 221
68345 219
68362 212
68378 206
68395 199
68411 193
68427 188
68444 181
68460 155
68476 171
68493 166
68509 170
68526 158
68542 153
68558 149
68575 146
68591 129
68607 136
68624 134
68640 129
68657 128
68673 126
68689 122
68706 119
68722 124
68739 114
68755 112
68771 111
68788 109
68804 109
68820 106
68837 103
68853 101
68870 99
68886 98
68902 96
68919 95
68935 96
68951 93
68968 92
68984 92
69001 89
69017 88
69033 87
69050 86
69066 85
69083 83
69099 83
69115 85
69132 81
69148 81
69164 79
69181 79
69197 79
69214 78
69230 69
69246 78
69263 76
69279 75
69295 76
69312 117
69329 157
69345 193
69362 227
69378 260
69394 293
69411 323
69427 351
69443 379
69460 405
69476 432
69493 441
69509 476
69525 498
69542 518
69558 538
69574 557
69591 574
69607 591
69624 605
69640 622
69656 638
69673 650
69689 665
69706 677
69722 689
69738 701
69755 711
69771 722
69787 733
69804 743
69820 751
69837 760
69853 769
69869 776
69886 786
69902 791
69918 798
69935 805
69951 813
69968 817
69984 823
70000 833
70017 834
70033 838
70050 843
70066 847
70082 852
70099 852
70115 859
70131 864
70148 867
70164 870
70181 873
70197 877
70213 880
70230 883
70246 884
70262 888
70279 884
70295 892
70312 894
70329 890
70345 898
70362 900
70378 888
70394 904
70411 906
70427 905
70444 909
70460 910
70476 918
70493 914
70509 915
70525 916
70542 916
70558 919
70575 919
70591 920
70607 921
70624 921
70640 923
70656 923
70673 924
70689 925
70706 925
70722 925
70738 926
70755 928
70771 928
70788 929
70804 931
70820 930
70837 914
70853 871
70869 835
70886 800
70902 763
70919 734
70935 703
70951 673
70968 644
70984 617
71000 592
71017 568
71033 543
71050 523
71066 501
71082 481
71099 461
71115 443
71132 424
71148 409
71164 395
71181 378
71197 363
71213 350
71230 335
71246 323
71263 311
71279 297
71295 289
71312 279
71329 271
71345 259
71362 252
71378 241
71394 233
71411 226
71427 219
71444 212
71460 251
71476 198
71493 191
71509 188
71525 181
71542 175
71558 170
71575 165
71591 156
71607 156
71624 152
71640 150
71656 144
71673 141
71689 137
71706 134
71722 127
71738 128
71755 125
71771 121
71788 119
71804 122
71820 115
71837 113
71853 110
71869 107
71886 105
71902 103
71919 101
71935 101
71951 99
71968 96
71984 99
72000 93
72017 94
72033 92
72050 91
72066 89
72082 89
72099 89
72115 84
72132 85
72148 85
72164 83
72181 83
72197 82
72213 80
72230 80
72246 79
72263 79
72279 74
72295 77
72313 77
72329 79
72345 77
72362 75
72378 85
72394 125
72411 163
72427 199
72444 234
72460 240
72476 297
72493 327
72509 353
72525 382
72542 409
72558 434
72575 457
72591 485
72607 500
72624 522
72640 542
72657 559
72673 578
72689 594
72706 610
72722 621
72738 640
72755 654
72771 666
72788 679
72804 696
72820 704
72837 714
72853 727
72869 730
72886 744
72902 752
72919 760
72935 769
72951 777
72968 787
72984 794
73001 799
73017 806
73033 814
73050 818
73066 824
73082 828
73099 833
73115 847
73132 844
73148 849
73164 852
73181 857
73197 860
73213 864
73230 867
73246 871
73263 874
73279 859
73295 880
73313 883
73329 884
73345 888
73362 891
73378 893
73395 895
73411 897
73427 901
73444 902
73460 893
73476 905
73493 906
73509 904
73526 909
73542 911
73558 912
73575 914
73591 912
73607 915
73624 916
73640 917
73657 919
73673 920
73689 920
73706 922
73722 924
73739 923
73755 925
73771 925
73788 926
73804 928
73820 928
73837 928
73853 920
73870 929
73886 930
73902 930
73919 911
73935 871
73951 833
73968 797
73984 762
74001 731
74017 700
74033 671
74050 642
74066 614
74083 589
74099 565
74115 542
74132 519
74148 499
74164 480
74181 460
74197 441
74214 424
74230 407
74246 393
74263 378
74279 357
74295 349
74312 335
74329 323
74345 311
74362 300
74378 288
74394 277
74411 268
74427 258
74443 250
74460 238
74476 233
74493 225
74509 218
74525 211
74542 204
74558 198
74574 192
74591 177
74607 181
74624 175
74640 171
74656 165
74673 159
74689 157
74706 152
74722 147
74738 144
74755 141
74771 137
74787 133
74804 138
74820 127
74837 126
74853 123
74869 118
74886 117
74902 114
74918 112
74935 110
74951 107
74968 106
74984 109
75000 103
75017 101
75033 106
75050 97
75066 97
75082 95
75099 92
75115 107
75131 90
75148 90
75164 89
75181 87
75197 86
75213 85
75230 84
75246 84
75262 81
75279 81
75295 78
75312 80
75329 73
75345 79
75362 79
75378 77
75394 77
75411 77
75427 76
75444 75
75460 73
75476 125
75493 164
75509 201
75525 234
75542 266
75558 298
75575 329
75591 357
75607 383
75624 410
75640 430
75656 458
75673 480
75689 502
75706 522
75722 543
75738 560
75755 578
75771 594
75788 610
75804 624
75820 641
75837 654
75853 668
75869 681
75886 691
75902 703
75919 715
75935 725
75951 734
75968 743
75984 750
76000 761
76017 770
76033 773
76050 784
76066 793
76082 799
76099 804
76115 804
76132 818
76148 824
76164 830
76181 835
76197 839
76213 844
76230 848
76246 853
76263 857
76279 856
76295 864
76312 868
76329 877
76345 876
76362 878
76378 881
76394 883
76411 886
76427 888
76444 890
76460 898
76476 894
76493 897
76509 902
76525 901
76542 902
76558 905
76575 905
76591 898
76607 909
76624 910
76640 912
76656 913
76673 915
76689 916
76706 916
76722 918
76738 918
76755 919
76771 920
76788 920
76804 923
76820 920
76837 924
76853 924
76869 922
76886 926
76902 927
76919 929
76935 928
76951 928
76968 928
76984 929
77000 907
77017 873
77033 830
77050 794
77066 755
77082 727
77099 696
77115 668
77132 639
77148 613
77164 587
77181 563
77197 541
77213 518
77230 497
77246 478
77263 456
77279 441
77295 423
77313 405
77329 389
77345 375
77362 360
77378 345
77394 333
77411 321
77427 309
77444 299
77460 287
77476 279
77493 267
77509 258
77525 243
77542 240
77558 232
77575 223
77591 217
77607 210
77624 204
77640 198
77657 190
77673 186
77689 180
77706 174
77722 169
77738 164
77755 159
77771 155
77788 152
77804 146
77820 144
77837 139
77853 149
77869 133
77886 130
77902 126
77919 124
77935 122
77951 112
77968 117
77984 116
78001 111
78017 110
78033 107
78050 105
78066 104
78082 108
78099 100
78115 99
78132 97
78148 95
78164 94
78181 93
78197 91
78213 90
78230 90
78246 87
78263 88
78279 81
78295 86
78313 84
78329 84
78345 83
78362 81
78378 81
78395 80
78411 79
78427 79
78444 77
78460 79
78476 77
78493 77
78509 70
78526 75
78542 91
78558 133
78575 171
78591 209
78607 241
78624 273
78640 305
78657 334
78673 362
78689 388
78706 415
78722 439
78739 461
78755 483
78771 504
78788 526
78804 544
78820 563
78837 581
78853 590
78870 612
78886 628
78902 643
78919 657
78935 669
78951 682
78968 694
78984 697
79001 716
79017 727
79033 738
79050 745
79066 756
79083 763
79099 771
79115 781
79132 786
79148 794
79164 801
79181 807
79197 814
79214 820
79230 825
79246 830
79263 836
79279 833
79295 844
79312 849
79329 853
79345 858
79362 860
79378 865
79394 868
79411 871
79427 875
79443 878
79460 873
79476 883
79493 886
79509 887
79525 891
79542 894
79558 895
79574 898
79591 898
79607 901
79624 903
79640 909
79656 906
79673 908
79689 909
79706 910
79722 912
79738 913
79755 915
79771 916
79787 917
79804 922
79820 918
79837 920
79853 922
79869 921
79886 923
79902 923
79918 923
79935 925
79951 926
79968 927
79984 926
80000 928
80017 929
80033 937
80050 930
80066 930
80082 900
80099 861
80115 826
80131 789
80148 754
80164 723
80181 692
80197 662
80213 635
80230 609
80246 583
80262 560
80279 538
80295 514
80312 494
80329 472
80345 455
80362 436
80378 419
80394 403
80411 387
80427 372
80444 358
80460 337
80476 332
80493 320
80509 309
80525 296
80542 285
80558 275
80575 266
80591 251
80607 248
80624 238
80640 231
80656 224
80673 217
80689 209
80706 203
80722 199
80738 191
80755 184
80771 179
80788 174
80804 167
80820 164
80837 158
80853 155
80869 151
80886 146
80902 142
80919 140
80935 136
80951 133
80968 129
80984 128
81000 123
81017 120
81033 118
81050 116
81066 114
81082 112
81099 109
81115 105
81132 106
81148 104
81164 102
81181 100
81197 99
81213 97
81230 95
81246 94
81263 92
81279 81
81295 90
81312 90
81329 88
81345 87
81362 86
81378 85
81394 84
81411 84
81427 83
81444 81
81460 77
81476 79
81493 80
81509 78
81525 77
81542 79
81558 77
81575 76
81591 71
81607 76
81624 98
81640 139
81656 175
81673 210
81689 244
81706 276
81722 309
81738 337
81755 365
81771 392
81788 419
81804 440
81820 465
81837 486
81853 507
81869 528
81886 547
81902 565
81919 583
81935 599
81951 615
81968 630
81984 643
82000 658
82017 671
82033 687
82050 695
82066 707
82082 717
82099 728
82115 739
82132 746
82148 756
82164 763
82181 773
82197 780
82213 788
82230 795
82246 802
82263 808
82279 819
82295 820
82313 826
82329 832
82345 835
82362 840
82378 845
82394 851
82411 853
82427 857
82444 861
82460 874
82476 868
82493 872
82509 876
82525 879
82542 882
82558 884
82575 887
82591 888
82607 891
82624 893
82640 896
82657 898
82673 899
82689 901
82706 903
82722 904
82738 906
82755 908
82771 910
82788 910
82804 910
82820 914
82837 915
82853 917
82869 919
82886 918
82902 919
82919 920
82935 921
82951 922
82968 923
82984 922
83001 925
83017 925
83033 920
83050 927
83066 927
83082 927
83099 926
83115 927
83132 929
83148 929
83164 897
83181 858
83197 822
83213 786
83230 752
83246 720
83263 690
83279 658
83295 633
83313 604
83329 576
83345 556
83362 533
83378 511
83395 490
83411 471
83427 452
83444 434
83460 421
83476 402
83493 385
83509 372
83526 357
83542 343
83558 330
83575 318
83591 301
83607 297
83624 284
83640 276
83657 264
83673 254
83689 246
83706 238
83722 230
83739 221
83755 216
83771 209
83788 201
83804 195
83820 188
83837 184
83853 178
83870 174
83886 168
83902 155
83919 159
83935 154
83951 151
83968 146
83984 141
84001 136
84017 136
84033 131
84050 129
84066 126
84083 123
84099 120
84115 118
84132 115
84148 114
84164 112
84181 109
84197 107
84214 105
84230 103
84246 102
84263 101
84279 98
84295 98
84312 94
84329 98
84345 92
84362 91
84378 92
84394 88
84411 87
84427 89
84443 87
84460 84
84476 82
84493 84
84509 82
84525 81
84542 81
84558 80
84574 70
84591 79
84607 77
84624 77
84640 76
84656 77
84673 76
84689 76
84706 102
84722 141
84738 177
84755 213
84771 248
84787 280
84804 311
84820 340
84837 368
84853 409
84869 420
84886 444
84902 468
84918 490
84935 510
84951 529
84968 548
84984 568
85000 581
85017 600
85033 616
85050 630
85066 646
85082 659
85099 671
85115 685
85131 708
85148 708
85164 718
85181 729
85197 739
85213 748
85230 758
85246 765
85262 773
85279 774
85295 788
85312 796
85329 802
85345 808
85362 815
85378 821
85394 826
85411 831
85427 838
85444 842
85460 846
85476 850
85493 854
85509 860
85525 862
85542 865
85558 869
85575 873
85591 874
85607 879
85624 881
85640 884
85656 886
85673 889
85689 890
85706 894
85722 895
85738 898
85755 900
85771 901
85788 903
85804 905
85820 905
85837 908
85853 910
85869 911
85886 913
85902 915
85919 916
85935 916
85951 918
85968 919
85984 921
86000 921
86017 921
86033 925
86050 923
86066 923
86082 924
86099 925
86115 925
86132 926
86148 926
86164 928
86181 927
86197 929
86213 930
86230 929
86246 892
86263 854
86279 815
86295 782
86312 747
86329 714
86345 685
86362 656
86378 629
86394 602
86411 577
86427 554
86444 533
86460 507
86476 488
86493 468
86509 445
86525 432
86542 416
86558 400
86575 384
86591 368
86607 355
86624 341
86640 330
86656 315
86673 305
86689 294
86706 282
86722 274
86738 262
86755 253
86771 246
86788 238
86804 229
86820 221
86837 214
86853 208
86869 200
86886 196
86902 188
86919 182
86935 178
86951 172
86968 167
86984 162
87000 158
87017 154
87033 154
87050 146
87066 142
87082 139
87099 136
87115 132
87132 129
87148 126
87164 123
87181 120
87197 118
87213 116
87230 113
87246 112
87263 110
87279 103
87295 104
87313 102
87329 104
87345 101
87362 97
87378 98
87394 95
87411 93
87427 92
87444 93
87460 91
87476 88
87493 88
87509 89
87525 85
87542 85
87558 83
87575 83
87591 74
87607 81
87624 81
87640 79
87657 79
87673 79
87689 78
87706 78
87722 79
87738 78
87755 75
87771 75
87788 106
87804 144
87820 182
87837 218
87853 253
87869 283
87886 315
87902 343
87919 371
87935 396
87951 423
87968 446
87984 482
88001 490
88017 512
88033 537
88050 552
88066 570
88082 586
88099 604
88115 619
88132 633
88148 647
88164 661
88181 673
88197 686
88213 699
88230 709
88246 719
88263 731
88279 738
88295 749
88313 759
88329 764
88345 775
88362 782
88378 790
88395 796
88411 803
88427 809
88444 816
88460 822
88476 826
88493 832
88509 836
88526 842
88542 846
88558 851
88575 855
88591 858
88607 863
88624 866
88640 870
88657 874
88673 876
88689 879
88706 882
88722 886
88739 886
88755 889
88771 893
88788 894
88804 897
88820 899
88837 900
88853 902
88870 903
88886 906
88902 906
88919 909
88935 911
88951 912
88968 913
88984 933
89001 915
89017 917
89033 916
89050 919
89066 920
89083 921
89099 921
89115 923
89132 923
89148 925
89164 925
89181 925
89197 926
89214 927
89230 925
89246 928
89263 928
89279 929
89295 930
89312 923
89329 887
89345 845
89362 808
89378 774
89394 741
89411 710
89427 680
89443 652
89460 624
89476 599
89493 573
89509 552
89525 527
89542 506
89558 485
89574 466
89591 444
89607 430
89624 412
89640 397
89656 380
89673 367
89689 352
89706 339
89722 321
89738 314
89755 303
89771 293
89787 282
89804 271
89820 264
89837 253
89853 250
89869 236
89886 229
89902 221
89918 214
89935 207
89951 199
89968 193
89984 188
90000 183
90017 176
90033 164
90050 166
90066 162
90082 158
90099 153
90115 148
90131 145
90148 142
90164 138
90181 134
90197 132
90213 129
90230 126
90246 123
90262 120
90279 120
90295 115
90312 113
90329 111
90345 108
90362 107
90378 104
90394 102
90411 101
90427 99
90444 98
90460 94
90476 94
90493 93
90509 92
90525 91
90542 89
90558 88
90575 88
90591 69
90607 85
90624 84
90640 91
90656 83
90673 84
90689 82
90706 80
90722 87
90738 79
90755 79
90771 78
90788 77
90804 76
90820 76
90837 75
90853 77
90869 114
90886 153
90902 184
90919 224
90935 257
90951 289
90968 320
90984 348
91000 374
91017 403
91033 426
91050 452
91066 474
91082 495
91099 515
91115 535
91132 553
91148 574
91164 588
91181 605
91197 620
91213 635
91230 650
91246 663
91263 676
91279 687
91295 700
91312 711
91329 721
91345 731
91362 743
91378 751
91394 760
91411 768
91427 766
91444 782
91460 790
91476 798
91493 806
91509 810
91525 814
91542 822
91558 827
91575 839
91591 838
91607 844
91624 847
91640 851
91656 856
91673 859
91689 863
91706 867
91722 870
91738 873
91755 876
91771 879
91788 882
91804 884
91820 887
91837 890
91853 889
91869 894
91886 896
91902 894
91919 900
91935 903
91951 906
91968 906
91984 907
92000 911
92017 910
92033 911
92050 913
92066 914
92082 916
92099 916
92115 917
92132 922
92148 919
92164 920
92181 921
92197 922
92213 923
92230 923
92246 923
92263 925
92279 919
92295 926
92313 927
92329 930
92345 929
92362 929
92378 930
92394 920
92411 878
92427 841
92444 804
92460 770
92476 737
92493 707
92509 676
92525 648
92542 619
92558 596
92575 570
92591 547
92607 525
92624 504
92640 482
92657 464
92673 446
92689 428
92706 411
92722 396
92738 380
92755 365
92771 351
92788 338
92804 326
92820 313
92837 301
92853 287
92869 279
92886 269
92902 260
92919 252
92935 243
92951 235
92968 227
92984 235
93001 210
93017 206
93033 209
93050 193
93066 187
93082 181
93099 176
93115 188
93132 166
93148 161
93164 157
93181 153
93197 147
93213 144
93230 142
93246 137
93263 134
93279 130
93295 127
93313 125
93329 124
93345 119
93362 118
93378 115
93395 112
93411 110
93427 109
93444 106
93460 100
93476 102
93493 101
93509 99
93526 97
93542 96
93558 95
93575 92
93591 91
93607 91
93624 90
93640 90
93657 87
93673 86
93689 85
93706 84
93722 85
93739 82
93755 83
93771 82
93788 81
93804 80
93820 79
93837 79
93853 77
93870 77
93886 76
93902 76
93919 76
93935 166
93951 117
93968 156
93984 208
94001 227
94017 261
94033 293
94050 322
94066 351
94083 378
94099 405
94115 414
94132 453
94148 476
94164 497
94181 518
94197 537
94214 557
94230 574
94246 591
94263 607
94279 623
94295 638
94312 651
94329 666
94345 679
94362 690
94378 701
94394 712
94411 722
94427 732
94443 743
94460 749
94476 760
94493 769
94509 784
94525 785
94542 793
94558 798
94574 805
94591 799
94607 817
94624 823
94640 825
94656 833
94673 839
94689 843
94706 848
94722 851
94738 857
94755 860
94771 864
94787 866
94804 870
94820 874
94837 876
94853 887
94869 884
94886 884
94902 888
94918 890
94935 894
94951 895
94968 898
94984 913
95000 901
95017 903
95033 907
95050 907
95066 907
95082 909
95099 910
95115 913
95131 913
95148 915
95164 916
95181 917
95197 917
95213 918
95230 920
95246 920
95262 922
95279 909
95295 924
95312 925
95329 929
95345 925
95362 926
95378 927
95394 929
95411 928
95427 929
95444 929
95460 930
95476 913
95493 872
95509 830
95525 799
95542 764
95558 733
95575 701
95591 668
95607 644
95624 618
95640 592
95656 567
95673 544
95689 521
95706 500
95722 481
95738 461
95755 441
95771 425
95788 408
95804 394
95820 377
95837 362
95853 347
95869 336
95886 324
95902 310
95919 299
95935 289
95951 279
95968 269
95984 279
96000 251
96017 242
96033 235
96050 225
96066 218
96082 211
96099 204
96115 202
96132 192
96148 185
96164 181
96181 176
96197 169
96213 166
96230 161
96246 156
96263 151
96279 147
96295 144
96312 141
96329 134
96345 133
96362 131
96378 127
96394 124
96411 122
96427 119
96444 117
96460 116
96476 112
96493 110
96509 119
96525 106
96542 103
96558 102
96575 101
96591 100
96607 97
96624 96
96640 94
96656 94
96673 92
96689 90
96706 88
96722 89
96738 87
96755 86
96771 86
96788 85
96804 83
96820 83
96837 81
96853 83
96869 80
96886 79
96902 79
96919 77
96935 77
96951 77
96968 77
96984 79
97000 75
97017 83
97033 116
97050 162
97066 198
97082 232
97099 265
97115 303
97132 326
97148 355
97164 382
97181 408
97197 433
97213 458
97230 478
97246 501
97263 520
97279 542
97295 558
97313 577
97329 595
97345 611
97362 625
97378 640
97394 653
97411 667
97427 681
97444 692
97460 701
97476 713
97493 723
97509 729
97525 744
97542 753
97558 761
97575 770
97591 777
97607 786
97624 793
97640 801
97657 806
97673 812
97689 819
97706 825
97722 830
97738 834
97755 838
97771 844
97788 849
97804 852
97820 856
97837 860
97853 864
97869 867
97886 871
97902 873
97919 877
97935 879
97951 882
97968 885
97984 888
98001 890
98017 893
98033 904
98050 898
98066 900
98082 885
98099 903
98115 904
98132 888
98148 907
98164 909
98181 911
98197 913
98213 913
98230 914
98246 915
98263 916
98279 917
98295 918
98313 921
98329 922
98345 923
98362 923
98378 930
98395 924
98411 924
98427 921
98444 926
98460 926
98476 937
98493 928
98509 928
98526 929
98542 929
98558 907
98575 871
98591 831
98607 796
98624 756
98640 728
98657 699
98673 668
98689 641
98706 614
98722 589
98739 565
98755 541
98771 518
98788 497
98804 477
98820 459
98837 440
98853 439
98870 406
98886 390
98902 368
98919 362
98935 347
98951 338
98968 320
98984 311
99001 301
99017 290
99033 277
99050 275
99066 259
99083 250
99099 243
99115 233
99132 225
99148 218
99164 211
99181 205
99197 197
99214 192
99230 186
99246 180
99263 175
99279 159
99295 165
99312 160
99329 156
99345 151
99362 148
99378 143
99394 140
99411 137
99427 134
99443 131
99460 127
99476 124
99493 122
99509 118
99525 117
99542 113
99558 111
99574 109
99591 103
99607 106
99624 105
99640 100
99656 101
99673 100
99689 98
99706 94
99722 89
99738 92
99755 91
99771 90
99787 89
99804 88
99820 87
99837 86
99853 81
99869 85
99886 83
99902 83
99918 81
99935 81
99951 80
99968 79
99984 89
100000 78
100017 78
100033 76
100050 77
100066 75
100082 75
100099 87
100115 138
100131 166
100148 203
100164 236
100181 271
100197 301
100213 331
100230 359
100246 387
100262 411
100279 433
100295 460
100312 482
100329 506
100345 524
100362 544
100378 562
100394 580
100411 597
100427 613
100444 627
100460 646
100476 655
100493 669
100509 678
100525 693
100542 704
100558 716
100575 727
100591 734
100607 746
100624 754
100640 766
100656 771
100673 780
100689 787
100706 794
100722 799
100738 806
100755 813
100771 819
100788 823
100804 829
100820 834
100837 840
100853 843
100869 848
100886 853
100902 856
100919 860
100935 865
100951 869
100968 872
100984 887
101000 878
101017 881
101033 886
101050 886
101066 889
101082 891
101099 893
101115 893
101132 897
101148 900
101164 901
101181 904
101197 904
101213 906
101230 907
101246 911
101263 908
101279 912
101295 914
101312 915
101329 911
101345 918
101362 918
101378 919
101394 919
101411 921
101427 922
101444 923
101460 910
101476 925
101493 926
101509 926
101525 927
101542 927
101558 928
101575 928
101591 929
101607 930
101624 930
101640 895
101656 862
101673 825
101689 789
101706 755
101722 725
101738 693
101755 663
101771 635
101788 609
101804 584
101820 560
101837 537
101853 515
101869 495
101886 474
101902 454
101919 437
101935 419
101951 404
101968 388
101984 380
102000 359
102017 346
102033 329
102050 319
102066 308
102082 297
102099 286
102115 286
102132 266
102148 256
102164 247
102181 239
102197 231
102213 223
102230 216
102246 210
102263 202
102279 196
102295 190
102313 184
102329 182
102345 174
102362 168
102378 164
102394 160
102411 154
102427 151
102444 147
102460 153
102476 139
102493 136
102509 134
102525 130
102542 126
102558 123
102575 121
102591 92
102607 116
102624 114
102640 118
102657 107
102673 107
102689 106
102706 103
102722 102
102738 98
102755 98
102771 97
102788 96
102804 93
102820 94
102837 91
102853 89
102869 89
102886 88
102902 86
102919 87
102935 85
102951 84
102968 83
102984 97
103001 82
103017 82
103033 80
103050 79
103066 79
103082 80
103099 77
103115 81
103132 77
103148 75
103164 76
103181 95
103197 135
103213 173
103230 208
103246 242
103263 274
103279 307
103295 335
103313 365
103329 392
103345 418
103362 441
103378 465
103395 486
103411 508
103427 528
103444 546
103460 575
103476 582
103493 598
103509 619
103526 630
103542 644
103558 659
103575 672
103591 681
103607 695
103624 707
103640 713
103657 729
103673 738
103689 747
103706 756
103722 763
103739 773
103755 779
103771 787
103788 794
103804 801
103820 807
103837 813
103853 820
103870 824
103886 831
103902 835
103919 842
103935 846
103951 849
103968 854
103984 867
104001 861
104017 865
104033 870
104050 872
104066 874
104083 877
104099 881
104115 895
104132 886
104148 889
104164 891
104181 894
104197 896
104214 898
104230 898
104246 901
104263 903
104279 905
104295 906
104312 908
104329 913
104345 910
104362 912
104378 913
104394 914
104411 916
104427 918
104443 919
104460 918
104476 920
104493 921
104509 919
104525 922
104542 923
104558 924
104574 923
104591 927
104607 926
104624 927
104640 928
104656 928
104673 929
104689 929
104706 929
104722 898
104738 862
104755 824
104771 789
104787 755
104804 722
104820 692
104837 663
104853 634
104869 608
104886 584
104902 560
104918 536
104935 514
104951 494
104968 478
104984 456
105000 437
105017 419
105033 402
105050 387
105066 373
105082 364
105099 344
105115 332
105131 312
105148 308
105164 296
105181 286
105197 275
105213 266
105230 258
105246 247
105262 238
105279 231
105295 223
105312 216
105329 209
105345 202
105362 195
105378 192
105394 185
105411 180
105427 164
105444 168
105460 163
105476 200
105493 155
105509 150
105525 145
105542 143
105558 139
105575 136
105591 132
105607 130
105624 126
105640 123
105656 121
105673 118
105689 116
105706 114
105722 111
105738 108
105755 107
105771 105
105788 104
105804 101
105820 100
105837 100
105853 99
105869 95
105886 94
105902 75
105919 91
105935 90
105951 136
105968 88
105984 87
106000 95
106017 85
106033 84
106050 85
106066 83
106082 80
106099 78
106115 80
106132 79
106148 79
106164 78
106181 78
106197 76
106213 75
106230 76
106246 76
106263 97
106279 128
106295 174
106312 210
106329 251
106345 277
106362 307
106378 338
106394 366
106411 393
106427 419
106444 442
106460 448
106476 487
106493 508
106509 523
106525 547
106542 565
106558 583
106575 599
106591 596
106607 629
106624 644
106640 652
106656 670
106673 684
106689 696
106706 708
106722 723
106738 728
106755 738
106771 747
106788 756
106804 764
106820 771
106837 779
106853 788
106869 794
106886 801
106902 808
106919 814
106935 820
106951 826
106968 830
106984 855
107000 841
107017 846
107033 849
107050 853
107066 859
107082 862
107099 865
107115 855
107132 873
107148 875
107164 879
107181 881
107197 884
107213 886
107230 889
107246 891
107263 893
107279 878
107295 898
107313 899
107329 902
107345 903
107362 906
107378 907
107394 909
107411 910
107427 911
107444 913
107460 906
107476 916
107493 917
107509 922
107525 919
107542 920
107558 920
107575 921
107591 917
107607 923
107624 924
107640 924
107657 927
107673 926
107689 927
107706 927
107722 930
107738 929
107755 929
107771 930
107788 930
107804 893
107820 855
107837 817
107853 783
107869 750
107886 717
107902 687
107919 659
107935 631
107951 604
107968 579
107984 575
108001 533
108017 511
108033 492
108050 471
108066 452
108082 435
108099 417
108115 437
108132 384
108148 373
108164 356
108181 343
108197 330
108213 318
108230 306
108246 295
108263 284
108279 274
108295 265
108313 254
108329 246
108345 238
108362 229
108378 223
108395 215
108411 209
108427 201
108444 196
108460 186
108476 183
108493 178
108509 176
108526 168
108542 163
108558 158
108575 155
108591 133
108607 145
108624 142
108640 133
108657 135
108673 135
108689 129
108706 125
108722 118
108739 122
108755 118
108771 117
108788 114
108804 111
108820 109
108837 106
108853 113
108870 103
108886 101
108902 100
108919 99
108935 97
108951 95
108968 94
108984 114
109001 92
109017 91
109033 92
109050 88
109066 87
109083 86
109099 84
109115 92
109132 84
109148 84
109164 83
109181 80
109197 80
109214 80
109230 79
109246 78
109263 78
109279 65
109295 76
109312 75
109329 82
109345 105
109362 143
109378 180
109394 217
109411 249
109427 281
109443 313
109460 343
109476 370
109493 396
109509 423
109525 446
109542 469
109558 490
109574 511
109591 527
109607 549
109624 568
109640 582
109656 602
109673 618
109689 633
109706 647
109722 660
109738 673
109755 685
109771 696
109787 708
109804 719
109820 730
109837 741
109853 749
109869 758
109886 766
109902 774
109918 782
109935 789
109951 796
109968 802
109984 814
110000 814
110017 820
110033 826
110050 831
110066 838
110082 842
110099 846
110115 849
110131 854
110148 858
110164 862
110181 866
110197 869
110213 873
110230 876
110246 879
110262 881
110279 877
110295 887
110312 889
110329 889
110345 893
110362 896
110378 898
110394 900
110411 902
110427 903
110444 905
110460 909
110476 908
110493 909
110509 913
110525 913
110542 914
110558 915
110575 916
110591 911
110607 918
110624 919
110640 922
110656 921
110673 922
110689 923
110706 923
110722 924
110738 925
110755 926
110771 927
110788 927
110804 927
110820 928
110837 929
110853 930
110869 930
110886 888
110902 850
110919 813
110935 778
110951 745
110968 713
110984 690
111000 655
111017 626
111033 601
111050 576
111066 553
111082 529
111099 509
111115 503
111132 468
111148 449
111164 430
111181 414
111197 399
111213 384
111230 368
111246 354
111263 341
111279 333
111295 316
111312 303
111329 294
111345 282
111362 270
111378 262
111394 253
111411 245
111427 237
111444 228
111460 231
111476 214
111493 208
111509 200
111525 195
111542 188
111558 183
111575 177
111591 179
111607 166
111624 162
111640 159
111656 153
111673 149
111689 144
111706 141
111722 139
111738 134
111755 131
111771 132
111788 126
111804 124
111820 121
111837 118
111853 115
111869 113
111886 111
111902 109
111919 107
111935 105
111951 103
111968 100
111984 88
112000 98
112017 96
112033 94
112050 94
112066 93
112082 91
112099 89
112115 88
112132 88
112148 86
112164 85
112181 84
112197 83
112213 82
112230 82
112246 81
112263 81
112279 79
112295 79
112313 78
112329 77
112345 77
112362 77
112378 71
112394 76
112411 75
112427 108
112444 150
112460 187
112476 223
112493 256
112509 287
112525 315
112542 347
112558 374
112575 399
112591 426
112607 449
112624 474
112640 493
112657 514
112673 534
112689 554
112706 570
112722 587
112738 604
112755 619
112771 635
112788 648
112804 662
112820 675
112837 687
112853 711
112869 710
112886 721
112902 713
112919 741
112935 750
112951 739
112968 767
112984 775
113001 782
113017 790
113033 796
113050 802
113066 809
113082 816
113099 820
113115 827
113132 833
113148 837
113164 841
113181 846
113197 852
113213 856
113230 858
113246 863
113263 867
113279 871
113295 873
113313 874
113329 853
113345 882
113362 884
113378 887
113395 890
113411 892
113427 894
113444 897
113460 883
113476 900
113493 902
113509 899
113526 905
113542 907
113558 909
113575 910
113591 911
113607 912
113624 914
113640 922
113657 917
113673 917
113689 919
113706 919
113722 920
113739 921
113755 923
113771 915
113788 924
113804 925
113820 926
113837 926
113853 927
113870 927
113886 928
113902 935
113919 929
113935 928
113951 926
113968 884
113984 845
114001 809
114017 775
114033 742
114050 710
114066 680
114083 648
114099 625
114115 599
114132 579
114148 550
114164 527
114181 506
114197 487
114214 466
114230 448
114246 430
114263 413
114279 356
114295 380
114312 366
114329 352
114345 340
114362 327
114378 315
114394 303
114411 292
114427 282
114443 272
114460 252
114476 252
114493 244
114509 234
114525 228
114542 220
114558 211
114574 207
114591 190
114607 194
114624 188
114640 180
114656 176
114673 172
114689 167
114706 161
114722 157
114738 154
114755 149
114771 145
114787 143
114804 138
114820 135
114837 132
114853 128
114869 126
114886 123
114902 119
114918 118
114935 115
114951 112
114968 111
114984 123
115000 106
115017 105
115033 102
115050 101
115066 100
115082 99
115099 96
115115 104
115131 94
115148 92
115164 92
115181 91
115197 87
115213 87
115230 86
115246 85
115262 84
115279 85
115295 82
115312 81
115329 80
115345 82
115362 80
115378 80
115394 79
115411 80
115427 78
115444 77
115460 75
115476 76
115493 75
115509 114
115525 150
115542 183
115558 222
115575 256
115591 286
115607 318
115624 347
115640 373
115656 400
115673 426
115689 450
115706 474
115722 494
115738 515
115755 534
115771 554
115788 571
115804 589
115820 606
115837 621
115853 636
115869 649
115886 662
115902 675
115919 687
115935 700
115951 711
115968 721
115984 742
116000 740
116017 750
116033 764
116050 767
116066 775
116082 783
116099 790
116115 797
116132 805
116148 810
116164 816
116181 822
116197 828
116213 832
116230 838
116246 842
116263 847
116279 846
116295 856
116312 859
116329 861
116345 866
116362 870
116378 873
116394 876
116411 879
116427 882
116444 886
116460 881
116476 890
116493 892
116509 895
116525 896
116542 897
116558 901
116575 902
116591 900
116607 905
116624 907
116640 908
116656 911
116673 911
116689 912
116706 914
116722 917
116738 917
116755 917
116771 918
116788 920
116804 920
116820 922
116837 922
116853 926
116869 924
116886 924
116902 925
116919 926
116935 927
116951 928
116968 928
116984 924
117000 929
117017 929
117033 922
117050 880
117066 844
117082 807
117099 772
117115 740
117132 707
117148 678
117164 650
117181 620
117197 595
117213 572
117230 548
117246 526
117263 504
117279 499
117295 465
117313 444
117329 428
117345 411
117362 396
117378 379
117394 365
117411 352
117427 338
117444 326
117460 334
117476 301
117493 292
117509 279
117525 271
117542 261
117558 252
117575 243
117591 218
117607 226
117624 220
117640 214
117657 205
117673 199
117689 194
117706 186
117722 180
117738 177
117755 171
117771 166
117788 162
117804 157
117820 152
117837 149
117853 178
117869 141
117886 139
117902 134
117919 131
117935 128
117951 125
117968 123
117984 115
118001 116
118017 114
118033 111
118050 110
118066 107
118082 107
118099 104
118115 100
118132 101
118148 99
118164 97
118181 97
118197 95
118213 95
118230 93
118246 92
118263 90
118279 118
118295 87
118313 85
118329 93
118345 84
118362 83
118378 82
118395 82
118411 82
118427 81
118444 80
118460 59
118476 78
118493 79
118509 80
118526 77
118542 75
118558 75
118575 79
118591 117
118607 157
118624 193
118640 230
118657 261
118673 293
118689 324
118706 351
118722 380
118739 406
118755 430
118771 454
118788 476
118804 498
118820 517
118837 537
118853 557
118870 574
118886 592
118902 608
118919 624
118935 637
118951 652
118968 665
118984 683
119001 689
119017 701
119033 712
119050 723
119066 732
119083 742
119099 752
119115 764
119132 769
119148 778
119164 785
119181 791
119197 798
119214 805
119230 811
119246 817
119263 823
119279 821
119295 833
119312 838
119329 842
119345 847
119362 852
119378 853
119394 860
119411 863
119427 866
119443 872
119460 873
119476 877
119493 880
119509 883
119525 885
119542 888
119558 890
119574 892
119591 894
119607 898
119624 899
119640 900
119656 903
119673 905
119689 907
119706 913
119722 909
119738 911
119755 911
119771 913
119787 914
119804 915
119820 917
119837 918
119853 917
119869 920
119886 921
119902 921
119918 923
119935 923
119951 924
119968 925
119984 926
120000 926
120017 927
120033 928
120050 927
120066 929
120082 929
120099 930
120115 915
120131 875
120148 836
120164 801
120181 766
120197 734
120213 703
120230 673
120246 645
120262 618
120279 593
120295 568
120312 544
120329 521
120345 500
120362 480
120378 457
120394 442
120411 425
120427 404
120444 392
120460 377
120476 363
120493 349
120509 356
120525 323
120542 312
120558 300
120575 289
120591 279
120607 269
120624 259
120640 250
120656 242
120673 235
120689 270
120706 217
120722 211
120738 208
120755 198
120771 192
120788 185
120804 180
120820 192
120837 170
120853 165
120869 161
120886 157
120902 175
120919 148
120935 145
120951 141
120968 138
120984 134
121000 130
121017 127
121033 125
121050 121
121066 119
121082 116
121099 114
121115 113
121132 108
121148 108
121164 107
121181 104
121197 103
121213 101
121230 98
121246 97
121263 96
121279 78
121295 93
121312 92
121329 89
121345 90
121362 88
121378 87
121394 85
121411 86
121427 85
121444 82
121460 77
121476 81
121493 81
121509 81
121525 79
121542 79
121558 79
121575 77
121591 56
121607 76
121624 76
121640 77
121656 84
121673 123
121689 161
121706 197
121722 233
121738 264
121755 298
121771 327
121788 356
121804 383
121820 408
121837 433
121853 439
121869 478
121886 500
121902 522
121919 540
121935 559
121951 576
121968 594
121984 614
122000 625
122017 639
122033 650
122050 666
122066 681
122082 690
122099 704
122115 710
122132 725
122148 734
122164 744
122181 753
122197 762
122213 768
122230 778
122246 785
122263 791
122279 796
122295 805
122313 812
122329 818
122345 824
122362 828
122378 834
122394 838
122411 844
122427 849
122444 852
122460 870
122476 860
122493 865
122509 867
122525 872
122542 874
122558 877
122575 881
122591 877
122607 886
122624 888
122640 889
122657 892
122673 894
122689 897
122706 899
122722 899
122738 902
122755 904
122771 907
122788 908
122804 909
122820 909
122837 911
122853 917
122869 914
122886 914
122902 917
122919 917
122935 922
122951 919
122968 921
122984 925
123001 922
123017 924
123033 923
123050 924
123066 925
123082 925
123099 926
123115 919
123132 929
123148 929
123164 929
123181 930
123197 912
123213 871
123230 834
123246 797
123263 764
123279 740
123295 700
123313 669
123329 640
123345 613
123362 589
123378 564
123395 541
123411 519
123427 498
123444 478
123460 470
123476 441
123493 423
123509 408
123526 390
123542 375
123558 361
123575 347
123591 346
123607 323
123624 309
123640 299
123657 288
123673 278
123689 267
123706 259
123722 252
123739 241
123755 233
123771 225
123788 218
123804 211
123820 204
123837 197
123853 185
123870 185
123886 179
123902 172
123919 169
123935 164
123951 160
123968 157
123984 149
124001 148
124017 145
124033 144
124050 137
124066 133
124083 129
124099 127
124115 125
124132 122
124148 119
124164 117
124181 114
124197 111
124214 110
124230 108
124246 106
124263 103
124279 108
124295 100
124312 98
124329 97
124345 95
124362 94
124378 94
124394 92
124411 90
124427 90
124443 88
124460 101
124476 86
124493 85
124509 82
124525 84
124542 83
124558 80
124574 82
124591 80
124607 79
124624 79
124640 87
124656 77
124673 78
124689 77
124706 76
124722 74
124738 88
124755 127
124771 166
124787 201
124804 236
124820 270
124837 300
124853 322
124869 358
124886 386
124902 412
124918 436
124935 460
124951 482
124968 502
124984 524
125000 542
125017 561
125033 572
125050 594
125066 611
125082 626
125099 641
125115 650
125131 668
125148 680
125164 693
125181 704
125197 714
125213 726
125230 735
125246 744
125262 753
125279 774
125295 769
125312 779
125329 786
125345 793
125362 800
125378 805
125394 812
125411 818
125427 824
125444 829
125460 851
125476 840
125493 843
125509 849
125525 853
125542 857
125558 862
125575 865
125591 849
125607 871
125624 875
125640 878
125656 880
125673 883
125689 886
125706 888
125722 884
125738 892
125755 895
125771 897
125788 898
125804 901
125820 903
125837 904
125853 944
125869 907
125886 909
125902 911
125919 913
125935 914
125951 914
125968 915
125984 911
126000 919
126017 918
126033 920
126050 920
126066 921
126082 921
126099 922
126115 918
126132 924
126148 926
126164 926
126181 927
126197 928
126213 928
126230 928
126246 929
126263 930
126279 906
126295 867
126312 827
126329 791
126345 758
126362 726
126378 677
126394 666
126411 637
126427 607
126444 586
126460 562
126476 545
126493 517
126509 496
126525 476
126542 457
126558 439
126575 414
126591 404
126607 388
126624 367
126640 359
126656 347
126673 333
126689 320
126706 308
126722 297
126738 286
126755 276
126771 267
126788 258
126804 248
126820 240
126837 232
126853 218
126869 216
126886 210
126902 193
126919 197
126935 191
126951 187
126968 178
126984 173
127000 172
127017 163
127033 159
127050 153
127066 151
127082 147
127099 145
127115 139
127132 137
127148 133
127164 130
127181 127
127197 124
127213 121
127230 117
127246 116
127263 114
127279 112
127295 110
127313 108
127329 105
127345 103
127362 101
127378 113
127394 99
127411 97
127427 56
127444 94
127460 93
127476 92
127493 90
127509 88
127525 88
127542 87
127558 86
127575 85
127591 85
127607 84
127624 83
127640 83
127657 83
127673 80
127689 80
127706 79
127722 78
127738 83
127755 76
127771 77
127788 78
127804 76
127820 92
127837 132
127853 169
127869 206
127886 240
127902 273
127919 303
127935 333
127951 360
127968 388
127984 414
128001 439
128017 461
128033 483
128050 504
128066 525
128082 545
128099 563
128115 581
128132 598
128148 613
128164 628
128181 643
128197 656
128213 670
128230 682
128246 694
128263 705
128279 728
128295 725
128313 737
128329 756
128345 755
128362 764
128378 772
128395 780
128411 788
128427 794
128444 801
128460 807
128476 814
128493 820
128509 828
128526 830
128542 835
128558 840
128575 845
128591 854
128607 853
128624 857
128640 861
128657 865
128673 868
128689 870
128706 875
128722 880
128739 881
128755 883
128771 887
128788 888
128804 892
128820 894
128837 896
128853 915
128870 902
128886 901
128902 895
128919 904
128935 907
128951 909
128968 910
128984 923
129001 913
129017 913
129033 916
129050 915
129066 917
129083 917
129099 920
129115 920
129132 921
129148 923
129164 923
129181 924
129197 925
129214 925
129230 926
129246 927
129263 928
129279 930
129295 930
129312 929
129329 930
129345 930
129362 896
129378 859
129394 821
129411 785
129427 752
129443 720
129460 702
129476 660
129493 633
129509 606
129525 583
129542 558
129558 536
129574 514
129591 452
129607 473
129624 454
129640 431
129656 419
129673 403
129689 387
129706 371
129722 363
129738 344
129755 330
129771 319
129787 307
129804 295
129820 283
129837 275
129853 270
129869 256
129886 248
129902 239
129918 231
129935 223
129951 215
129968 208
129984 206
130000 196
130017 190
130033 182
130050 178
130066 174
130082 168
130099 165
130115 143
130131 154
130148 152
130164 147
130181 143
130197 138
130213 137
130230 134
130246 130
130262 126
130279 130
130295 121
130312 117
130329 114
130345 114
130362 111
130378 110
130394 108
130411 106
130427 104
130444 102
130460 116
130476 99
130493 96
130509 96
130525 94
130542 94
130558 91
130575 90
130591 84
130607 87
130624 87
130640 93
130656 84
130673 84
130689 82
130706 83
130722 86
130738 80
130755 80
130771 80
130788 78
130804 78
130820 78
130837 78
130853 89
130869 77
130886 75
130902 99
130919 140
130935 177
130951 212
130968 246
130984 278
131000 310
131017 338
131033 368
131050 393
131066 418
131082 442
131099 466
131115 484
131132 509
131148 528
131164 548
131181 566
131197 584
131213 601
131230 616
131246 631
131263 645
131279 660
131295 672
131312 685
131329 698
131345 709
131362 718
131378 729
131394 738
131411 748
131427 756
131444 765
131460 784
131476 782
131493 788
131509 800
131525 802
131542 808
131558 815
131575 820
131591 830
131607 831
131624 836
131640 843
131656 845
131673 850
131689 854
131706 858
131722 864
131738 865
131755 868
131771 872
131788 875
131804 878
131820 881
131837 885
131853 856
131869 890
131886 892
131902 892
131919 896
131935 898
131951 901
131968 901
131984 899
132000 905
132017 907
132033 903
132050 910
132066 911
132082 912
132099 914
132115 913
132132 915
132148 917
132164 919
132181 920
132197 921
132213 922
132230 923
132246 924
132263 924
132279 924
132295 926
132313 925
132329 952
132345 927
132362 928
132378 929
132394 929
132411 929
132427 929
132444 892
132460 861
132476 817
132493 783
132509 743
132525 717
132542 687
132558 658
132575 630
132591 600
132607 579
132624 555
132640 531
132657 511
132673 490
132689 470
132706 450
132722 432
132738 416
132755 400
132771 384
132788 369
132804 355
132820 342
132837 330
132853 311
132869 306
132886 295
132902 290
132919 274
132935 264
132951 255
132968 246
132984 224
133001 229
133017 222
133033 212
133050 208
133066 201
133082 196
133099 188
133115 184
133132 178
133148 173
133164 168
133181 164
133197 158
133213 155
133230 149
133246 146
133263 143
133279 139
133295 136
133313 131
133329 135
133345 126
133362 124
133378 127
133395 117
133411 114
133427 115
133444 110
133460 107
133476 106
133493 104
133509 103
133526 102
133542 99
133558 98
133575 90
133591 97
133607 94
133624 93
133640 90
133657 90
133673 89
133689 87
133706 86
133722 86
133739 84
133755 83
133771 83
133788 82
133804 82
133820 81
133837 80
133853 80
133870 78
133886 77
133902 79
133919 76
133935 76
133951 75
133968 76
133984 103
134001 143
134017 181
134033 215
134050 242
134066 282
134083 313
134099 340
134115 370
134132 395
134148 421
134164 445
134181 468
134197 490
134214 511
134230 529
134246 550
134263 567
134279 586
134295 602
134312 617
134329 633
