48 885
74 874
100 868
127 841
153 830
180 810
206 804
232 790
259 777
285 766
311 753
338 740
364 729
391 716
417 706
443 695
470 683
496 672
523 661
549 649
575 639
602 629
628 619
654 608
681 600
708 590
735 580
761 569
787 563
814 553
840 544
867 535
893 524
919 516
946 506
972 503
999 493
1025 486
1051 478
1078 471
1104 462
1130 456
1157 449
1183 442
1210 435
1236 429
1262 422
1289 415
1315 406
1341 399
1368 395
1394 387
1421 383
1447 377
1473 370
1500 365
1526 359
1553 354
1579 350
1605 343
1632 336
1658 332
1684 328
1712 321
1738 316
1764 313
1791 308
1817 302
1844 297
1870 293
1896 289
1923 284
1949 281
1975 276
2002 271
2028 266
2055 264
2081 260
2107 253
2134 252
2160 248
2187 244
2213 241
2239 237
2266 233
2292 229
2318 219
2345 222
2371 219
2398 215
2424 213
2450 209
2477 207
2503 203
2529 201
2556 198
2582 195
2609 191
2635 187
2661 184
2688 183
2715 180
2742 179
2768 176
2794 174
2821 169
2847 168
2874 165
2900 163
2926 161
2953 158
2979 156
3005 154
3032 152
3058 150
3085 148
3111 144
3137 143
3164 142
3190 142
3217 136
3243 130
3269 142
3296 132
3322 130
3348 127
3375 127
3401 124
3428 122
3454 122
3480 120
3507 118
3533 116
3559 115
3586 113
3612 112
3639 111
3665 111
3693 72
3719 107
3745 104
3772 104
3798 102
3824 100
3851 100
3877 98
3904 97
3930 94
3956 93
3983 92
4009 91
4035 92
4062 90
4088 89
4115 85
4141 87
4167 87
4194 72
4220 82
4247 80
4273 81
4299 81
4326 80
4352 78
4378 80
4405 77
4431 76
4458 76
4484 74
4510 74
4537 71
4563 71
4589 71
4616 70
4642 69
4669 69
4696 68
4723 70
4749 65
4775 64
4802 64
4828 63
4854 63
4881 63
4907 62
4934 62
4960 62
4986 59
5013 60
5039 59
5065 56
5092 55
5118 60
5145 58
5171 55
5197 55
5224 56
5250 55
5277 54
5303 53
5329 52
5356 50
5382 51
5408 55
5435 53
5461 51
5488 49
5514 49
5540 50
5567 48
5593 50
5619 48
5646 48
5672 46
5700 47
5726 48
5753 46
5779 47
5805 46
5832 45
5858 44
5884 43
5911 43
5937 42
5964 43
5990 43
6016 42
6043 42
6069 40
6095 41
6122 41
6148 38
6175 39
6201 41
6227 38
6254 41
6280 38
6307 41
6333 40
6359 37
6386 13
6412 37
6438 31
6465 40
6491 24
6518 43
6544 37
6570 36
6597 37
6623 37
6649 35
6676 36
6703 35
6730 36
6756 35
6782 34
6809 35
6835 34
6862 36
6888 34
6914 33
6941 34
6967 31
6994 34
7020 32
7046 36
7073 29
7099 34
7125 47
7152 32
7178 23
7205 45
7231 27
7257 39
7284 33
7310 30
7336 29
7363 31
7389 31
7416 31
7442 32
7468 31
7495 32
7521 32
7548 30
7574 31
7600 29
7627 28
7653 30
7679 30
7707 30
7733 30
7760 30
7786 30
7812 29
7839 29
7865 29
7892 30
7918 27
7944 32
7971 28
7997 18
8024 25
8050 29
8076 28
8103 28
8129 27
8155 29
8182 28
8208 28
8235 28
8261 28
8287 29
8314 28
8340 28
8366 28
8393 27
8419 27
8446 26
8472 35
8498 24
8525 27
8551 27
8578 27
8604 28
8630 27
8657 26
8683 26
8711 27
8737 27
8763 26
8790 27
8816 27
8842 26
8869 26
8895 26
8922 26
8948 31
8974 46
9001 63
9027 75
9054 90
9080 103
9106 118
9133 131
9159 144
9185 156
9212 169
9238 180
9265 194
9291 207
9317 219
9344 225
9370 243
9396 254
9423 265
9449 276
9476 286
9502 296
9528 308
9555 317
9581 326
9608 339
9634 348
9660 357
9687 369
9714 375
9741 384
9767 392
9793 416
9820 413
9846 421
9873 429
9899 436
9925 447
9952 454
9978 462
10004 469
10031 475
10057 484
10084 491
10110 499
10136 505
10163 513
10189 519
10215 527
10242 534
10268 541
10295 542
10321 550
10347 558
10374 565
10400 570
10427 576
10453 582
10479 588
10506 594
10532 598
10558 605
10585 610
10611 615
10638 619
10664 625
10691 630
10718 636
10744 647
10771 644
10797 646
10823 653
10850 659
10876 662
10903 665
10929 671
10955 675
10982 680
11008 684
11034 688
11061 690
11087 695
11114 700
11140 698
11166 706
11193 709
11219 714
11245 718
11272 720
11298 724
11325 704
11351 729
11377 726
11404 741
11430 731
11457 743
11483 746
11509 748
11536 752
11562 755
11588 758
11615 761
11641 762
11668 763
11695 770
11721 771
11748 774
11774 776
11801 779
11827 781
11853 784
11880 786
11906 786
11932 789
11959 794
11985 794
12012 797
12038 798
12064 801
12091 802
12117 806
12144 807
12170 809
12196 810
12223 813
12249 816
12275 817
12302 818
12328 820
12355 822
12381 823
12407 828
12434 827
12460 829
12486 829
12513 830
12539 832
12566 835
12592 837
12618 835
12645 839
12671 841
12699 833
12725 840
12751 847
12778 845
12804 848
12831 848
12857 849
12883 850
12910 851
12936 853
12962 856
12989 853
13015 855
13042 857
13068 858
13094 860
13121 861
13147 862
13174 862
13200 864
13226 865
13253 865
13279 868
13305 863
13332 869
13358 870
13385 872
13411 870
13437 872
13464 875
13490 878
13516 875
13543 881
13569 867
13596 875
13622 879
13648 879
13675 879
13702 879
13729 881
13755 882
13781 883
13808 881
13834 882
13861 883
13887 888
13913 886
13940 887
13966 887
13992 888
14019 888
14045 898
14072 888
14098 891
14124 887
14151 892
14177 891
14204 892
14230 893
14256 893
14283 894
14309 894
14335 893
14362 895
14388 895
14415 896
14441 899
14467 895
14494 892
14520 902
14546 897
14573 898
14599 899
14626 899
14652 900
14678 901
14706 901
14732 900
14759 901
14785 902
14811 902
14838 903
14864 903
14891 904
14917 903
14943 907
14970 904
14996 905
15022 905
15049 904
15075 906
15102 908
15128 906
15154 907
15181 907
15207 907
15234 908
15260 907
15286 906
15313 906
15339 907
15365 909
15392 908
15418 921
15445 910
15471 909
15497 910
15524 911
15550 910
15576 909
15603 910
15629 910
15656 911
15682 911
15709 911
15736 910
15762 910
15789 912
15815 911
15841 912
15868 912
15894 902
15921 914
15947 914
15973 913
16000 914
16026 914
16052 915
16079 913
16105 914
16132 914
16158 914
16184 915
16211 914
16237 914
16263 915
16290 913
16316 912
16343 914
16369 915
16395 913
16422 916
16448 916
16475 915
16501 916
16527 917
16554 916
16580 915
16606 917
16633 918
16659 916
16686 917
16713 917
16740 918
16766 919
16792 915
16819 917
16845 917
16871 917
16898 918
16924 918
16951 919
16977 918
17003 917
17030 917
17056 917
17083 918
17109 918
17135 918
17162 919
17188 918
17214 919
17241 921
17267 917
17294 919
17320 918
17346 920
17373 918
17399 917
17425 920
17452 920
17478 922
17505 918
17531 920
17557 922
17584 916
17610 924
17637 921
17663 921
17690 921
17717 919
17743 920
17770 921
17796 919
17822 920
17849 921
17875 918
17901 901
17928 889
17954 874
17981 858
18007 845
18033 831
18060 816
18086 802
18113 789
18139 778
18165 767
18192 753
18218 741
18244 729
18271 717
18297 705
18324 694
18350 681
18376 671
18403 662
18429 651
18455 638
18482 629
18508 619
18535 609
18561 599
18587 591
18614 581
18640 571
18667 562
18694 553
18720 545
18747 536
18773 527
18800 518
18826 511
18852 502
18879 492
18905 486
18931 478
18958 470
18984 464
19011 456
19037 449
19063 442
19090 434
19116 428
19143 420
19169 413
19195 406
19222 401
19248 395
19274 389
19301 383
19327 376
19354 372
19380 366
19406 359
19433 353
19459 347
19485 341
19512 336
19538 332
19565 329
19591 325
19617 319
19644 311
19670 307
19698 301
19724 294
19750 289
19777 294
19803 289
19830 280
19856 276
19882 273
19909 267
19935 264
19961 260
19988 255
20014 250
20041 249
20067 244
20093 239
20120 238
20146 242
20172 229
20199 226
20225 223
20252 220
20278 217
20304 211
20331 208
20357 206
20384 204
20410 201
20436 199
20463 194
20489 193
20515 189
20542 188
20568 182
20595 186
20621 177
20647 176
20674 173
20701 170
20728 171
20754 166
20780 163
20807 161
20833 158
20860 156
20886 154
20912 151
20939 152
20965 149
20991 143
21018 134
21044 158
21071 140
21097 136
21123 135
21150 134
21176 130
21202 130
21229 130
21255 127
21282 124
21308 124
21334 122
21361 121
21387 118
21414 114
21440 115
21466 113
21493 116
21519 109
21545 109
21572 107
21598 107
21625 105
21651 105
21677 102
21705 101
21731 100
21758 98
21784 97
21810 96
21837 94
21863 94
21890 93
21916 91
21942 77
21969 89
21995 89
22021 86
22048 87
22074 85
22101 84
22127 84
22153 82
22180 82
22206 79
22232 77
22259 76
22285 75
22312 76
22338 76
22364 74
22391 73
22417 73
22444 77
22470 71
22496 70
22523 68
22549 67
22575 67
22602 68
22628 66
22655 65
22681 66
22708 65
22735 64
22761 63
22788 63
22814 61
22840 62
22867 61
22893 66
22920 61
22946 59
22972 58
22999 57
23025 55
23051 54
23078 56
23104 54
23131 54
23157 54
23183 54
23210 53
23236 52
23262 51
23289 51
23315 50
23342 50
23368 48
23394 48
23421 50
23447 48
23474 48
23500 47
23526 48
23553 47
23579 46
23605 48
23632 44
23658 44
23685 47
23711 45
23738 44
23764 44
23791 43
23817 43
23843 42
23870 42
23896 42
23923 41
23949 41
23975 41
24002 42
24028 41
24054 41
24081 40
24107 41
24134 40
24160 40
24186 39
24213 39
24239 40
24265 39
24292 37
24318 38
24345 38
24371 38
24397 37
24424 36
24450 36
24477 36
24503 36
24529 36
24556 36
24582 35
24608 35
24635 35
24661 33
24688 35
24715 33
24741 30
24768 34
24794 35
24821 34
24847 35
24873 33
24900 33
24926 33
24953 33
24979 32
25005 31
25032 31
25058 32
25084 34
25111 32
25137 32
25164 32
25190 31
25216 32
25243 32
25269 31
25295 31
25322 30
25348 31
25375 31
25401 30
25427 30
25454 31
25480 31
25507 30
25533 30
25559 30
25586 30
25612 29
25638 29
25665 29
25692 29
25719 29
25745 28
25771 29
25798 29
25824 27
25851 28
25877 28
25903 29
25930 29
25956 28
25983 27
26009 28
26035 29
26062 28
26088 29
26114 26
26141 27
26167 38
26194 29
26220 28
26246 27
26273 27
26299 27
26325 29
26352 28
26378 28
26405 27
26431 26
26457 27
26484 27
26510 28
26537 26
26563 26
26589 27
26616 26
26642 28
26668 31
26696 26
26722 25
26749 26
26775 26
26801 26
26828 31
26854 45
26881 60
26907 75
26933 88
26960 102
26986 116
27013 129
27039 143
27065 158
