48 903
154 910
261 915
367 923
473 898
580 871
686 844
793 816
899 788
1006 761
1113 733
1219 705
1326 674
1432 649
1538 622
1645 595
1751 565
1857 537
1964 508
2071 482
2178 452
2284 423
2390 396
2497 369
2603 341
2710 312
2816 284
2922 256
3030 227
3136 200
3243 173
3349 146
3455 120
3562 93
3668 67
3775 46
3881 16
3988 6
4095 13
4201 18
4308 26
4414 33
4520 40
4627 45
4733 53
4840 58
4946 68
5053 79
5160 79
5266 87
5373 93
5479 101
5585 109
5692 115
5798 124
5904 127
6012 135
6118 143
6225 150
6331 157
6437 165
6544 171
6650 178
6757 185
6863 193
6969 200
7077 206
7183 214
7290 222
7396 227
7502 235
7609 242
7715 250
7822 257
7928 265
8035 272
8142 278
8248 287
8355 293
8461 301
8567 308
8674 322
8780 322
8887 330
8994 337
9100 343
9207 352
9313 362
9420 368
9526 374
9632 382
9739 388
9845 396
9951 402
10059 411
10165 418
10272 425
10378 433
10484 440
10591 447
10697 453
10804 460
10910 470
11018 477
11124 483
11230 492
11337 499
11443 507
11549 513
11656 521
11762 528
11869 535
11975 543
12082 550
12189 558
12295 564
12402 572
12508 585
12614 587
12721 596
12827 601
12934 609
13041 616
13147 624
13254 632
13360 638
13467 645
13573 652
13679 660
13786 667
13892 674
14000 681
14106 683
14212 697
14319 704
14425 710
14532 718
14638 726
14744 732
14851 740
14957 747
15065 755
15171 761
15277 768
15384 775
15490 784
15596 790
15703 796
15809 804
15916 812
16023 818
16129 826
16236 833
16342 840
16449 847
16555 854
16661 860
16768 868
16874 873
16981 882
17088 888
17194 896
17301 903
17407 910
17514 916
17620 924
17726 895
17833 868
17939 842
18047 815
18153 788
18259 760
18366 732
18472 704
18579 675
18685 649
18791 620
18898 593
19005 564
19112 535
19218 508
19324 480
19431 456
19537 423
19643 394
19750 366
19856 339
19963 310
20070 281
20176 254
20283 226
20389 199
20496 171
20602 144
20708 118
20815 91
20921 66
21029 28
21135 13
21241 6
21348 12
21454 20
21561 34
21667 33
21773 40
21880 47
21987 52
22094 58
22201 68
22307 74
22413 83
22520 87
22626 94
22733 101
22839 108
22945 114
23053 123
23159 129
23266 136
23372 143
23478 149
23585 158
23691 164
23798 170
23904 178
24011 186
24118 192
24224 200
24331 207
24437 215
24543 222
24650 228
24756 236
24862 243
24969 250
25076 257
25183 265
25289 272
25395 280
25502 286
25608 295
25715 300
25821 309
25927 315
26035 323
26141 332
26248 339
26354 346
26460 353
26567 360
26673 366
26780 375
26886 382
26993 389
27100 397
27206 404
27313 412
27419 420
27525 426
27632 433
27738 441
27845 455
27951 455
28058 464
28165 470
28271 478
28378 484
28484 493
28590 500
28697 507
28803 515
28909 522
29017 529
29123 538
29230 544
29336 552
29443 558
29549 563
29655 573
29762 581
29868 587
29974 590
30082 601
30188 610
30295 617
30401 624
30507 632
30614 637
30720 646
30827 654
30933 661
31040 668
31147 676
31253 683
31360 689
31466 697
31572 703
31679 711
31785 714
31892 726
31999 733
32105 740
32212 748
32318 754
32425 762
32531 769
32637 773
32744 785
32850 790
32956 798
33064 805
33170 812
33277 819
33383 827
33490 833
33596 841
33702 845
33809 854
33915 861
34023 867
34129 876
34235 882
34342 889
34448 897
34554 902
34661 909
34767 923
34874 921
34980 894
35087 867
35194 840
35300 814
35407 785
35513 757
35619 731
35726 702
35832 674
35939 645
36046 618
36152 590
36259 562
36365 533
36472 504
36578 477
36684 449
36791 421
36897 392
37005 363
37111 337
37217 308
37324 280
37430 251
37537 223
37643 197
37749 180
37856 143
37962 116
38070 90
38176 64
38282 38
38389 11
38495 8
38601 14
38708 20
38814 26
38921 35
39028 41
39135 47
39241 55
39347 61
39454 67
39560 72
39666 82
39773 90
39879 95
39986 103
40093 109
40199 116
40306 123
40412 130
40519 137
40625 143
40731 152
40838 158
40944 164
41052 172
41158 178
41264 186
41371 193
41477 200
41584 207
41690 222
41796 221
41903 228
42010 238
42117 242
42223 251
42329 258
42436 266
42542 273
42649 273
42755 287
42861 295
42968 302
43075 309
43182 316
43288 322
43394 330
43501 338
43607 346
43713 354
43820 361
43926 368
44034 375
44140 381
44247 390
44353 397
44459 404
44566 411
44672 419
44778 427
44885 434
44992 440
45099 447
45205 454
45311 462
45418 469
45524 477
45631 485
45737 496
45843 498
45950 508
46057 515
46164 521
46270 529
46376 526
46483 545
46589 552
46696 558
46802 566
46908 574
47016 581
47122 588
47229 595
47335 604
47441 610
47548 617
47654 624
47760 631
47867 639
47973 646
48081 652
48187 661
48294 668
48400 674
48506 676
48613 691
48719 698
48825 706
48932 711
49039 719
49146 726
49252 734
49358 741
49465 747
49571 753
49678 763
49784 769
49890 776
49998 781
50104 791
50211 798
50317 805
50423 811
50530 819
50636 826
50743 833
50849 842
50955 848
51063 855
51169 861
51276 868
51382 876
51488 885
51595 888
51701 896
51807 903
51914 911
52021 917
52128 924
52234 893
52341 866
52447 839
52553 812
52660 783
52766 757
52872 729
52979 701
53086 672
53193 643
53299 624
53405 588
53512 559
53618 532
53725 504
53831 475
53937 447
54045 420
54151 390
54258 363
54364 334
54470 307
54577 279
54683 250
54790 222
54896 195
55003 168
55110 140
55216 114
55323 87
55429 67
55535 37
55642 9
55748 7
55855 14
55961 20
56068 27
56175 34
56281 41
56388 47
56494 56
56600 61
56707 68
56813 75
56919 85
57027 88
57133 95
57240 103
57346 108
57452 116
57559 123
57665 130
57772 137
57878 145
57984 151
58092 158
58198 166
58305 173
58411 179
58517 187
58624 195
58730 201
58837 207
58943 216
59050 223
59157 230
59263 236
59370 244
59476 250
59582 259
59689 265
59795 273
59902 280
60009 288
60115 295
60222 302
60328 310
60435 315
60541 325
60647 332
60754 339
60860 344
60966 353
61074 360
61180 368
61287 376
61393 382
61500 390
61606 397
61712 404
61819 405
61925 419
62033 426
62139 433
62245 442
62352 440
62458 457
62564 463
62671 471
62777 478
62884 486
62991 493
63098 500
63204 509
63310 514
63417 523
63523 529
63629 537
63736 546
63842 552
63949 559
64056 566
64162 574
64269 581
64375 589
64482 595
64588 604
64694 611
64801 616
64907 626
65015 633
65121 639
65227 647
65334 655
65440 662
65547 668
65653 675
65759 683
65866 690
65972 699
66080 705
66186 713
66292 719
66399 726
66505 734
66611 743
66718 748
66824 756
66931 763
67038 771
67145 777
67251 783
67357 791
67464 798
67570 805
67676 813
67783 820
67889 827
67997 834
68103 841
68209 847
68316 856
68422 862
68529 869
68635 877
68741 889
68848 890
68954 897
69062 903
69168 911
69274 916
69381 919
69487 892
69594 864
69700 838
69806 811
69913 783
70020 755
70127 728
70233 699
70339 671
70446 643
70552 616
70658 586
70765 558
70871 531
70978 501
71085 475
71192 446
71298 422
71404 389
71511 361
71617 334
71723 304
71830 277
71936 249
72044 221
72150 194
72256 167
72363 140
72469 112
72576 88
72682 58
72788 35
72895 10
73002 7
73109 14
73215 21
73321 29
73428 35
73534 42
73641 47
73747 56
73853 62
73960 69
74067 76
74174 80
74280 89
74386 96
74493 103
74599 110
74705 116
74812 124
74918 131
75026 138
75132 145
75239 152
75345 158
75451 167
75558 172
75664 181
75770 187
75877 194
75983 202
76090 207
76196 215
76303 222
76409 230
76515 237
76622 245
76728 252
76834 259
76941 265
77048 274
77155 281
77261 288
77368 296
77474 300
77580 310
77687 317
77793 324
77899 333
78007 340
78113 345
78220 354
78326 361
78432 368
78539 375
78645 383
78752 390
78858 398
78964 405
79072 410
79178 419
79285 426
79391 434
79497 442
79604 449
79710 456
79817 463
79923 470
80030 479
80137 485
80243 494
80350 500
80456 508
80562 515
80669 523
80775 529
80882 538
80989 546
81095 552
81202 559
81308 567
81415 574
81521 581
81627 589
81734 595
81840 603
81946 611
82054 618
82160 625
82267 633
82373 640
82479 646
82586 653
82692 662
82799 669
82905 677
83013 683
83119 691
83225 699
83332 705
83438 712
83544 720
83651 726
83757 733
83864 741
83970 749
84077 754
84184 763
84290 770
84397 775
84503 784
84609 792
84716 799
84822 806
84929 813
85036 819
85142 827
85249 835
85355 841
85462 848
85568 855
85674 862
85781 870
85887 877
85995 884
86101 891
86207 898
86314 904
86420 912
86527 917
86633 918
86739 890
86846 863
86952 836
87060 809
87166 782
87272 758
87379 726
87485 698
87591 670
87698 643
87804 614
87911 587
88018 558
88124 528
88231 501
88337 471
88444 444
88550 417
88656 388
88763 360
88869 332
88976 308
89083 276
89189 247
89296 221
89402 192
89509 165
89615 138
89721 112
89828 86
89934 59
90042 35
90148 7
90254 7
90361 15
90467 20
90574 24
90680 36
90786 40
90893 49
91000 55
91107 61
91213 68
91319 76
91426 82
91532 90
91638 96
91745 102
91851 109
91958 117
92065 123
92171 131
92278 137
92384 145
92491 151
92597 159
92703 167
92810 173
92916 180
93024 185
93130 194
93236 201
93343 209
93449 217
93556 224
93662 231
93768 238
93875 245
93981 253
94089 259
94195 266
94301 273
94408 281
94514 289
94620 296
94727 303
94833 311
94940 317
95047 325
95154 332
95260 339
95366 346
95473 354
95579 359
95685 369
95792 377
95898 383
96006 390
96112 398
96218 405
96325 413
96431 420
96538 428
96644 435
96750 442
96857 450
96963 457
97071 465
97177 472
97283 479
97390 486
97496 494
97603 501
97709 507
97815 516
97922 506
98029 530
98136 538
98242 544
98348 549
98455 560
98561 568
98667 575
98774 581
98880 589
98988 598
99094 604
99201 612
99307 618
99413 626
99520 634
99626 640
99733 649
99839 655
99945 661
100053 669
100159 678
100266 685
100372 691
100478 698
100585 706
100691 714
100797 719
100904 728
101011 735
101118 741
101224 749
101331 754
101437 763
101543 770
101650 778
101756 786
101862 791
101969 799
102076 807
102183 813
102289 819
102395 828
102502 835
102608 842
102715 849
102821 855
102927 861
103035 870
103141 877
103248 882
103354 891
103460 897
103567 906
103673 912
103780 919
103886 915
103993 889
104100 860
104206 833
104313 807
104419 780
104525 752
104632 724
104738 697
104845 669
104951 641
105058 612
105165 582
105271 555
105378 526
105484 499
105590 472
105697 445
105803 414
105909 387
106017 359
106123 329
106230 301
106336 274
106442 247
106549 219
106655 191
106762 164
106868 136
106974 110
107082 83
107188 57
107295 32
107401 5
107507 9
107614 14
107720 22
107827 28
107933 35
108040 39
108147 48
108253 57
108360 62
108466 71
108572 75
108679 82
108785 89
108892 98
108999 103
109105 110
109212 119
109318 125
109425 131
109531 138
109637 143
109744 152
109850 160
109956 167
110064 174
110170 180
110277 187
110383 195
110489 203
110596 207
110702 216
110809 223
110915 232
111023 238
111129 245
111235 253
111342 260
111448 266
111554 273
111661 280
111767 287
111874 296
111980 302
112087 310
112194 318
112300 326
112407 333
112513 339
112619 346
112726 355
112832 363
112939 369
113046 378
113152 382
113259 391
113365 399
113472 403
113578 414
113684 419
113791 428
113897 434
114005 443
114111 449
114217 457
114324 464
114430 472
114537 479
114643 487
114749 494
114856 501
114962 508
115070 515
115176 524
115282 532
115389 538
115495 546
115601 554
115708 560
115814 568
115921 576
116028 582
116134 589
116241 598
116347 604
116454 610
116560 619
116666 627
116773 634
116879 641
116986 650
117093 656
117199 662
117306 671
117412 678
117519 685
117625 691
117731 698
117838 706
117944 712
118052 720
118158 729
118264 734
118371 742
118477 749
118584 758
118690 765
118796 770
118903 778
119010 786
119117 793
119223 799
119329 807
119436 813
119542 820
119648 827
119755 836
119861 842
119968 848
120075 855
120182 864
120288 870
120394 877
120501 885
120607 891
120713 903
120820 907
120926 912
121034 919
121140 914
121246 888
121353 862
121459 834
121566 806
121672 778
121778 750
121885 723
121992 695
122099 668
122205 640
122311 611
122418 583
122524 554
122631 526
122737 498
122843 449
122950 442
123057 413
123164 384
123270 358
123376 329
123483 302
123589 273
123695 245
123802 218
123908 191
124016 162
124122 137
124229 110
124335 83
124441 56
124548 23
124654 5
124760 9
124867 16
124973 12
125081 29
125187 36
125293 43
125400 49
125506 55
125613 62
125719 69
125825 77
125932 83
126039 89
126146 98
126252 103
126358 109
126465 118
126571 129
126678 131
126784 141
126890 144
126998 151
127104 160
127211 167
127317 174
127423 180
127530 188
127636 194
127743 203
127849 208
127955 216
128063 224
128169 231
128276 237
128382 245
128488 251
128595 259
128701 268
128807 277
128914 283
129021 289
129128 296
129234 303
129340 311
129447 319
129553 326
129660 331
129766 337
129872 347
129979 355
130086 362
130193 370
130299 375
130405 384
130512 392
130618 398
130725 406
130831 414
130937 422
131045 428
131151 436
131258 443
131364 449
131470 457
131577 465
131683 472
131790 480
131896 486
132003 495
132110 502
132216 510
132323 516
132429 523
132535 532
132642 538
132748 550
132854 553
132961 561
133068 568
133175 574
133281 582
133387 589
133494 597
133600 605
133707 611
133813 619
133919 627
134027 634
134133 640
134240 648
134346 655
134452 664
134559 672
134665 677
134772 686
134878 691
134984 698
135092 706
135198 714
135305 721
135411 728
135517 735
135624 742
135730 750
135837 757
135943 763
136050 771
136157 775
136263 786
136370 793
136476 799
136582 807
136689 819
136795 821
136902 828
137009 836
137115 841
137222 849
137328 856
137435 864
137541 870
137647 878
137754 884
137860 892
137966 898
138074 905
138180 913
138287 920
138393 912
138499 886
138606 859
138712 832
138819 805
138925 777
139033 749
139139 722
139245 694
139352 666
139458 637
139564 610
139671 582
139777 554
139884 526
139991 496
140097 469
140204 440
140310 411
140417 382
140523 365
140629 327
140736 299
140842 271
140949 244
141056 231
141162 188
141269 160
141375 132
141482 107
141588 81
141694 56
141801 29
141907 3
142015 9
142121 15
142227 23
142334 29
142440 37
142547 44
142653 50
142759 57
142866 63
142972 67
143080 76
143186 84
143292 91
143399 99
143505 102
143611 111
143718 119
143824 125
143931 132
144038 139
144144 147
144251 153
144357 160
144464 167
144570 174
144676 180
144783 189
144889 194
144997 203
145103 210
145209 216
145316 225
145422 231
145529 239
145635 246
145741 253
145848 251
145954 267
146062 275
146168 283
146274 290
146381 296
146487 305
146594 314
146700 319
146806 326
146913 333
147020 340
147127 347
147233 355
147339 362
147446 370
147552 377
147658 385
147765 391
147871 399
147978 406
148085 414
148191 423
148298 428
148404 435
148511 444
148617 450
148723 458
148830 465
148936 473
149044 480
149150 488
149256 496
149363 502
149469 510
149576 517
149682 524
149788 530
149895 540
150002 546
150109 553
150215 562
150321 568
150428 574
150534 583
150641 591
150747 598
150853 606
150960 612
151067 621
151174 627
151280 635
151386 641
151493 649
151599 656
151705 663
151812 671
151918 677
152026 685
152132 693
152239 700
152345 708
152451 714
152558 722
152664 729
152770 736
152877 743
152983 750
153090 758
153196 765
153303 771
153409 778
153515 786
153622 790
153728 800
153834 806
153941 813
154048 822
154155 829
154261 836
154367 842
154474 850
154580 857
154687 864
154793 870
154899 877
155007 884
155113 891
155220 898
155326 906
155432 914
155539 919
155645 911
155752 885
155858 858
155964 830
156072 801
156178 776
156285 747
156391 720
156497 692
156604 665
156710 637
156817 608
156923 579
157030 551
157137 523
157243 494
157350 473
157456 438
157562 411
157669 381
157775 353
157881 326
157989 298
158095 270
158202 241
158308 214
158415 189
158521 160
158627 132
158734 106
158840 79
158946 52
159054 27
159160 0
159267 8
159373 17
159479 24
159586 30
159692 36
159799 43
159905 51
160012 57
160119 64
160225 70
160332 77
160438 85
160544 91
160651 98
160757 104
160864 112
160970 118
161077 125
161184 132
161290 139
161397 147
161503 153
161609 160
161716 168
161822 173
161928 182
162036 189
162142 197
162249 203
162355 211
162462 217
162568 225
162674 232
162781 239
162887 246
162995 253
163101 261
163207 268
163314 276
163420 283
163526 291
163633 298
163739 302
163846 311
163952 319
164059 326
164166 333
164272 340
164379 349
164485 356
164591 364
164698 370
164804 378
164911 385
165018 392
165124 400
165231 407
165337 414
165444 421
165550 429
165656 437
165763 444
165869 451
165975 458
166083 466
166189 474
166296 482
166402 488
166509 495
166615 502
166721 505
166828 518
166934 525
167042 531
167148 540
167254 547
167361 554
167467 561
167573 568
167680 577
167786 585
167893 592
168000 599
168107 605
168213 614
168319 620
168426 630
168532 635
168638 641
168745 649
168851 658
168958 664
169065 672
169171 679
169278 686
169384 693
169491 701
169597 708
169703 715
169810 722
169916 729
170024 736
170130 744
170236 750
170343 758
170449 765
170556 772
170662 781
170768 786
170875 793
170981 799
171089 807
171195 815
171301 820
171408 829
171514 835
171620 842
171727 851
171833 857
171940 864
172047 872
172154 872
172260 885
172366 891
172473 899
172579 906
172685 912
172792 921
172898 909
173006 882
173112 855
173218 828
173325 800
173431 773
173538 746
173644 719
173750 691
173857 662
173963 634
174071 612
174177 578
174283 550
174390 520
174496 494
174603 464
174709 436
174815 407
174922 381
175029 351
175136 325
175242 296
175348 266
175455 239
175561 210
175667 185
175774 158
175880 132
175988 104
176094 78
176201 51
176307 26
176413 4
176520 10
176626 19
176733 23
176839 30
176945 37
177053 44
177159 51
177266 57
177372 64
177478 74
177585 79
177691 84
177797 92
177904 97
178011 105
178118 111
178224 120
178331 125
178437 133
178543 139
178650 147
178756 154
178862 161
178969 166
179076 175
179183 181
179289 189
179395 189
179502 204
179608 211
179715 217
179821 220
179927 232
180035 238
180141 246
180248 254
180354 260
180460 268
180567 276
180673 283
180780 290
180886 297
180993 307
181100 313
181206 319
181313 326
181419 334
181525 342
181632 348
181738 355
181845 364
181951 369
182058 378
182165 385
182271 384
182378 400
182484 406
182590 414
182697 422
182803 429
182909 435
183017 444
183123 452
183230 458
183336 466
183442 475
183549 481
183655 488
183762 494
183868 504
183974 511
184082 518
184188 525
184295 532
184401 538
184507 548
184614 555
184720 562
184827 570
184933 576
185040 584
185147 591
185253 596
185360 606
185466 613
185572 620
185679 628
185785 635
185892 641
185999 650
186105 657
186212 666
186318 672
186425 678
186531 686
186637 694
186744 701
186850 708
186956 715
187064 722
187170 728
187277 737
187383 744
187489 751
187596 756
187702 766
187809 772
187915 781
188023 786
188129 794
188235 801
188342 808
188448 815
188554 823
188661 829
188767 836
188874 843
188980 850
189087 856
189194 864
189300 871
189407 879
189513 885
189619 893
189726 901
189832 906
189939 913
190046 921
190152 909
190259 880
190365 854
190472 826
190578 801
190684 771
190791 745
190897 717
191005 688
191111 660
191217 632
191324 605
191430 577
191537 548
191643 520
191749 492
191856 465
191962 435
192070 406
192176 378
192282 352
192389 322
192495 295
192601 268
192708 237
192814 210
192921 184
193028 158
193134 129
193241 103
193347 75
193454 50
193560 24
193666 4
193773 10
193879 16
193986 23
194093 30
194199 38
194306 45
194412 52
194519 57
194625 64
194731 71
194838 79
194944 87
195052 93
195158 99
195264 106
195371 104
195477 119
195584 126
195690 132
195796 140
195903 147
196010 153
196117 161
196223 168
196329 175
196436 183
196542 190
196648 197
196755 203
196861 211
196968 218
197075 226
197182 234
197288 239
197394 247
197501 254
197607 263
197713 269
197820 276
197926 283
198034 291
198140 298
198246 306
198353 313
198459 320
198566 327
198672 334
198778 342
198885 350
198992 357
199099 365
199205 371
199311 379
199418 386
199524 393
199631 401
199737 407
199843 416
199950 422
200057 430
200164 437
200270 443
200376 452
200483 459
200589 466
200695 474
200802 482
200908 489
201016 496
201122 500
201229 511
201335 516
201441 526
201548 532
201654 541
201760 548
201867 555
201973 561
202081 569
202187 577
202293 584
202400 584
202506 598
202613 607
202719 613
202825 620
202932 627
203039 635
203146 643
203252 650
203358 658
203465 666
203571 671
203678 679
203784 686
203890 694
203998 701
204104 706
204211 716
204317 723
204423 729
204530 737
204636 746
204743 751
204849 758
204955 767
205063 773
205169 780
205276 787
205382 796
205488 802
205595 809
205701 816
205807 824
205914 830
206021 835
206128 844
206234 851
206340 858
206447 879
206553 872
206660 878
206766 887
206872 893
206979 899
207086 906
207193 914
207299 921
207405 907
207512 879
207618 852
207725 825
207831 798
207937 772
208045 742
208151 716
208258 687
208364 659
208470 631
208577 603
208683 576
208790 544
208896 511
209003 490
209110 462
209216 433
209323 413
209429 377
209535 349
209642 321
209748 294
209854 264
209961 237
210068 210
210175 182
210281 155
210387 129
210494 102
210600 76
210707 49
210813 23
210919 3
211027 10
211133 17
211240 25
211346 32
211452 37
211559 43
211665 50
211772 58
211878 65
211984 71
212092 78
212198 85
212305 91
212411 100
212517 106
212624 112
212730 119
212837 126
212943 134
213050 140
213157 147
213263 155
213370 161
213476 169
213582 176
213689 183
213795 192
213902 196
214009 205
214115 212
214222 218
214328 226
214435 233
214541 240
214647 248
214754 255
214860 263
214966 269
215074 277
215180 284
215287 292
215393 298
215499 305
215606 314
215712 320
215819 327
215925 335
216033 342
216139 350
216245 353
216352 364
216458 371
216564 379
216671 385
216777 393
216884 400
216991 409
217097 416
217204 423
217310 430
217417 437
217523 445
217629 452
217736 460
217842 467
217949 475
218056 481
218162 489
218269 495
218375 496
218482 511
218588 517
218694 527
218801 532
218907 540
219015 548
219121 554
219227 563
219334 570
219440 577
219547 585
219653 592
219759 598
219866 607
219972 613
220080 621
220186 629
220292 635
220399 643
220505 649
220611 657
220718 666
220824 672
220931 679
221038 686
221144 694
221251 701
221357 709
221464 715
221570 723
221676 729
221783 737
221889 743
221997 753
222103 759
222209 766
222316 772
222422 779
222529 787
222635 793
222741 802
222848 822
222954 815
223062 824
223168 830
223274 836
223381 844
223487 850
223594 862
223700 865
223806 872
223913 880
224020 887
224127 892
224233 900
224339 906
224446 914
224552 921
224658 906
224765 879
224871 853
224978 825
225085 798
225191 768
225298 742
225404 714
225511 686
225617 658
225723 630
225830 601
225936 573
226044 546
226150 518
226256 489
226363 460
226469 432
226576 403
226682 377
226788 349
226895 319
227002 292
227109 263
227215 236
227321 209
227428 181
227534 154
227641 128
227747 100
227853 74
227960 48
228067 23
228174 5
228280 9
228386 18
228493 24
228599 30
228705 37
228812 44
228918 49
229026 59
229132 66
229239 72
229345 83
229451 85
229558 92
229664 99
229770 104
229877 113
229983 122
230090 126
230196 135
230303 140
230409 148
230515 155
230622 162
230728 169
230834 177
230941 184
231048 191
231155 204
231261 205
231367 211
231474 219
231580 228
231687 233
231793 242
231899 246
232007 256
232113 263
232220 271
232326 277
232432 284
232539 292
232645 298
232752 307
232858 313
232964 321
233072 328
233178 335
233285 343
233391 350
233497 358
233604 364
233710 363
233817 379
233923 386
234030 394
234137 401
234243 409
234350 416
234456 423
234562 430
234669 436
234775 445
234881 453
234989 462
235095 474
235202 474
235308 482
235415 490
235521 497
235627 505
235734 511
235840 517
235946 539
236054 533
236160 541
236267 548
236373 556
236479 562
236586 570
236692 579
236799 585
236905 592
237012 601
237119 607
237225 614
237332 622
237438 629
237544 637
237651 642
237757 651
237864 659
237970 665
238077 657
238184 681
238290 688
238397 694
238503 704
238609 714
238716 716
238822 723
238928 730
239036 738
239142 745
239249 752
239355 760
239462 765
239568 775
239674 779
239781 788
239887 795
239995 803
240101 809
240207 817
240314 823
240420 831
240526 838
240633 844
240739 852
240846 858
240952 865
241059 873
241166 879
241272 886
241379 894
241485 900
241591 907
241698 914
241804 922
241911 904
242018 877
242124 850
242231 823
242337 797
242444 768
242550 741
242656 713
242763 686
242869 657
242975 629
243083 600
243189 572
243296 545
243402 516
243509 488
243615 460
243721 431
243828 403
243934 375
244042 346
244148 318
244254 292
244361 262
244467 235
244573 207
244680 179
244786 152
244893 124
245000 100
245107 73
245213 46
245319 22
245426 4
245532 11
245638 17
245745 24
245851 30
245958 37
246065 45
246171 53
246278 58
246384 65
246491 74
246597 79
246703 85
246810 94
246916 101
247024 104
247130 113
247236 120
247343 127
247449 133
247556 141
247662 148
247768 155
247875 162
247981 169
248089 177
248195 183
248301 190
248408 199
248514 205
248620 211
248727 219
248833 227
248940 233
249047 240
249154 249
249260 256
249366 264
249473 270
249579 277
249685 284
249792 291
249898 299
250006 307
250112 314
250218 320
250325 328
250431 336
250538 345
250644 350
250750 358
250857 365
250963 372
251071 379
251177 387
251283 395
251390 401
251496 409
251603 417
251709 422
251815 434
251922 438
252029 446
252136 452
252242 459
252348 464
252455 475
252561 482
252667 489
252774 497
252880 504
252988 511
253094 519
253201 527
253307 533
253413 542
253520 548
253626 556
253733 564
253839 571
253945 555
254053 584
254159 592
254266 601
254372 608
254478 616
254585 622
254691 629
254797 637
254904 644
255011 652
255118 659
255224 666
255331 674
255437 679
255543 686
255650 694
255756 701
255862 709
255969 716
256076 725
256183 730
256289 739
256395 744
256502 752
256608 760
256715 767
256821 774
256927 779
257035 788
257141 795
257248 803
257354 809
257460 816
257567 823
257673 831
257780 838
257886 845
257993 852
258100 859
258206 867
258313 874
258419 880
258525 887
258632 892
258738 905
258845 908
258951 915
259058 923
259165 903
259271 882
259378 849
259484 822
259590 794
259697 767
259803 739
259909 710
260017 684
260123 656
260230 628
260336 599
260442 572
260549 543
260655 515
260762 486
260868 464
260974 431
261082 401
261188 373
261295 345
261401 313
261507 288
261614 261
261720 235
261827 198
261933 179
262040 151
262147 124
262253 97
262360 73
262466 45
262572 20
262679 5
262785 11
262892 18
262999 25
263105 33
263212 39
263318 44
263425 51
263531 58
263637 65
263744 72
263850 85
263956 85
264064 93
264170 99
264277 107
264383 112
264489 120
264596 127
264702 134
264809 141
264915 148
265023 155
265129 171
265235 171
265342 178
265448 182
265554 190
265661 197
265767 205
265874 213
265980 220
266087 226
266194 235
266300 242
266407 248
266513 256
266619 264
266726 270
266832 278
266939 284
267046 292
267152 299
267259 307
267365 314
267472 321
267578 329
267684 334
267791 350
267897 350
268005 359
268111 366
268217 374
268324 380
268430 386
268537 395
268643 403
268749 410
268856 416
268962 423
269070 432
269176 438
269282 446
269389 453
269495 464
269601 468
269708 476
269814 483
269921 489
270028 498
270134 505
270241 502
270347 520
270454 527
270560 535
270666 542
270773 549
270879 558
270986 564
271093 572
271199 578
271306 585
271412 592
271519 600
271625 608
271731 616
271838 622
271944 629
272052 638
272158 645
272264 651
272371 659
272477 664
272584 673
272690 679
272796 688
272903 695
273010 703
273117 710
273223 716
273329 724
273436 731
273542 739
273648 746
273755 753
273861 761
273968 768
274075 763
274182 780
274288 788
274394 795
274501 801
274607 817
274713 816
274820 825
274926 831
275034 838
275140 846
275246 853
275353 859
275459 866
275566 874
275672 881
275778 887
275885 894
275992 901
276099 907
276205 915
276311 922
276418 901
276524 874
276631 847
276737 820
276843 791
276950 765
277057 737
277164 710
277270 688
277376 653
277483 626
277589 599
277695 569
277802 541
277908 513
278016 483
278122 454
278229 428
278335 400
278441 373
278548 343
278654 314
278760 289
278867 261
278973 232
279081 204
279187 177
279293 151
279400 124
279506 96
279613 70
279719 44
279825 18
279932 6
280039 11
280146 19
280252 25
280358 33
280465 39
280571 42
280678 51
280784 57
280890 67
280998 72
281104 80
281211 86
281317 93
281423 100
281530 107
281636 113
281743 122
281849 135
281955 135
282063 142
282169 149
282276 156
282382 163
282488 171
282595 181
282701 184
282807 192
282914 199
283021 205
283128 214
283234 220
283340 227
283447 235
283553 243
283660 249
283766 256
283872 264
283979 270
284086 278
284193 286
284299 293
284405 300
284512 306
284618 314
284725 322
284831 329
284937 336
285045 343
285151 351
285258 359
285364 366
285470 374
285577 380
285683 386
285790 399
285896 403
286003 410
286110 418
286216 425
286323 432
286429 440
286535 446
286642 455
286748 461
286854 469
286961 476
287068 484
287175 490
287281 497
287387 505
287494 513
287600 522
287707 528
287813 535
287919 538
288027 550
288133 558
288240 565
288346 570
288452 580
288559 586
288665 593
288772 601
288878 608
288984 616
289092 621
289198 629
289305 638
289411 645
289517 651
289624 658
289730 666
289837 674
289943 682
290050 689
290157 695
290263 702
290370 716
290476 718
290582 725
290689 732
290795 745
290902 747
291009 753
291115 760
291222 769
291328 775
291435 782
291541 790
291647 797
291754 802
291860 811
291966 817
292074 825
292180 831
292287 838
292393 846
292499 852
292606 860
292712 865
292819 873
292925 881
293033 887
293139 894
293245 902
293352 909
293458 916
293564 923
293671 898
293777 872
293884 845
293991 819
294097 790
294204 763
294310 735
294417 707
294523 680
294629 652
294736 624
294842 596
294949 570
295056 538
295162 511
295269 486
295375 453
295482 425
295588 397
295694 373
295801 341
295907 313
296015 285
296121 256
296227 229
296334 202
296440 174
296547 147
296653 120
296759 94
296866 67
296972 41
297080 16
297186 5
297292 13
297399 19
297505 25
297611 32
297718 40
297824 47
297931 51
298038 60
298144 67
298251 74
298357 82
298464 86
298570 94
298676 101
298783 107
298889 115
298997 121
299103 129
299209 136
299316 143
299422 150
299529 155
299635 164
299741 171
299848 177
299954 184
300062 192
300168 199
300274 206
300381 214
300487 221
300594 228
300700 233
300806 242
300913 249
301020 257
301127 265
301233 271
301339 279
301446 285
301552 294
301658 298
301765 308
301871 315
301978 323
302085 330
302191 336
302298 344
302404 351
302511 359
302617 366
302723 373
302830 380
302936 387
303044 392
303150 403
303256 410
303363 416
303469 426
303576 433
303682 440
303788 447
303895 452
304002 461
304109 469
304215 477
304321 485
304428 491
304534 498
304641 506
304747 510
304853 520
304960 528
305067 535
305174 542
305280 550
305386 557
305493 565
305599 571
305705 579
305812 583
305918 594
306026 602
306132 609
306239 615
306345 624
306451 633
306558 639
306664 645
306770 653
306877 661
306983 666
307090 674
307196 682
307303 689
307409 695
307515 703
307622 710
307728 718
307834 725
307941 732
308048 740
308155 747
308261 754
308367 762
308474 768
308580 775
308687 782
308793 789
308899 797
309007 804
309113 810
309220 819
309326 823
309432 832
309539 839
309645 845
309752 854
309858 861
309964 867
310072 874
310178 881
310285 889
310391 895
310497 902
310604 909
310710 915
310817 922
310923 899
311030 870
311137 844
311243 817
311350 789
311456 762
311562 734
311669 707
311775 679
311881 650
311989 621
312095 594
312202 567
312308 537
312415 509
312521 481
312627 453
312734 425
312840 396
312946 366
313054 339
313160 312
313267 284
313373 264
313479 229
313586 200
313692 172
313799 146
313905 119
314012 91
314119 67
314225 40
314332 14
314438 6
314544 12
314651 19
314757 27
314864 33
314970 39
315077 46
315184 53
315290 60
315397 68
315503 74
315609 81
315716 88
315822 94
315928 99
316036 108
316142 115
316249 122
316355 129
316462 136
316568 143
316674 150
316781 159
316887 165
316995 172
317101 178
317207 185
317314 193
317420 200
317526 208
317633 214
317739 222
317846 229
317952 237
318059 242
318166 252
318272 256
318379 265
318485 272
318591 280
318698 287
318804 294
318911 301
319018 316
319124 316
319231 324
319337 330
319444 336
319550 346
319656 351
319763 359
319869 367
319975 373
320083 381
320189 389
320296 395
320402 404
320509 410
320615 418
320721 425
320828 432
320934 442
321042 448
321148 455
321254 462
321361 468
321467 477
321573 484
321680 491
321786 499
321893 506
322000 513
322107 521
322213 528
322319 534
322426 542
322532 550
322638 558
322745 564
322851 575
322958 580
323065 587
323171 594
323278 601
323384 608
323491 617
323597 624
323703 630
323810 639
323916 645
324024 652
324130 660
324236 667
324343 673
324449 682
324556 689
324662 697
324768 716
324875 711
324981 718
325089 725
325195 732
325301 739
325408 747
325514 755
325620 762
325727 768
325833 775
325940 782
326047 791
326154 800
326260 804
326366 811
326473 818
326579 826
326685 833
326792 840
326898 847
327006 853
327112 860
327218 867
327325 875
327431 881
327538 888
327644 896
327750 902
327857 911
327963 917
328071 922
328177 897
328283 870
328390 842
328496 815
328603 787
328709 760
328815 728
328922 705
329029 677
329136 648
329242 621
329348 593
329455 565
329561 537
329667 508
329774 481
329880 451
329988 423
330094 395
330201 367
330307 340
330413 309
330520 282
330626 255
330733 227
330839 199
330945 172
331053 144
331159 117
331266 90
331372 65
331478 39
331585 13
331691 6
331797 13
331904 20
332011 26
332118 33
332224 41
332331 46
332437 52
332543 61
332650 66
332756 74
332862 81
332969 88
333076 96
333183 100
333289 109
333395 116
333502 122
333608 138
333715 136
333821 143
333927 151
334035 157
334141 164
334248 172
334354 178
334460 186
334567 193
334673 200
334780 207
334886 214
334993 222
335100 227
335206 236
335313 243
335419 251
335525 258
335632 265
335738 273
335845 280
335951 286
336058 293
336165 302
336271 309
336378 317
336484 324
336590 329
336697 339
336803 345
336909 352
337017 360
337123 367
337230 374
337336 382
337442 390
337549 396
337655 404
337762 409
337868 420
337974 427
338082 433
338188 441
338295 448
338401 456
338507 462
338614 470
338720 478
338827 484
338933 492
339040 498
339147 508
339253 514
339360 521
339466 528
339572 536
339679 543
339785 550
339892 558
339999 565
340105 572
340212 580
340318 589
340425 594
340531 602
340637 609
340744 616
340850 624
340956 631
341064 638
341170 646
341277 654
341383 660
341489 668
341596 674
341702 682
341809 689
341915 695
342023 703
342129 712
342235 720
342342 726
342448 732
342554 739
342661 747
342767 754
342874 762
342980 768
343087 776
343194 783
343300 790
343407 797
343513 803
343619 810
343726 818
343832 826
343939 832
344046 840
344152 847
344259 855
344365 860
344472 867
344578 875
344684 882
344791 888
344897 896
345005 902
345111 911
345217 916
345324 923
345430 894
345537 869
345643 843
345749 812
345856 787
345962 759
346070 731
346176 703
346282 675
346389 647
346495 619
346601 591
346708 563
346814 531
346921 506
347028 478
347134 449
347241 422
347347 393
347454 364
347560 336
347666 310
347773 280
347879 253
347986 225
348093 198
348199 170
348306 144
348412 117
348519 91
348625 64
348731 37
348838 13
348944 7
349052 13
349158 20
349264 27
349371 32
349477 49
349584 48
349690 53
349796 60
349903 68
350010 73
350117 81
350223 87
350329 94
350436 102
350542 110
350648 116
350755 123
350861 129
350968 136
351075 144
351182 151
351288 158
351394 156
351501 171
351607 179
351713 186
351820 183
351926 201
352034 207
352140 215
352246 222
352353 229
352459 235
352566 243
352672 249
352778 258
352885 265
352992 271
353099 280
353205 287
353311 294
353418 302
353524 308
353631 316
353737 317
353843 331
353950 338
354057 345
354164 352
354270 362
354376 366
354483 375
354589 383
354695 389
354802 398
354908 404
355016 412
355122 420
355229 426
355335 433
355441 440
355548 448
355654 456
355760 464
355867 469
355973 478
356081 485
356187 493
356293 500
356400 513
356506 513
356613 522
356719 530
356825 536
356932 544
357039 552
357146 559
357252 566
357358 574
357465 580
357571 587
357678 595
357784 602
357890 609
357998 618
358104 625
358211 632
358317 639
358423 646
358530 654
358636 661
358743 669
358849 674
358955 681
359063 690
359169 695
359276 704
359382 711
359488 719
359595 726
359701 734
359807 741
359914 747
360021 757
360128 763
360234 769
360340 776
360447 784
360553 791
360660 813
360766 806
360872 812
360979 819
361086 826
361193 832
361299 839
361405 847
361512 854
361618 862
361725 869
361831 874
361937 883
362045 889
362151 894
362258 904
362364 909
362470 916
362577 920
362683 895
362790 866
362896 839
363003 812
363110 785
363216 757
363323 729
363429 703
363535 674
363642 646
363748 617
363854 589
363961 561
364068 533
364175 505
364281 476
364387 448
364494 420
364600 392
364707 363
364813 335
364919 308
365027 280
365133 251
365240 223
365346 196
365452 168
365559 142
365665 115
365772 89
365878 63
365984 37
366092 10
366198 7
366305 14
366411 21
366517 27
366624 35
366730 42
366837 48
366943 53
367050 60
367157 68
367263 75
367370 82
367476 88
367582 97
367689 103
367795 109
367902 115
368009 123
368115 130
368222 137
368328 144
368435 151
368541 158
368647 165
368754 171
368860 179
368966 186
369074 194
369180 202
369287 208
369393 214
369499 222
369606 230
369712 237
369819 242
369925 250
370033 257
370139 266
370245 274
370352 280
370458 287
370564 294
370671 303
370777 309
370884 316
370991 324
371097 331
371204 339
371310 347
371417 354
371523 360
371629 369
371736 375
371842 381
371949 390
372056 397
372162 404
372269 408
372375 420
372482 426
372588 434
372694 439
372801 448
372907 455
373015 463
373121 473
373227 480
373334 484
373440 494
373547 500
373653 507
373759 514
373866 523
373972 528
374080 536
374186 544
374292 552
374399 559
374505 567
374611 574
374718 581
374824 589
374931 595
375038 603
375144 610
375251 617
375357 625
375464 632
375570 640
375676 647
375783 655
375889 661
375997 669
376103 675
376209 683
376316 690
376422 697
376529 703
376635 712
376741 719
376848 727
376954 734
377062 742
377168 748
377274 756
377381 763
377487 770
377594 781
377700 784
377806 791
377913 798
378020 804
378127 812
378233 820
378339 827
378446 833
378552 841
378658 847
378765 854
378871 862
378978 868
379085 876
379191 882
379298 891
379404 897
379511 902
379617 909
379723 917
379830 919
379936 892
380044 864
380150 837
380256 811
380363 783
380469 755
380576 726
380682 700
380788 671
380895 644
381002 616
381109 587
381215 559
381321 530
381428 503
381534 474
381641 446
381747 418
381853 390
381960 363
382067 334
382174 305
382280 278
382386 250
382493 221
382599 194
382705 167
382812 141
382918 112
383026 87
383132 60
383239 37
383345 10
383451 5
383558 14
383664 21
383770 28
383877 36
383983 42
384090 48
384196 54
384303 63
384409 68
384515 75
384622 82
384728 87
384834 95
384941 103
385048 110
385155 116
385261 123
385367 127
385474 137
385580 145
385687 151
385793 156
385899 166
386007 172
386113 180
386220 187
386326 194
386432 202
386539 207
386645 221
386752 223
386858 229
386964 236
387072 244
387178 252
387285 259
387391 266
387497 273
387604 280
387710 285
387817 296
387923 304
388030 310
388137 317
388243 317
388350 331
388456 339
388562 346
388669 354
388775 361
388881 367
388989 375
389095 384
389202 391
389308 397
389415 405
389521 412
389627 418
389734 427
389840 434
389946 441
390054 449
390160 458
390267 464
390373 471
390479 477
390586 486
390692 492
390799 500
390905 508
391012 515
391119 523
391225 530
391332 537
391438 544
391544 551
391651 559
391757 567
391864 574
391970 581
392077 590
392184 596
392290 603
392397 610
392503 618
392609 625
392716 631
392822 640
392928 647
393036 654
393142 661
393249 668
393355 675
393462 683
393568 691
393674 697
393781 703
393887 713
393995 720
394101 726
394207 735
394314 741
394420 749
394526 757
394633 763
394739 770
394846 777
394952 784
395059 791
395166 800
395272 806
395379 812
395485 820
395591 827
395698 833
395804 841
395911 848
396018 856
396124 862
396231 869
396337 876
396444 883
396550 891
396656 897
396763 903
396869 912
396975 917
397083 916
397189 891
397296 863
397402 836
397509 809
397615 781
397721 755
397828 726
397934 698
398042 670
398148 643
398254 615
398361 586
398467 558
398573 529
398680 501
398786 473
398893 446
399000 416
399107 388
399213 360
399319 328
399426 304
399532 275
399638 247
399745 222
399851 193
399958 166
400065 139
400171 112
400278 87
400384 58
400491 34
400597 7
400703 8
400810 15
400916 36
401024 28
401130 35
401236 41
401343 48
401449 58
401556 62
401662 69
401768 75
401875 82
401981 89
402089 95
402195 103
402301 110
402408 116
402514 122
402620 131
402727 138
402833 146
402940 151
403047 166
403154 167
403260 173
403366 180
403473 186
403579 193
403685 202
403792 208
403898 217
404006 223
404112 231
404218 236
404325 244
404431 252
404538 260
404644 277
404750 272
404857 282
404963 289
405071 296
405177 304
405283 310
405390 315
405496 324
405603 333
405709 339
405815 346
405922 353
406029 362
406136 368
406242 376
406348 383
406455 391
406561 399
406667 404
406774 412
406880 420
406988 429
407094 435
407201 443
407307 450
407413 456
407520 464
407626 472
407733 481
407839 486
407945 494
408053 501
408159 507
408266 515
408372 522
408478 530
408585 538
408691 545
408797 552
408904 560
409011 567
409118 575
409224 583
409331 589
409437 597
409543 604
409650 609
409756 619
409862 625
409969 633
410076 642
410183 648
410289 654
410395 662
410502 663
410608 678
410715 685
410821 691
410927 699
411035 706
411141 712
411248 719
411354 728
411460 735
411567 742
411673 749
411780 756
411886 763
411993 772
412100 778
412206 785
412313 792
412419 801
412525 807
412632 814
412738 819
412845 827
412951 833
413058 842
413165 848
413271 856
413378 861
413484 870
413590 875
413697 883
413803 891
413909 897
414017 904
414123 911
414230 919
414336 915
414442 888
414549 861
414655 834
414762 813
414868 780
414974 753
415082 724
415188 697
415295 672
415401 640
415507 613
415614 583
415720 555
415827 527
415933 500
416040 471
416147 443
416253 414
416360 386
416466 358
416572 330
416679 302
416785 274
416892 253
416999 218
417105 190
417212 164
417318 136
417425 113
417531 83
417637 58
417744 32
417850 8
417956 7
418064 16
418170 23
418277 28
418383 36
418489 43
418596 49
418702 56
418809 63
418915 70
419023 77
419129 82
419235 90
419342 97
419448 103
419554 111
419661 117
419767 124
419874 130
419980 139
420087 147
420194 152
420300 159
420407 165
420513 174
420619 180
420726 188
420832 195
420939 201
421046 209
421152 216
421259 224
421365 230
421472 238
421578 245
421684 251
421791 259
421897 266
422005 274
422111 280
422217 288
422324 296
422430 303
422537 310
422643 318
422749 325
422856 333
422962 340
423070 347
423176 353
423282 361
423389 369
423495 377
423601 383
423708 390
423814 397
423921 406
424028 413
424134 421
424241 428
424347 435
424454 444
424560 450
424666 458
424773 465
424879 472
424986 479
425093 487
425199 494
425306 502
425412 509
425519 522
425625 524
425731 531
425838 538
425944 545
426052 551
426158 561
426264 568
426371 575
426477 582
426584 588
426690 597
426796 605
426903 611
427010 618
427117 625
427223 634
427329 641
427436 648
427542 656
427648 663
427755 670
427861 678
427968 685
428075 692
428182 699
428288 706
428394 712
428501 721
428607 727
428713 735
428820 742
428926 751
429034 758
429140 766
429246 771
429353 778
429459 785
429566 793
429672 799
429778 808
429885 815
429992 821
430099 828
430205 835
430311 843
430418 850
430524 857
430631 863
430737 869
430843 877
430950 884
431057 891
431164 898
431270 905
431376 911
431483 919
431589 914
431695 886
431802 861
431908 833
432016 804
432122 778
432229 750
432335 721
432441 694
432548 668
432654 638
432760 610
432867 579
432973 554
433081 526
433187 497
433293 477
433400 441
433506 413
433613 385
433719 356
433825 329
433932 301
434039 272
434146 244
434252 217
434358 189
434465 162
434571 135
434678 107
434784 83
434890 59
434998 29
435104 4
435211 8
435317 15
435423 21
435530 29
435636 35
435743 42
435849 49
435955 55
436063 64
436169 70
