48 211
154 218
261 232
367 237
473 246
580 255
686 264
793 275
899 283
1006 295
1113 304
1219 314
1326 323
1432 333
1538 344
1645 353
1751 363
1857 374
1964 385
2071 395
2178 406
2284 416
2390 427
2497 428
2603 449
2710 459
2816 470
2922 473
3030 491
3136 502
3243 513
3349 524
3455 534
3562 543
3668 553
3775 564
3881 576
3988 585
4095 595
4201 604
4308 614
4414 624
4520 635
4627 643
4733 654
4840 665
4946 673
5053 682
5160 691
5266 699
5373 710
5479 716
5585 726
5692 734
5798 738
5904 749
6012 758
6118 766
6225 774
6331 782
6437 787
6544 795
6650 802
6757 808
6863 814
6969 820
7077 826
7183 832
7290 838
7396 842
7502 846
7609 851
7715 856
7822 860
7928 864
8035 868
8142 872
8248 875
8355 877
8461 881
8567 882
8674 885
8780 887
8887 890
8994 892
9100 893
9207 894
9313 895
9420 896
9526 896
9632 898
9739 893
9845 886
9951 875
10059 861
10165 844
10272 822
10378 799
10484 772
10591 742
10697 709
10804 674
10910 639
11018 600
11124 562
11230 523
11337 482
11443 440
11549 398
11656 360
11762 320
11869 282
11975 246
12082 213
12189 178
12295 148
12402 121
12508 97
12614 74
12721 60
12827 45
12934 35
13041 28
13147 22
13254 23
13360 22
13467 25
13573 28
13679 28
13786 30
13892 31
14000 33
14106 37
14212 46
14319 41
14425 44
14532 48
14638 52
14744 56
14851 59
14957 64
15065 69
15171 73
15277 77
15384 82
15490 88
15596 92
15703 99
15809 105
15916 110
16023 118
16129 123
16236 131
16342 139
16449 146
16555 151
16661 161
16768 170
16874 176
16981 184
17088 195
17194 202
17301 211
17407 220
17514 229
17620 239
17726 246
17833 255
17939 265
18047 273
18153 285
18259 296
18366 306
18472 305
18579 325
18685 335
18791 345
18898 356
19005 365
19112 376
19218 386
19324 396
19431 408
19537 417
19643 428
19750 439
19856 450
19963 459
20070 471
20176 482
20283 493
20389 504
20496 512
20602 521
20708 533
20815 545
20921 556
21029 566
21135 577
21241 586
21348 595
21454 605
21561 615
21667 625
21773 636
21880 645
21987 654
22094 665
22201 674
22307 682
22413 692
22520 699
22626 709
22733 718
22839 727
22945 735
23053 743
23159 751
23266 759
23372 767
23478 772
23585 783
23691 788
23798 792
23904 802
24011 809
24118 814
24224 820
24331 827
24437 832
24543 838
24650 842
24756 848
24862 852
24969 856
25076 861
25183 865
25289 869
25395 868
25502 876
25608 878
25715 881
25821 881
25927 885
26035 887
26141 889
26248 892
26354 894
26460 894
26567 896
26673 897
26780 899
26886 897
26993 893
27100 883
27206 873
27313 858
27419 843
27525 823
27632 797
27738 769
27845 740
27951 706
28058 671
28165 635
28271 596
28378 559
28484 519
28590 478
28697 437
28803 395
28909 356
29017 317
29123 279
29230 242
29336 208
29443 177
29549 147
29655 119
29762 95
29868 74
29974 58
30082 44
30188 33
30295 26
30401 22
30507 22
30614 25
30720 25
30827 27
30933 29
31040 29
31147 30
31253 34
31360 36
31466 38
31572 42
31679 44
31785 48
31892 51
31999 55
32105 60
32212 63
32318 68
32425 73
32531 78
32637 82
32744 88
32850 93
32956 98
33064 105
33170 112
33277 118
33383 125
33490 131
33596 137
33702 146
33809 153
33915 161
34023 168
34129 177
34235 187
34342 194
34448 203
34554 211
34661 220
34767 229
34874 238
34980 246
35087 256
35194 267
35300 276
35407 286
35513 294
35619 305
35726 314
35832 326
35939 335
36046 345
36152 356
36259 365
36365 376
36472 388
36578 398
36684 407
36791 418
36897 435
37005 439
37111 450
37217 462
37324 471
37430 483
37537 495
37643 505
37749 515
37856 526
37962 535
38070 546
38176 556
38282 566
38389 577
38495 586
38601 596
38708 607
38814 617
38921 629
39028 636
39135 645
39241 655
39347 662
39454 674
39560 682
39666 692
39773 701
39879 710
39986 718
40093 728
40199 735
40306 743
40412 752
40519 760
40625 769
40731 774
40838 782
40944 788
41052 795
41158 802
41264 811
41371 815
41477 821
41584 827
41690 833
41796 837
41903 842
42010 847
42117 853
42223 855
42329 863
42436 866
42542 868
42649 872
42755 876
42861 878
42968 882
43075 883
43182 886
43288 888
43394 896
43501 892
43607 894
43713 894
43820 895
43926 896
44034 899
44140 895
44247 897
44353 885
44459 872
44566 859
44672 842
44778 819
44885 794
44992 768
45099 736
45205 706
45311 669
45418 632
45524 594
45631 555
45737 515
45843 476
45950 430
46057 391
46164 353
46270 314
46376 277
46483 241
46589 206
46696 173
46802 143
46908 116
47016 94
47122 73
47229 58
47335 43
47441 33
47548 25
47654 11
47760 21
47867 25
47973 24
48081 27
48187 36
48294 29
48400 32
48506 34
48613 38
48719 39
48825 42
48932 45
49039 49
49146 52
49252 57
49358 59
49465 63
49571 68
49678 72
49784 78
49890 84
49998 88
50104 94
50211 99
50317 106
50423 111
50530 118
50636 125
50743 132
50849 139
50955 147
51063 154
51169 161
51276 171
51382 178
51488 186
51595 194
51701 202
51807 212
51914 221
52021 233
52128 239
52234 248
52341 257
52447 268
52553 275
52660 288
52766 297
52872 306
52979 316
53086 327
53193 336
53299 346
53405 356
53512 366
53618 377
53725 387
53831 397
53937 408
54045 419
54151 430
54258 439
54364 451
54470 462
54577 469
54683 483
54790 495
54896 505
55003 514
55110 525
55216 535
55323 549
55429 557
55535 566
55642 576
55748 587
55855 598
55961 606
56068 617
56175 629
56281 636
56388 646
56494 654
56600 666
56707 675
56813 684
56919 692
57027 697
57133 710
57240 719
57346 727
57452 736
57559 744
57665 752
57772 759
57878 767
57984 775
58092 784
58198 790
58305 796
58411 803
58517 810
58624 815
58730 821
58837 827
58943 833
59050 839
59157 843
59263 848
59370 853
59476 857
59582 862
59689 866
59795 867
59902 873
60009 876
60115 879
60222 882
60328 884
60435 886
60541 888
60647 890
60754 892
60860 891
60966 895
61074 896
61180 897
61287 899
61393 899
61500 891
61606 884
61712 873
61819 858
61925 842
62033 818
62139 794
62245 766
62352 735
62458 701
62564 667
62671 629
62777 590
62884 553
62991 513
63098 472
63204 430
63310 390
63417 352
63523 314
63629 275
63736 237
63842 205
63949 171
64056 142
64162 116
64269 93
64375 71
64482 57
64588 42
64694 33
64801 26
64907 21
65015 23
65121 23
65227 27
65334 26
65440 29
65547 29
65653 32
65759 35
65866 37
65972 39
66080 42
66186 45
66292 47
66399 52
66505 54
66611 60
66718 65
66824 69
66931 73
67038 78
67145 82
67251 88
67357 94
67464 101
67570 105
67676 111
67783 119
67889 126
67997 133
68103 139
68209 147
68316 159
68422 161
68529 169
68635 179
68741 187
68848 194
68954 203
69062 213
69168 221
69274 230
69381 240
69487 248
69594 259
69700 267
69806 277
69913 287
70020 296
70127 308
70233 317
70339 327
70446 342
70552 348
70658 356
70765 368
70871 377
70978 386
71085 397
71192 409
71298 420
71404 430
71511 441
71617 449
71723 462
71830 472
71936 483
72044 496
72150 506
72256 516
72363 526
72469 538
72576 547
72682 557
72788 567
72895 580
73002 586
73109 598
73215 608
73321 615
73428 627
73534 636
73641 645
73747 656
73853 666
73960 674
74067 684
74174 694
74280 702
74386 711
74493 719
74599 727
74705 737
74812 745
74918 753
75026 760
75132 769
75239 773
75345 783
75451 790
75558 796
75664 803
75770 802
75877 815
75983 822
76090 828
76196 832
76303 838
76409 843
76515 848
76622 853
76728 858
76834 862
76941 865
77048 870
77155 872
77261 877
77368 884
77474 881
77580 884
77687 887
77793 887
77899 890
78007 890
78113 893
78220 900
78326 896
78432 897
78539 899
78645 903
78752 890
78858 883
78964 870
79072 856
79178 838
79285 817
79391 792
79497 764
79604 733
79710 699
79817 664
79923 627
80030 588
80137 550
80243 511
80350 469
80456 420
80562 387
80669 350
80775 310
80882 271
80989 234
81095 202
81202 170
81308 139
81415 114
81521 88
81627 71
81734 55
81840 42
81946 33
82054 26
82160 20
82267 23
82373 24
82479 26
82586 27
82692 29
82799 32
82905 32
83013 35
83119 37
83225 39
83332 43
83438 45
83544 50
83651 51
83757 55
83864 60
83970 64
84077 70
84184 73
84290 79
84397 83
84503 89
84609 94
84716 101
84822 105
84929 112
85036 120
85142 127
85249 133
85355 141
85462 147
85568 154
85674 163
85781 171
85887 179
85995 189
86101 195
86207 205
86314 213
86420 230
86527 231
86633 240
86739 249
86846 258
86952 268
87060 279
87166 288
87272 298
87379 307
87485 317
87591 326
87698 337
87804 345
87911 357
88018 368
88124 379
88231 389
88337 399
88444 409
88550 419
88656 431
88763 441
88869 452
88976 462
89083 475
89189 485
89296 495
89402 507
89509 516
89615 527
89721 538
89828 547
89934 557
90042 567
90148 577
90254 588
90361 599
90467 608
90574 620
90680 627
90786 638
90893 648
91000 656
91107 667
91213 676
91319 685
91426 694
91532 703
91638 711
91745 719
91851 728
91958 737
92065 745
92171 757
92278 762
92384 768
92491 776
92597 783
92703 790
92810 797
92916 803
93024 808
93130 817
93236 823
93343 828
93449 834
93556 839
93662 843
93768 847
93875 854
93981 857
94089 862
94195 866
94301 869
94408 873
94514 876
94620 879
94727 881
94833 885
94940 887
95047 889
95154 890
95260 893
95366 892
95473 896
95579 896
95685 897
95792 899
95898 896
96006 891
96112 883
96218 871
96325 856
96431 836
96538 815
96644 790
96750 762
96857 732
96963 697
97071 662
97177 625
97283 587
97390 547
97496 511
97603 466
97709 425
97815 385
97922 346
98029 307
98136 270
98242 233
98348 198
98455 167
98561 138
98667 111
98774 91
98880 71
98988 53
99094 43
99201 33
99307 25
99413 23
99520 21
99626 25
99733 25
99839 27
99945 30
100053 30
100159 32
100266 34
100372 37
100478 39
100585 43
100691 46
100797 49
100904 51
101011 56
101118 61
101224 65
101331 70
101437 73
101543 78
101650 84
101756 89
101862 96
101969 102
102076 108
102183 112
102289 117
102395 126
102502 133
102608 140
102715 148
102821 158
102927 164
103035 171
103141 180
103248 188
103354 197
103460 206
103567 213
103673 223
103780 233
103886 240
103993 250
104100 259
104206 269
104313 278
104419 282
104525 298
104632 308
104738 318
104845 325
104951 338
105058 347
105165 358
105271 368
105378 379
105484 389
105590 398
105697 410
105803 421
105909 433
106017 442
106123 452
106230 464
106336 475
106442 487
106549 496
106655 506
106762 516
106868 528
106974 538
107082 548
107188 559
107295 569
107401 579
107507 588
107614 600
107720 609
107827 619
107933 629
108040 638
108147 647
108253 657
108360 668
108466 676
108572 687
108679 696
108785 703
108892 713
108999 720
109105 728
109212 737
109318 745
109425 754
109531 762
109637 768
109744 777
109850 784
109956 791
110064 799
110170 805
110277 811
110383 817
110489 824
110596 829
110702 833
110809 839
110915 844
111023 850
111129 854
111235 859
111342 861
111448 867
111554 870
111661 875
111767 878
111874 878
111980 882
112087 886
112194 887
112300 888
112407 889
112513 892
112619 895
112726 895
112832 895
112939 897
113046 898
113152 894
113259 889
113365 882
113472 869
113578 854
113684 836
113791 814
113897 788
114005 761
114111 730
114217 694
114324 660
114430 626
114537 586
114643 547
114749 504
114856 465
114962 423
115070 382
115176 345
115282 304
115389 267
115495 230
115601 199
115708 166
115814 136
115921 110
116028 86
116134 69
116241 53
116347 41
116454 31
116560 25
116666 22
116773 23
116879 25
116986 25
117093 26
117199 29
117306 31
117412 31
117519 35
117625 37
117731 41
117838 42
117944 45
118052 50
118158 53
118264 57
118371 60
118477 66
118584 69
118690 74
118796 78
118903 84
119010 89
119117 96
119223 101
119329 106
119436 114
119542 120
119648 127
119755 133
119861 141
119968 148
120075 156
120182 164
120288 172
120394 181
120501 189
120607 198
120713 203
120820 213
120926 223
121034 233
121140 242
121246 249
121353 260
121459 270
121566 283
121672 288
121778 299
121885 309
121992 318
122099 327
122205 338
122311 347
122418 359
122524 369
122631 380
122737 390
122843 400
122950 411
123057 422
123164 432
123270 445
123376 454
123483 465
123589 477
123695 487
123802 497
123908 507
124016 517
124122 529
124229 539
124335 549
124441 561
124548 569
124654 578
124760 591
124867 600
124973 609
125081 618
125187 629
125293 639
125400 648
125506 658
125613 668
125719 676
125825 685
125932 694
126039 703
126146 714
126252 721
126358 729
126465 739
126571 747
126678 754
126784 762
126890 771
126998 776
127104 784
127211 792
127317 798
127423 806
127530 811
127636 817
127743 823
127849 829
127955 833
128063 839
128169 844
128276 850
128382 854
128488 858
128595 862
128701 866
128807 871
128914 873
129021 876
129128 879
129234 883
129340 884
129447 887
129553 889
129660 890
129766 893
129872 894
129979 894
130086 896
130193 897
130299 899
130405 895
130512 889
130618 881
130725 869
130831 853
130937 834
131045 812
131151 786
131258 759
131364 726
131470 693
131577 658
131683 619
131790 582
131896 539
132003 502
132110 461
132216 421
132323 379
132429 341
132535 300
132642 264
132748 229
132854 196
132961 164
133068 133
133175 110
133281 88
133387 66
133494 44
133600 39
133707 29
133813 25
133919 22
134027 22
134133 24
134240 27
134346 27
134452 29
134559 32
134665 32
134772 34
134878 38
134984 40
135092 43
135198 46
135305 49
135411 53
135517 57
135624 60
135730 65
135837 70
135943 74
136050 80
136157 83
136263 95
136370 95
136476 101
136582 107
136689 113
136795 120
136902 128
137009 136
137115 142
137222 149
137328 157
137435 164
137541 172
137647 179
137754 189
137860 198
137966 206
138074 215
138180 224
138287 232
138393 241
138499 251
138606 261
138712 270
138819 279
138925 289
139033 300
139139 310
139245 320
139352 329
139458 339
139564 349
139671 359
139777 370
139884 381
139991 390
140097 401
140204 413
140310 423
140417 433
140523 444
140629 455
140736 464
140842 476
140949 487
141056 498
141162 509
141269 517
141375 530
141482 540
141588 550
141694 560
141801 570
141907 581
142015 590
142121 600
142227 610
142334 619
142440 631
142547 640
142653 646
142759 659
142866 668
142972 678
143080 688
143186 695
143292 704
143399 712
143505 723
143611 730
143718 738
143824 746
143931 754
144038 762
144144 771
144251 779
144357 785
144464 792
144570 798
144676 806
144783 812
144889 817
144997 824
145103 829
145209 835
145316 840
145422 844
145529 848
145635 854
145741 859
145848 862
145954 867
146062 871
146168 874
146274 876
146381 880
146487 881
146594 885
146700 887
146806 888
146913 888
147020 893
147127 894
147233 896
147339 896
147446 894
147552 898
147658 894
147765 890
147871 881
147978 868
148085 852
148191 833
148298 810
148404 784
148511 755
148617 723
148723 690
148830 655
148936 617
149044 578
149150 538
149256 499
149363 458
149469 417
149576 375
149682 336
149788 299
149895 261
150002 225
150109 192
150215 160
150321 132
150428 107
150534 86
150641 67
150747 51
150853 38
150960 30
151067 24
151174 22
151280 24
151386 24
151493 25
151599 28
151705 30
151812 31
151918 32
152026 34
152132 31
152239 40
152345 43
152451 45
152558 50
152664 54
152770 57
152877 62
152983 66
153090 69
153196 75
153303 80
153409 84
153515 91
153622 96
153728 102
153834 109
153941 115
154048 121
154155 128
154261 135
154367 141
154474 150
154580 157
154687 164
154793 171
154899 181
155007 189
155113 199
155220 207
155326 215
155432 224
155539 231
155645 243
155752 253
155858 262
155964 268
156072 280
156178 290
156285 299
156391 311
156497 318
156604 330
156710 339
156817 350
156923 360
157030 372
157137 381
157243 392
157350 400
157456 413
157562 424
157669 434
157775 445
157881 456
157989 466
158095 476
158202 488
158308 498
158415 510
158521 520
158627 530
158734 540
158840 551
158946 561
159054 571
159160 581
159267 590
159373 601
159479 611
159586 621
159692 631
159799 641
159905 649
160012 659
160119 669
160225 678
160332 687
160438 696
160544 705
160651 714
160757 723
160864 731
160970 740
161077 747
161184 754
161290 763
161397 770
161503 778
161609 785
161716 791
161822 798
161928 807
162036 812
162142 817
162249 823
162355 829
162462 835
162568 840
162674 846
162781 850
162887 855
162995 859
163101 862
163207 867
163314 871
163420 874
163526 877
163633 881
163739 882
163846 882
163952 887
164059 889
164166 890
164272 892
164379 894
164485 896
164591 895
164698 897
164804 898
164911 894
165018 888
165124 879
165231 867
165337 849
165444 836
165550 808
165656 782
165763 752
165869 723
165975 688
166083 652
166189 614
166296 576
166402 536
166509 497
166615 456
166721 414
166828 374
166934 334
167042 296
167148 259
167254 224
167361 191
167467 160
167573 131
167680 106
167786 84
167893 65
168000 49
168107 39
168213 31
168319 28
168426 23
168532 23
168638 23
168745 26
168851 27
168958 29
169065 30
169171 32
169278 36
169384 38
169491 40
169597 44
169703 46
169810 50
169916 55
170024 57
170130 63
170236 68
170343 70
170449 75
170556 81
170662 85
170768 88
170875 98
170981 103
171089 107
171195 115
171301 122
171408 128
171514 135
171620 142
171727 150
171833 157
171940 164
172047 172
172154 181
172260 190
172366 201
172473 208
172579 216
172685 225
172792 234
172898 243
173006 252
173112 263
173218 270
173325 281
173431 292
173538 301
173644 316
173750 321
173857 330
173963 340
174071 350
174177 361
174283 371
174390 381
174496 392
174603 402
174709 413
174815 423
174922 435
175029 445
175136 456
175242 466
175348 477
175455 488
175561 499
175667 509
175774 521
175880 530
175988 543
176094 551
176201 562
176307 571
176413 584
176520 595
176626 600
176733 610
176839 619
176945 630
177053 641
177159 652
177266 661
177372 670
177478 678
177585 688
177691 696
177797 704
177904 714
178011 722
178118 731
178224 740
178331 748
178437 756
178543 763
178650 772
178756 779
178862 785
178969 793
179076 800
179183 806
179289 817
179395 819
179502 824
179608 831
179715 836
179821 839
179927 845
180035 853
180141 856
180248 859
180354 864
180460 866
180567 870
180673 873
180780 877
180886 881
180993 883
181100 884
181206 887
181313 889
181419 887
181525 892
181632 895
181738 894
181845 895
181951 897
182058 897
182165 894
182271 889
182378 879
182484 865
182590 848
182697 830
182803 807
182909 782
183017 752
183123 719
183230 685
183336 649
183442 612
183549 574
183655 534
183762 494
183868 454
183974 413
184082 372
184188 333
184295 294
184401 258
184507 222
184614 188
184720 158
184827 130
184933 106
185040 82
185147 64
185253 48
185360 38
185466 29
185572 24
185679 22
185785 24
185892 25
185999 26
186105 28
186212 29
186318 31
186425 32
186531 35
186637 37
186744 39
186850 42
186956 45
187064 50
187170 53
187277 55
187383 62
187489 66
187596 71
187702 76
187809 79
187915 86
188023 92
188129 98
188235 103
188342 108
188448 116
188554 122
188661 129
188767 135
188874 143
188980 152
189087 159
189194 165
189300 174
189407 183
189513 189
189619 200
189726 208
189832 215
189939 226
190046 235
190152 243
190259 252
190365 264
190472 272
190578 283
190684 292
190791 302
190897 308
191005 322
191111 331
191217 339
191324 351
191430 362
191537 371
191643 382
191749 393
191856 404
191962 415
192070 425
192176 436
192282 446
192389 455
192495 470
192601 476
192708 488
192814 500
192921 510
193028 522
193134 531
193241 540
193347 552
193454 559
193560 571
193666 582
193773 592
193879 602
193986 611
194093 622
194199 632
194306 642
194412 650
194519 657
194625 669
194731 680
194838 688
194944 694
195052 705
195158 715
195264 723
195371 731
195477 740
195584 747
195690 756
195796 765
195903 772
196010 779
196117 786
196223 793
196329 800
196436 806
196542 813
196648 820
196755 825
196861 830
196968 836
197075 840
197182 846
197288 849
197394 855
197501 859
197607 864
197713 867
197820 879
197926 874
198034 877
198140 881
198246 883
198353 885
198459 887
198566 890
198672 891
198778 893
198885 894
198992 894
199099 897
199205 897
199311 900
199418 886
199524 888
199631 880
199737 865
199843 849
199950 829
200057 805
200164 779
200270 751
200376 717
200483 685
200589 646
200695 610
200802 573
200908 534
201016 492
201122 451
201229 408
201335 368
201441 330
201548 293
201654 255
201760 219
201867 185
201973 156
202081 127
202187 103
202293 88
202400 63
202506 50
202613 37
202719 30
202825 24
202932 25
203039 24
203146 25
203252 28
203358 27
203465 30
203571 31
203678 40
203784 36
203890 37
203998 41
204104 44
204211 50
204317 49
204423 54
204530 58
204636 63
204743 67
204849 71
204955 75
205063 80
205169 86
205276 90
205382 97
205488 104
205595 109
205701 115
205807 122
205914 129
206021 136
206128 144
206234 150
206340 160
206447 167
206553 175
206660 183
206766 192
206872 200
206979 208
207086 217
207193 225
207299 236
207405 244
207512 253
207618 262
207725 272
207831 283
207937 292
208045 302
208151 314
208258 322
208364 332
208470 343
208577 352
208683 362
208790 373
208896 383
209003 393
209110 404
209216 416
209323 425
209429 436
209535 447
209642 457
209748 470
209854 478
209961 490
210068 500
210175 512
210281 523
210387 531
210494 541
210600 553
210707 563
210813 573
210919 582
211027 592
211133 603
211240 613
211346 622
211452 632
211559 643
211665 651
211772 662
211878 671
211984 681
212092 689
212198 697
212305 707
212411 714
212517 723
212624 732
212730 740
212837 748
212943 756
213050 764
213157 754
213263 779
213370 787
213476 793
213582 801
213689 807
213795 812
213902 819
214009 825
214115 830
214222 837
214328 841
214435 846
214541 852
214647 855
214754 859
214860 864
214966 867
215074 870
215180 875
215287 878
215393 880
215499 883
215606 886
215712 887
215819 894
215925 890
216033 892
216139 893
216245 886
216352 896
216458 898
216564 898
216671 894
216777 885
216884 878
216991 864
217097 847
217204 827
217310 806
217417 773
217523 748
217629 715
217736 682
217842 646
217949 613
218056 570
218162 530
218269 489
218375 449
218482 406
218588 367
218694 328
218801 290
218907 253
219015 217
219121 186
219227 154
219334 126
219440 101
219547 81
219653 61
219759 48
219866 34
219972 31
220080 14
220186 22
220292 24
220399 25
220505 26
220611 24
220718 30
220824 31
220931 33
221038 36
221144 37
221251 41
221357 43
221464 45
221570 50
221676 54
221783 59
221889 62
221997 68
222103 71
222209 76
222316 82
222422 85
222529 91
222635 98
222741 103
222848 110
222954 116
223062 123
223168 130
223274 137
223381 149
223487 153
223594 158
223700 167
223806 175
223913 183
224020 191
224127 202
224233 210
224339 223
224446 227
224552 235
224658 245
224765 254
224871 261
224978 272
225085 283
225191 292
225298 303
225404 312
225511 322
225617 333
225723 343
225830 352
225936 362
226044 372
226150 383
226256 394
226363 405
226469 421
226576 423
226682 437
226788 447
226895 460
227002 476
227109 479
227215 490
227321 500
227428 511
227534 522
227641 532
227747 543
227853 554
227960 562
228067 574
228174 583
228280 594
228386 604
228493 610
228599 623
228705 632
228812 642
228918 651
229026 662
229132 672
229239 680
229345 689
229451 698
229558 707
229664 716
229770 725
229877 733
229983 741
230090 749
230196 758
230303 766
230409 772
230515 779
230622 787
230728 794
230834 801
230941 808
231048 813
231155 820
231261 828
231367 832
231474 836
231580 841
231687 846
231793 856
231899 855
232007 859
232113 865
232220 867
232326 872
232432 875
232539 877
232645 881
232752 883
232858 886
232964 888
233072 889
233178 891
233285 892
233391 892
233497 895
233604 896
233710 898
233817 899
233923 894
234030 887
234137 877
234243 863
234350 847
234456 827
234562 803
234669 776
234775 747
234881 715
234989 680
235095 643
235202 607
235308 568
235415 529
235521 488
235627 446
235734 405
235840 365
235946 327
236054 289
236160 251
236267 216
236373 184
236479 153
236586 126
236692 100
236799 79
236905 60
237012 46
237119 37
237225 29
237332 22
237438 22
237544 22
237651 25
237757 26
237864 28
237970 29
238077 31
238184 33
238290 34
238397 37
238503 41
238609 44
238716 47
238822 52
238928 56
239036 57
239142 62
239249 67
239355 71
239462 76
239568 81
239674 86
239781 92
239887 98
239995 104
240101 110
240207 115
240314 129
240420 131
240526 137
240633 144
240739 152
240846 159
240952 167
241059 176
241166 186
241272 192
241379 200
241485 209
241591 220
241698 228
241804 236
241911 244
242018 245
242124 263
242231 274
242337 283
242444 292
242550 302
242656 314
242763 323
242869 325
242975 343
243083 352
243189 362
243296 374
243402 384
243509 394
243615 405
243721 415
243828 426
243934 438
244042 448
244148 459
244254 468
244361 480
244467 491
244573 501
244680 511
244786 523
244893 534
245000 544
245107 554
245213 564
245319 574
245426 583
245532 594
245638 603
245745 613
245851 624
245958 633
246065 643
246171 653
246278 662
246384 671
246491 680
246597 690
246703 698
246810 707
246916 715
247024 726
247130 733
247236 741
247343 750
247449 757
247556 766
247662 772
247768 787
247875 786
247981 794
248089 802
248195 807
248301 812
248408 820
248514 825
248620 831
248727 837
248833 839
248940 845
249047 850
249154 856
249260 860
249366 863
249473 868
249579 870
249685 874
249792 877
249898 880
250006 883
250112 887
250218 888
250325 889
250431 890
250538 893
250644 893
250750 896
250857 897
250963 898
251071 897
251177 892
251283 888
251390 877
251496 863
251603 846
251709 824
251815 802
251922 775
252029 746
252136 712
252242 677
252348 642
252455 605
252561 566
252667 526
252774 485
252880 444
252988 404
253094 363
253201 323
253307 286
253413 250
253520 214
253626 182
253733 151
253839 123
253945 98
254053 82
254159 61
254266 47
254372 36
254478 26
254585 21
254691 23
254797 23
254904 26
255011 25
255118 32
255224 29
255331 31
255437 34
255543 37
255650 38
255756 40
255862 44
255969 55
256076 51
256183 55
256289 58
256395 63
256502 68
256608 73
256715 77
256821 80
256927 88
257035 93
257141 99
257248 104
257354 111
257460 116
257567 129
257673 130
257780 138
257886 144
257993 152
258100 160
258206 167
258313 173
258419 184
258525 193
258632 202
258738 209
258845 219
258951 227
259058 237
259165 244
259271 254
259378 265
259484 275
259590 286
259697 294
259803 304
259909 315
260017 324
260123 333
260230 343
260336 353
260442 364
260549 374
260655 385
260762 394
260868 406
260974 417
261082 430
261188 438
261295 449
261401 460
261507 469
261614 482
261720 491
261827 502
261933 513
262040 523
262147 535
262253 544
262360 555
262466 564
262572 575
262679 584
262785 595
262892 604
262999 614
263105 624
263212 635
263318 644
263425 653
263531 663
263637 672
263744 681
263850 690
263956 699
264064 709
264170 716
264277 726
264383 734
264489 744
264596 752
264702 759
264809 765
264915 774
265023 781
265129 788
265235 795
265342 802
265448 807
265554 813
265661 821
265767 826
265874 831
265980 837
266087 842
266194 847
266300 851
266407 856
266513 860
266619 864
266726 868
266832 872
266939 874
267046 878
267152 881
267259 884
267365 885
267472 888
267578 890
267684 891
267791 893
267897 895
268005 896
268111 898
268217 898
268324 898
268430 893
268537 886
268643 876
268749 862
268856 844
268962 823
269070 799
269176 772
269282 742
269389 709
269495 673
269601 639
269708 601
269814 563
269921 523
270028 480
270134 440
270241 399
270347 359
270454 320
270560 282
270666 246
270773 212
270879 179
270986 147
271093 122
271199 96
271306 77
271412 60
271519 45
271625 37
271731 27
271838 22
271944 22
272052 23
272158 24
272264 27
272371 28
272477 29
272584 33
272690 33
272796 36
272903 39
273010 41
273117 45
273223 48
273329 51
273436 55
273542 58
273648 62
273755 68
273861 72
273968 76
274075 81
274182 87
274288 94
274394 99
274501 104
274607 112
274713 116
274820 124
274926 131
275034 138
275140 145
275246 153
275353 160
275459 168
275566 177
275672 183
275778 194
275885 202
275992 210
276099 220
276205 229
276311 237
276418 245
276524 255
276631 265
276737 275
276843 285
276950 295
277057 306
277164 314
277270 324
277376 335
277483 344
277589 355
277695 365
277802 377
277908 384
278016 395
278122 406
278229 417
278335 430
278441 439
278548 447
278654 460
278760 472
278867 482
278973 493
279081 504
279187 513
279293 525
279400 535
279506 546
279613 556
279719 565
279825 576
279932 585
280039 597
280146 607
280252 616
280358 624
280465 636
280571 644
280678 651
280784 664
280890 673
280998 684
281104 692
281211 700
281317 708
281423 717
281530 725
281636 735
281743 743
281849 751
281955 760
282063 766
282169 774
282276 782
282382 789
282488 795
282595 801
282701 808
282807 815
282914 821
283021 828
283128 832
283234 838
283340 843
283447 847
283553 853
283660 857
283766 861
283872 865
283979 868
284086 872
284193 873
284299 878
284405 880
284512 884
284618 886
284725 888
284831 889
284937 891
285045 893
285151 895
285258 896
285364 896
285470 898
285577 897
285683 892
285790 886
285896 874
286003 861
286110 842
286216 823
286323 799
286429 770
286535 740
286642 707
286748 673
286854 636
286961 597
287068 559
287175 519
287281 478
287387 438
287494 393
287600 355
287707 318
287813 280
287919 246
288027 209
288133 176
288240 145
288346 119
288452 98
288559 77
288665 58
288772 44
288878 34
288984 26
289092 21
289198 23
289305 24
289411 24
289517 25
289624 29
289730 29
289837 31
289943 32
290050 35
290157 37
290263 42
290370 44
290476 48
290582 51
290689 55
290795 58
290902 63
291009 67
291115 71
291222 77
291328 85
291435 80
291541 103
291647 99
291754 105
291860 111
291966 118
292074 124
292180 131
292287 139
292393 145
292499 154
292606 161
292712 168
292819 175
292925 185
293033 193
293139 202
293245 211
293352 220
293458 227
293564 237
293671 247
293777 256
293884 265
293991 276
294097 285
294204 295
294310 305
294417 316
294523 326
294629 335
294736 346
294842 355
294949 365
295056 375
295162 386
295269 395
295375 407
295482 418
295588 429
295694 440
295801 450
295907 460
296015 474
296121 482
296227 493
296334 504
296440 515
296547 524
296653 536
296759 545
296866 556
296972 566
297080 576
297186 585
297292 594
297399 607
297505 615
297611 626
297718 635
297824 645
297931 654
298038 665
298144 672
298251 683
298357 692
298464 700
298570 709
298676 716
298783 726
298889 735
298997 743
299103 751
299209 757
299316 766
299422 775
299529 782
299635 789
299741 795
299848 801
299954 809
300062 815
300168 820
300274 828
300381 832
300487 838
300594 842
300700 848
300806 852
300913 856
301020 861
301127 865
301233 870
301339 871
301446 877
301552 878
301658 881
301765 886
301871 887
301978 888
302085 890
302191 889
302298 894
302404 895
302511 896
302617 897
302723 897
302830 897
302936 892
303044 884
303150 874
303256 859
303363 843
303469 819
303576 800
303682 768
303788 739
303895 705
304002 671
304109 634
304215 596
304321 557
304428 517
304534 476
304641 436
304747 395
304853 354
304960 316
305067 277
305174 241
305280 206
305386 175
305493 144
305599 116
305705 95
305812 72
305918 57
306026 44
306132 33
306239 26
306345 22
306451 23
306558 22
306664 25
306770 27
306877 28
306983 31
307090 31
307196 33
307303 36
307409 39
307515 42
307622 45
307728 47
307834 51
307941 53
308048 58
308155 64
308261 71
308367 72
308474 78
308580 82
308687 88
308793 94
308899 99
309007 105
309113 112
309220 119
309326 125
309432 133
309539 138
309645 146
309752 155
309858 161
309964 171
310072 178
310178 187
310285 195
310391 204
310497 212
310604 219
310710 229
310817 240
310923 247
311030 257
311137 267
311243 277
311350 286
311456 296
311562 307
311669 314
311775 324
311881 335
311989 347
312095 355
312202 367
312308 377
312415 386
312521 396
312627 407
312734 418
312840 429
312946 439
313054 449
313160 462
313267 471
313373 483
313479 493
313586 504
313692 515
313799 526
313905 536
314012 546
314119 556
314225 567
314332 576
314438 587
314544 595
314651 607
314757 617
314864 626
314970 636
315077 647
315184 656
315290 664
315397 674
315503 684
315609 691
315716 700
315822 710
315928 718
316036 727
316142 736
316249 745
316355 751
316462 759
316568 768
316674 775
316781 783
316887 789
316995 794
317101 802
317207 810
317314 816
317420 822
317526 827
317633 832
317739 838
317846 844
317952 848
318059 853
318166 856
318272 863
318379 865
318485 869
318591 874
318698 875
318804 879
318911 881
319018 884
319124 887
319231 889
319337 887
319444 891
319550 892
319656 894
319763 899
319869 916
319975 898
320083 897
320189 892
320296 884
320402 873
320509 859
320615 841
320721 819
320828 795
320934 768
321042 735
321148 703
321254 669
321361 631
321467 596
321573 555
321680 515
321786 475
321893 434
322000 391
322107 353
322213 314
322319 276
322426 239
322532 206
322638 172
322745 144
322851 117
322958 93
323065 71
323171 57
323278 42
323384 33
323491 26
323597 22
323703 24
323810 24
323916 23
324024 28
324130 30
324236 30
324343 32
324449 34
324556 36
324662 39
324768 41
324875 44
324981 48
325089 52
325195 55
325301 62
325408 63
325514 73
325620 72
325727 78
325833 82
325940 88
326047 94
326154 99
326260 115
326366 112
326473 118
326579 126
326685 132
326792 142
326898 146
327006 154
327112 163
327218 170
327325 177
327431 186
327538 195
327644 203
327750 212
327857 221
327963 229
328071 239
328177 248
328283 258
328390 266
328496 276
328603 286
328709 296
328815 305
328922 314
329029 325
329136 336
329242 347
329348 356
329455 367
329561 376
329667 385
329774 398
329880 408
329988 419
330094 429
330201 441
330307 452
330413 463
330520 472
330626 484
330733 495
330839 505
330945 516
331053 526
331159 537
331266 547
331372 556
331478 567
331585 577
331691 565
331797 597
331904 607
332011 618
332118 628
332224 636
332331 646
332437 656
332543 666
332650 675
332756 683
332862 693
332969 701
333076 710
333183 718
333289 727
333395 736
333502 745
333608 752
333715 761
333821 768
333927 775
334035 784
334141 788
334248 796
334354 803
334460 811
334567 816
334673 822
334780 827
334886 833
334993 839
335100 844
335206 848
335313 852
335419 858
335525 860
335632 865
335738 868
335845 872
335951 876
336058 878
336165 881
336271 884
336378 887
336484 887
336590 891
336697 892
336803 893
336909 895
337017 896
337123 896
337230 899
337336 897
337442 888
337549 883
337655 872
337762 859
337868 840
337974 818
338082 794
338188 767
338295 735
338401 702
338507 667
338614 630
338720 592
338827 554
338933 513
339040 471
339147 430
339253 389
339360 349
339466 310
339572 274
339679 236
339785 203
339892 171
339999 141
340105 115
340212 91
340318 72
340425 54
340531 44
340637 33
340744 27
340850 21
340956 23
341064 24
341170 24
341277 27
341383 28
341489 29
341596 33
341702 34
341809 37
341915 39
342023 43
342129 42
342235 48
342342 52
342448 56
342554 60
342661 64
342767 69
342874 73
342980 79
343087 83
343194 89
343300 94
343407 100
343513 107
343619 113
343726 119
343832 126
343939 133
344046 139
344152 148
344259 155
344365 162
344472 170
344578 179
344684 187
344791 194
344897 204
345005 214
345111 221
345217 231
345324 239
345430 248
345537 259
345643 267
345749 277
345856 286
345962 298
346070 307
346176 316
346282 326
346389 341
346495 347
346601 357
346708 368
346814 376
346921 388
347028 398
347134 409
347241 419
347347 430
347454 441
347560 452
347666 462
347773 473
347879 484
347986 494
348093 506
348199 516
348306 525
348412 539
348519 549
348625 558
348731 568
348838 578
348944 588
349052 605
349158 607
349264 617
349371 628
349477 636
349584 646
349690 647
349796 666
349903 675
350010 684
350117 700
350223 702
350329 711
350436 719
350542 729
350648 736
350755 745
350861 753
350968 762
351075 768
351182 776
351288 783
351394 790
351501 797
351607 804
351713 810
351820 816
351926 821
352034 826
352140 832
352246 839
352353 843
352459 849
352566 853
352672 857
352778 862
352885 865
352992 870
353099 873
353205 876
353311 877
353418 882
353524 886
353631 884
353737 888
353843 891
353950 892
354057 893
354164 895
354270 896
354376 897
354483 899
354589 897
354695 891
354802 883
354908 873
355016 857
355122 839
355229 817
355335 791
355441 756
355548 732
355654 700
355760 665
355867 628
355973 594
356081 551
356187 508
356293 472
356400 429
356506 387
356613 348
356719 310
356825 272
356932 237
357039 201
357146 170
357252 142
357358 114
357465 92
357571 72
357678 55
357784 42
357890 30
357998 24
358104 22
358211 24
358317 29
358423 26
358530 26
358636 28
358743 31
358849 32
358955 34
359063 36
359169 40
359276 42
359382 44
359488 49
359595 52
359701 56
359807 60
359914 64
360021 69
360128 76
360234 79
360340 84
360447 89
360553 94
360660 100
360766 105
360872 113
360979 120
361086 127
361193 133
361299 140
361405 146
361512 154
361618 162
361725 170
361831 180
361937 188
362045 195
362151 205
362258 214
362364 222
362470 231
362577 240
362683 249
362790 257
362896 260
363003 278
363110 287
363216 298
363323 301
363429 318
363535 328
363642 337
363748 347
363854 358
363961 368
364068 377
364175 389
364281 398
364387 410
364494 421
364600 431
364707 442
364813 450
364919 464
365027 474
365133 484
365240 496
365346 505
365452 516
365559 528
365665 538
365772 548
365878 558
365984 568
366092 579
366198 589
366305 597
366411 608
366517 628
366624 627
366730 638
366837 647
366943 657
367050 666
367157 676
367263 685
367370 693
367476 700
367582 711
367689 720
367795 728
367902 737
368009 744
368115 754
368222 761
368328 767
368435 776
368541 782
368647 791
368754 798
368860 804
368966 811
369074 816
369180 821
369287 827
369393 834
369499 838
369606 844
369712 849
369819 853
369925 858
370033 863
370139 867
370245 869
370352 872
370458 876
370564 879
370671 882
370777 884
370884 890
370991 894
371097 890
371204 892
371310 894
371417 897
371523 896
371629 898
371736 898
371842 897
371949 891
372056 881
372162 871
372269 856
372375 837
372482 816
372588 790
372694 762
372801 732
372907 697
373015 663
373121 624
373227 586
373334 549
373440 508
373547 468
373653 426
373759 381
373866 347
373972 306
374080 269
374186 235
374292 201
374399 168
374505 138
374611 114
374718 90
374824 71
374931 54
375038 41
375144 32
375251 25
375357 20
375464 18
375570 24
375676 22
375783 28
375889 29
375997 30
376103 26
376209 34
376316 37
376422 39
376529 42
376635 45
376741 49
376848 51
376954 57
377062 60
377168 64
377274 69
377381 74
377487 78
377594 84
377700 89
377806 95
377913 99
378020 108
378127 114
378233 119
378339 124
378446 134
378552 140
378658 148
378765 157
378871 162
378978 170
379085 179
379191 192
379298 196
379404 205
379511 212
379617 222
379723 232
379830 240
379936 249
380044 259
380150 269
380256 281
380363 290
380469 298
380576 308
380682 319
380788 327
380895 338
381002 350
381109 358
381215 368
381321 379
381428 389
381534 399
381641 411
381747 420
381853 432
381960 443
382067 453
382174 464
382280 474
382386 485
382493 496
382599 507
382705 518
382812 529
382918 537
383026 548
383132 559
383239 569
383345 578
383451 589
383558 599
383664 606
383770 620
383877 630
383983 638
384090 647
384196 658
384303 668
384409 676
384515 689
384622 693
384728 703
384834 712
384941 726
385048 729
385155 737
385261 746
385367 754
385474 761
385580 769
385687 776
385793 784
385899 791
386007 797
386113 803
386220 811
386326 815
386432 823
386539 829
386645 834
386752 840
386858 844
386964 848
387072 854
387178 858
387285 862
387391 865
387497 869
387604 876
387710 876
387817 879
387923 883
388030 884
388137 886
388243 888
388350 890
388456 892
388562 894
388669 895
388775 895
388881 897
388989 899
389095 897
389202 889
389308 882
389415 871
389521 854
389627 835
389734 813
389840 789
389946 759
390054 728
390160 695
390267 660
390373 622
390479 586
390586 546
390692 506
390799 465
390905 423
391012 381
391119 342
391225 304
391332 264
391438 232
391544 197
391651 165
391757 137
391864 111
391970 86
392077 67
392184 53
392290 41
392397 31
392503 26
392609 21
392716 22
392822 21
392928 26
393036 27
393142 29
393249 30
393355 33
393462 35
393568 39
393674 48
393781 42
393887 46
393995 48
394101 54
394207 58
394314 61
394420 64
394526 70
394633 74
394739 80
394846 84
394952 87
395059 95
395166 102
395272 107
395379 113
395485 120
395591 129
395698 134
395804 143
395911 151
396018 156
396124 163
396231 172
396337 180
396444 189
396550 197
396656 205
396763 215
396869 222
396975 232
397083 241
397189 250
397296 259
397402 269
397509 280
397615 289
397721 298
397828 308
397934 319
398042 330
398148 338
398254 349
398361 358
398467 374
398573 380
398680 389
398786 400
398893 410
399000 420
399107 432
399213 443
399319 454
399426 465
399532 475
399638 486
399745 498
399851 509
399958 519
400065 529
400171 541
400278 549
400384 559
400491 569
400597 578
400703 589
400810 599
400916 609
401024 619
401130 634
401236 638
401343 649
401449 659
401556 668
401662 677
401768 686
401875 695
401981 704
402089 713
402195 722
402301 730
402408 737
402514 746
402620 757
402727 762
402833 770
402940 777
403047 783
403154 791
403260 797
403366 805
403473 810
403579 817
403685 823
403792 827
403898 834
404006 839
404112 844
404218 850
404325 854
404431 857
404538 863
404644 863
404750 870
404857 874
404963 877
405071 880
405177 882
405283 884
405390 886
405496 887
405603 891
405709 892
405815 894
405922 895
406029 896
406136 897
406242 898
406348 894
406455 890
406561 881
406667 869
406774 853
406880 834
406988 813
407094 787
407201 757
407307 728
407413 692
407520 658
407626 620
407733 581
407839 541
407945 504
408053 461
408159 419
408266 379
408372 340
408478 302
408585 263
408691 228
408797 195
408904 164
409011 134
409118 108
409224 87
409331 68
409437 51
409543 39
409650 19
409756 24
409862 21
409969 23
410076 24
410183 29
410289 29
410395 29
410502 31
410608 32
410715 35
410821 37
410927 40
411035 41
411141 45
411248 49
411354 54
411460 59
411567 58
411673 65
411780 70
411886 76
411993 79
412100 86
412206 90
412313 94
412419 101
412525 108
412632 113
412738 120
412845 128
412951 133
413058 141
413165 144
413271 156
413378 164
413484 173
413590 180
413697 189
413803 196
413909 206
414017 215
414123 223
414230 232
414336 242
414442 250
414549 261
414655 270
414762 277
414868 291
414974 298
415082 309
415188 319
415295 330
415401 339
415507 349
415614 359
415720 370
415827 380
415933 391
416040 401
416147 410
416253 422
416360 433
416466 441
416572 455
416679 464
416785 475
416892 486
416999 499
417105 508
417212 519
417318 528
417425 541
417531 549
417637 560
417744 570
417850 578
417956 590
418064 601
418170 610
418277 620
418383 630
418489 639
418596 649
418702 659
418809 668
418915 675
419023 686
419129 695
419235 704
419342 713
419448 722
419554 730
419661 739
419767 747
419874 755
419980 762
420087 768
420194 776
420300 785
420407 792
420513 798
420619 806
420726 811
420832 818
420939 824
421046 829
421152 833
421259 838
421365 844
421472 850
421578 854
421684 858
421791 869
421897 866
422005 871
422111 874
422217 877
422324 880
422430 883
422537 885
422643 887
422749 888
422856 891
422962 891
423070 893
423176 895
423282 896
423389 889
423495 899
423601 895
423708 889
423814 884
423921 870
424028 853
424134 833
424241 811
424347 786
424454 756
424560 725
424666 690
424773 656
424879 619
424986 580
425093 540
425199 501
425306 459
425412 416
425519 377
425625 339
425731 300
425838 261
425944 227
426052 193
426158 162
426264 133
426371 107
426477 85
426584 67
426690 52
426796 40
426903 31
427010 24
427117 22
427223 28
427329 25
427436 25
427542 27
427648 28
427755 31
427861 33
427968 36
428075 38
428182 42
428288 43
428394 46
428501 47
428607 55
428713 56
428820 62
428926 66
429034 70
429140 76
429246 80
429353 84
429459 91
429566 96
429672 102
429778 109
429885 114
429992 122
430099 128
430205 137
430311 157
430418 149
430524 157
430631 166
430737 173
430843 174
430950 189
431057 197
431164 207
431270 216
431376 228
431483 233
431589 244
431695 252
431802 261
431908 271
432016 281
432122 289
432229 299
432335 310
432441 318
432548 330
432654 340
432760 349
432867 361
432973 369
433081 381
433187 391
433293 402
433400 412
433506 422
433613 432
433719 444
433825 455
433932 465
434039 476
434146 488
434252 498
434358 512
434465 519
434571 530
434678 540
434784 550
434890 562
434998 570
435104 579
435211 591
435317 600
435423 611
435530 621
435636 629
435743 640
435849 650
435955 659
436063 669
436169 678
