48 908
154 907
260 907
367 906
473 907
580 907
686 908
792 909
899 907
1006 904
1113 907
1219 908
1325 908
1432 909
1538 908
1645 906
1751 908
1857 906
1964 907
2071 907
2178 908
2284 907
2390 907
2497 907
2603 907
2709 908
2816 907
2922 906
3030 911
3136 907
3243 907
3349 907
3455 905
3562 907
3668 907
3774 907
3881 907
3988 906
4095 908
4201 908
4307 905
4414 907
4520 907
4627 906
4733 907
4839 908
4946 907
5053 908
5160 907
5266 907
5372 907
5479 907
5585 907
5692 908
5798 908
5904 907
6012 907
6118 905
6225 909
6331 907
6437 902
6544 907
6650 907
6757 908
6863 907
6969 908
7077 908
7183 910
7290 908
7396 907
7502 908
7609 908
7715 907
7821 908
7928 907
8035 909
8142 907
8248 908
8354 906
8461 908
8567 907
8674 907
8780 908
8886 907
8994 907
9100 907
9207 910
9313 911
9419 907
9526 906
9632 907
9739 907
9845 910
9951 907
10059 906
10165 908
10272 908
10378 907
10484 909
10591 907
10697 908
10804 907
10910 906
11017 907
11124 908
11230 907
11337 908
11443 908
11549 907
11656 907
11762 907
11868 908
11975 908
12082 907
12189 909
12295 906
12401 907
12508 904
12614 70
12721 71
12827 71
12933 69
13041 70
13147 70
13254 71
13360 70
13466 70
13573 70
13679 69
13786 71
13892 71
13999 69
14106 69
14212 69
14319 70
14425 70
14531 70
14638 71
14744 69
14851 70
14957 73
15064 71
15171 70
15277 68
15384 70
15490 70
15596 70
15703 70
15809 70
15915 70
16023 70
16129 69
16236 906
16342 907
16449 908
16555 907
16661 907
16768 908
16874 908
16980 907
17088 907
17194 907
17301 908
17407 908
17513 906
17620 908
17726 907
17833 908
17939 907
18046 907
18153 907
18259 908
18366 908
18472 907
18578 907
18685 907
18791 907
18898 908
19005 908
19111 908
19218 907
19324 908
19431 907
19537 907
19643 908
19750 907
19856 909
19962 907
20070 907
20176 907
20283 896
20389 907
20496 907
20602 908
20708 906
20815 908
20921 909
21029 907
21135 907
21241 907
21348 907
21454 908
21560 906
21667 907
21773 907
21880 908
21988 907
22095 909
22201 908
22307 907
22414 907
22520 909
22627 908
22733 907
22839 908
22946 907
23053 907
23160 905
23266 908
23372 908
23479 908
23585 907
23692 906
23798 908
23904 908
24012 907
24118 908
24225 907
24331 907
24437 907
24544 907
24650 907
24757 908
24863 909
24969 908
25077 906
25183 907
25290 907
25396 908
25502 907
25609 907
25715 908
25821 908
25928 908
26035 907
26142 907
26248 907
26354 905
26461 906
26567 908
26674 907
26780 908
26886 907
26994 908
27100 907
27207 910
27313 907
27419 907
27526 908
27632 907
27739 906
27845 907
27951 907
28059 908
28165 908
28272 907
28378 907
28484 908
28591 907
28697 907
28804 906
28910 909
29017 907
29124 908
29230 907
29337 908
29443 907
29549 907
29656 908
29762 908
29868 69
29975 67
30082 70
30189 69
30295 70
30401 70
30508 65
30614 70
30721 71
30827 70
30933 69
31041 69
31147 70
31254 70
31360 68
31466 71
31573 70
31679 70
31786 71
31892 71
31999 69
32106 59
32212 70
32319 70
32425 72
32531 71
32638 70
32744 69
32851 70
32957 69
33064 70
33171 73
33277 70
33384 71
33490 908
33596 907
33703 907
33809 908
33915 908
34023 907
34129 908
34236 906
34342 907
34449 908
34555 909
34661 907
34768 907
34874 908
34980 908
35088 907
35194 907
35301 907
35407 908
35513 908
35620 907
35726 907
35833 907
35939 907
36046 909
36153 913
36259 908
36366 907
36472 906
36578 907
36685 907
36791 906
36898 909
37005 907
37111 907
37218 906
37324 906
37431 919
37537 908
37643 906
37750 908
37856 908
37962 907
38070 907
38176 907
38283 906
38389 907
38496 908
38602 907
38708 907
38815 907
38921 907
39029 905
39135 907
39241 906
39348 907
39454 908
39560 908
39667 908
39773 908
39880 907
39988 908
40095 908
40201 908
40307 907
40414 907
40520 907
40627 908
40733 908
40839 907
40946 908
41053 907
41160 907
41266 907
41372 907
41479 908
41585 908
41692 907
41798 908
41904 907
42012 907
42118 908
42225 907
42331 906
42437 907
42544 908
42650 909
42757 908
42863 906
42969 907
43077 907
43183 908
43290 910
43396 907
43502 908
43609 908
43715 906
43821 900
43928 907
44035 905
44142 908
44248 908
44354 908
44461 907
44567 907
44674 907
44780 908
44886 908
44994 907
45100 908
45207 907
45313 909
45419 907
45526 908
45632 908
45739 907
45845 907
45951 903
46059 908
46165 907
46272 907
46378 907
46484 908
46591 908
46697 909
46804 906
46910 907
47017 908
47124 70
47230 70
47337 70
47443 69
47549 70
47656 73
47762 70
47868 70
47975 69
48082 61
48189 70
48295 70
48401 70
48508 70
48614 71
48721 70
48827 71
48933 70
49041 70
49147 70
49254 70
49360 70
49466 69
49573 71
49679 70
49786 69
49892 69
49999 70
50106 70
50212 70
50319 68
50425 70
50531 70
50638 71
50744 907
50851 907
50957 907
51064 906
51171 908
51277 908
51384 907
51490 907
51596 907
51703 908
51809 907
51915 907
52023 906
52129 907
52236 907
52342 908
52449 908
52555 907
52661 907
52768 909
52874 908
52980 907
53088 907
53194 908
53301 910
53407 908
53513 909
53620 908
53726 907
53833 905
53939 907
54046 908
54153 908
54259 908
54366 907
54472 908
54578 908
54685 906
54791 908
54898 906
55005 907
55111 908
55218 908
55324 907
55431 907
55537 907
55643 908
55750 907
55856 907
55962 907
56070 907
56176 907
56283 907
56389 908
56496 906
56602 906
56708 907
56815 907
56921 908
57029 906
57135 908
57241 907
57348 907
57454 907
57560 907
57667 906
57773 907
57880 907
57988 907
58095 907
58201 907
58307 907
58414 907
58520 908
58627 907
58733 906
58839 907
58946 907
59053 908
59160 907
59266 907
59372 906
59479 907
59585 908
59692 907
59798 907
59904 907
60012 907
60118 890
60225 908
60331 907
60437 908
60544 908
60650 907
60757 906
60863 907
60969 909
61077 908
61183 907
61290 908
61396 908
61502 908
61609 907
61715 909
61821 906
61928 906
62035 907
62142 907
62248 907
62354 907
62461 908
62567 908
62674 907
62780 907
62886 907
62994 907
63100 907
63207 908
63313 914
63419 909
63526 907
63632 907
63739 908
63845 908
63951 905
64059 908
64165 908
64272 907
64378 71
64484 70
64591 70
64697 70
64804 71
64910 69
65017 70
65124 71
65230 70
65337 73
65443 70
65549 69
65656 70
65762 70
65868 71
65975 70
66082 71
66189 70
66295 70
66401 69
66508 73
66614 71
66721 70
66827 70
66933 79
67041 70
67147 70
67254 71
67360 70
67466 71
67573 70
67679 69
67786 69
67892 909
67999 908
68106 905
68212 908
68319 907
68425 906
68531 900
68638 907
68744 907
68851 908
68957 908
69064 906
69171 907
69277 906
69384 907
69490 908
69596 907
69703 907
69809 907
69915 907
70023 905
70129 906
70236 906
70342 907
70449 908
70555 907
70661 908
70768 908
70874 907
70980 907
71088 907
71194 908
71301 908
71407 908
71513 909
71620 907
71726 907
71833 907
71939 908
72046 907
72153 906
72259 907
72366 907
72472 908
72578 908
72685 907
72791 908
72898 907
73005 908
73111 908
73218 908
73324 908
73431 911
73537 908
73643 907
73750 908
73856 905
73962 907
74070 908
74176 909
74283 909
74389 907
74496 908
74602 907
74708 909
74815 907
74921 907
75029 907
75135 907
75241 908
75348 907
75454 906
75560 907
75667 906
75773 907
75880 905
75988 908
76095 907
76201 907
76307 907
76414 907
76520 908
76627 907
76733 907
76839 907
76946 907
77053 910
77160 907
77266 907
77372 907
77479 908
77585 912
77692 908
77798 907
77904 907
78012 907
78118 907
78225 907
78331 908
78437 906
78544 908
78650 908
78757 908
78863 908
78969 905
79077 906
79183 908
79290 908
79396 907
79502 908
79609 906
79715 904
79821 908
79928 908
80035 905
80142 908
80248 907
80354 908
80461 908
80567 907
80674 907
80780 906
80886 908
80994 907
81100 908
81207 908
81313 908
81419 908
81526 908
81632 70
81739 70
81845 70
81951 70
82059 70
82165 71
82272 71
82378 70
82484 69
82591 71
82697 69
82804 69
82910 70
83017 70
83124 69
83230 71
83337 70
83443 70
83549 69
83656 69
83762 69
83868 70
83975 70
84082 70
84189 69
84295 70
84401 71
84508 76
84614 71
84721 70
84827 68
84933 71
85041 70
85147 909
85254 908
85360 907
85466 907
85573 908
85679 908
85786 908
85892 907
85999 907
86106 901
86212 907
86319 907
86425 908
86531 908
86638 913
86744 908
86851 908
86957 907
87064 907
87171 905
87277 907
87384 908
87490 908
87596 907
87703 908
87809 908
87915 907
88023 907
88129 907
88236 907
88342 907
88449 908
88555 907
88661 908
88768 907
88874 907
88980 906
89088 908
89194 908
89301 907
89407 907
89513 907
89620 908
89726 908
89833 907
89939 907
90046 908
90153 907
90259 906
90366 908
90472 907
90578 907
90685 907
90791 907
90898 907
91005 907
91111 907
91218 908
91324 907
91431 904
91537 907
91643 907
91750 908
91856 908
91962 907
92070 908
92176 907
92283 907
92389 907
92496 908
92602 908
92708 907
92815 908
92921 907
93029 907
93135 908
93241 909
93348 907
93454 908
93560 908
93667 907
93773 908
93880 906
93988 907
94095 908
94201 908
94307 906
94414 907
94520 908
94627 908
94733 909
94839 909
94946 908
95053 908
95160 907
95266 907
95372 907
95479 908
95585 907
95692 907
95798 908
95904 908
96012 907
96118 908
96225 907
96331 907
96437 907
96544 908
96650 906
96757 907
96863 908
96969 907
97077 907
97183 907
97290 907
97396 907
97502 908
97609 908
97715 906
97821 908
97928 907
98035 907
98142 908
98248 907
98354 907
98461 908
98567 908
98674 907
98780 907
98886 70
98994 71
99100 69
99207 70
99313 71
99419 71
99526 70
99632 70
99739 71
99845 67
99951 69
100059 70
100165 69
100272 70
100378 71
100484 70
100591 70
100697 70
100804 70
100910 70
101017 70
101124 70
101230 69
101337 71
101443 68
101549 70
101656 77
101762 69
101868 70
101975 69
102082 70
102189 70
102295 70
102401 909
102508 906
102614 907
102721 908
102827 911
102933 908
103041 907
103147 907
103254 907
103360 908
103466 908
103573 908
103679 908
103786 906
103892 907
103999 907
104106 910
104212 908
104319 908
104425 908
104531 908
104638 904
104744 908
104851 908
104957 907
105064 907
105171 907
105277 909
105384 908
105490 907
105596 907
105703 909
105809 906
105915 908
106023 908
106129 909
106236 910
106342 908
106449 908
106555 908
106661 908
106768 899
106874 908
106980 908
107088 908
107194 908
107301 908
107407 909
107513 907
107620 907
107726 907
107833 908
107939 907
108046 908
108153 908
108259 907
108366 907
108472 908
108578 907
108685 907
108791 907
108898 906
109005 906
109111 907
109218 907
109324 907
109431 899
109537 909
109643 906
109750 908
109856 909
109962 898
110070 907
110176 907
110283 909
110389 906
110496 907
110602 908
110708 907
110815 909
110921 907
111029 906
111135 908
111241 907
111348 907
111454 910
111560 914
111667 907
111773 907
111880 908
111988 907
112095 908
112201 908
112307 906
112414 907
112520 908
112627 908
112733 908
112839 907
112946 907
113053 911
113160 907
113266 908
113372 907
113479 908
113585 902
113692 908
113798 907
113904 908
114012 908
114118 906
114225 908
114331 907
114437 908
114544 908
114650 907
114757 907
114863 908
114969 908
115077 907
115183 908
115290 907
115396 908
115502 907
115609 908
115715 907
115821 907
115928 907
116035 907
116142 69
116248 70
116354 48
116461 70
116567 70
116674 68
116780 71
116886 70
116994 70
117100 70
117207 70
117313 70
117419 70
117526 69
117632 70
117739 71
117845 70
117951 69
118059 69
118165 70
118272 71
118378 72
118484 70
118591 70
118697 68
118804 70
118910 69
119017 69
119124 71
119230 70
119337 70
119443 70
119549 70
119656 908
119762 907
119868 907
119975 908
120082 906
120189 907
120295 908
120401 907
120508 900
120614 908
120721 908
120827 907
120933 910
121041 908
121147 908
121254 909
121360 908
121466 907
121573 907
121679 907
121786 908
121892 907
121999 907
122106 906
122212 907
122319 907
122425 906
122531 908
122638 907
122744 908
122851 907
122957 907
123064 909
123171 909
123277 905
123384 906
123490 907
123596 909
123703 907
123809 908
123915 907
124023 907
124129 909
124236 908
124342 907
124449 907
124555 907
124661 908
124768 912
124874 907
124980 907
125088 908
125194 908
125301 908
125407 908
125513 907
125620 908
125726 907
125833 908
125939 907
126046 910
126153 908
126259 908
126366 907
126472 909
126578 908
126685 907
126791 908
126898 906
127005 907
127111 908
127218 908
127324 906
127431 907
127537 907
127643 908
127750 907
127856 904
127962 907
128070 908
128176 908
128283 907
128389 907
128496 908
128602 908
128708 907
128815 908
128921 907
129029 907
129135 907
129241 908
129348 907
129454 907
129560 907
129667 908
129773 907
129880 908
129988 908
130095 908
130201 907
130307 907
130414 907
130520 907
130627 907
130733 907
130839 907
130946 908
131053 901
131160 906
131266 907
131372 908
131479 908
131585 911
131692 907
131798 907
131904 907
132012 907
132118 908
132225 906
132331 909
132437 907
132544 908
132650 907
132757 908
132863 907
132969 908
133077 907
133183 907
133290 908
133396 71
133502 70
133609 70
133715 74
133821 70
133928 71
134035 69
134142 70
134248 51
134354 70
134461 66
134567 70
134674 69
134780 69
134886 68
134994 71
135100 68
135207 70
135313 70
135419 70
135526 70
135632 70
135739 70
135845 70
135951 70
136059 70
136165 71
136272 71
136378 70
136484 70
136591 69
136697 70
136804 70
136910 909
137017 914
137124 907
137230 908
137337 908
137443 907
137549 906
137656 907
137762 908
137868 907
137975 907
138082 908
138189 907
138295 908
138401 908
138508 911
138614 907
138721 909
138827 907
138933 908
139041 907
139147 907
139254 908
139360 907
139466 907
139573 907
139679 908
139786 909
139892 907
139999 905
140106 908
140212 907
140319 907
140425 906
140531 908
140638 903
140744 907
140851 906
140957 908
141064 906
141171 908
141277 908
141384 907
141490 907
141596 907
141703 908
141809 907
141915 907
142023 907
142129 909
142236 907
142342 907
142449 907
142555 913
142661 907
142768 907
142874 908
142980 907
143088 907
143194 908
143301 907
143407 907
143513 907
143620 908
143726 909
143833 907
143939 908
144046 908
144153 909
144259 897
144366 907
144472 907
144578 908
144685 908
144791 907
144898 907
145005 908
145111 908
145218 908
145324 908
145431 907
145537 907
145643 907
145750 908
145856 908
145962 908
146070 908
146176 908
146283 907
146389 907
146496 908
146602 910
146708 907
146815 907
146921 907
147029 908
147135 907
147241 908
147348 907
147454 921
147560 907
147667 907
147773 909
147880 907
147988 906
148095 908
148201 909
148307 907
148414 907
148520 907
148627 906
148733 908
148839 907
148946 908
149053 907
149160 907
149266 908
149372 907
149479 908
149585 907
149692 907
149798 908
149904 908
150012 907
150118 907
150225 907
150331 907
150437 908
150544 907
150650 69
150757 70
150863 70
150969 70
151077 70
151183 69
151290 71
151396 69
151502 70
151609 70
151715 63
151821 70
151928 69
152035 70
152142 70
152248 70
152354 70
152461 70
152567 69
152674 69
152780 70
152886 70
152994 70
153100 69
153207 71
153313 74
153419 69
153526 70
153632 70
153739 70
153845 69
153951 69
154059 70
154165 908
154272 907
154378 908
154484 908
154591 908
154697 905
154804 907
154910 908
155017 906
155124 908
155230 907
155337 905
155443 907
155549 907
155656 906
155762 908
155868 907
155975 907
156082 907
156189 908
156295 907
156401 908
156508 907
156614 907
156721 907
156827 908
156933 908
157041 908
157147 907
157254 907
157360 908
157466 907
157573 907
157679 907
157786 907
157892 907
157999 907
158106 908
158212 908
158319 907
158425 908
158531 908
158638 924
158744 908
158851 907
158957 907
159064 908
159171 907
159277 908
159384 907
159490 906
159596 907
159703 908
159809 908
159915 909
160023 907
160129 906
160236 892
160342 908
160449 908
160555 908
160661 909
160768 908
160874 909
160980 906
161088 907
161194 906
161301 907
161407 908
161513 908
161620 907
161726 908
161833 908
161939 908
162046 908
162153 906
162259 905
162366 907
162472 907
162578 906
162685 908
162791 908
162898 907
163005 905
163111 908
163218 908
163324 907
163431 905
163537 907
163643 907
163750 909
163856 908
163962 906
164070 907
164176 908
164283 907
164389 907
164496 908
164602 907
164708 909
164815 907
164921 908
165029 908
165135 908
165241 907
165348 908
165454 910
165560 908
165667 907
165773 908
165880 907
165988 907
166095 907
166201 909
166307 908
166414 907
166520 908
166627 908
166733 908
166839 907
166946 907
167053 909
167160 908
167266 907
167372 908
167479 906
167585 907
167692 907
167798 907
167904 76
168012 68
168118 70
168225 70
168331 71
168437 70
168544 71
168650 70
168757 70
168863 68
168969 70
169077 69
169183 69
169290 69
169396 69
169502 71
169609 70
169715 69
169821 69
169928 70
170035 70
170142 69
170248 70
170354 68
170461 68
170567 69
170674 69
170780 70
170886 69
170994 69
171100 69
171207 75
171313 70
171419 907
171526 906
171632 907
171739 908
171845 908
171951 908
172059 907
172165 906
172272 907
172378 906
172484 908
172591 907
172697 907
172804 908
172910 908
173017 908
173124 908
173230 907
173337 907
173443 907
173549 907
173656 907
173762 907
173868 908
173975 908
174082 908
174189 908
174295 908
174401 906
174508 908
174614 908
174721 907
174827 909
174933 907
175041 907
175147 908
175254 906
175360 908
175466 907
175573 907
175679 900
175786 907
175892 907
175999 908
176106 907
176212 908
176319 907
176425 907
176531 907
176638 908
176744 907
176851 909
176957 907
177064 908
177171 908
177277 908
177384 907
177490 908
177596 907
177703 908
177809 907
177915 908
178023 908
178129 907
178236 906
178342 906
178449 907
178555 907
178661 909
178768 913
178874 908
178980 906
179088 908
179194 905
179301 907
179407 908
179513 907
179620 907
179726 907
179833 908
179939 908
180046 907
180153 907
180259 910
180366 907
180472 907
180578 909
180685 906
180791 908
180898 906
181005 908
181111 908
181218 908
181324 906
181431 907
181537 907
181643 907
181750 908
181856 907
181962 907
182070 907
182176 908
182283 908
182389 906
182496 908
182602 907
182708 908
182815 908
182921 907
183029 900
183135 906
183241 906
183348 906
183454 905
183560 907
183667 908
183773 909
183880 906
183988 908
184095 908
184201 906
184307 908
184414 907
184520 907
184627 909
184733 908
184839 908
184946 907
185053 906
185160 71
185266 70
185372 71
185479 70
185585 71
185692 70
185798 71
185904 70
186012 71
186118 70
186225 71
186331 70
186437 70
186544 70
186650 70
186757 69
186863 70
186969 70
187077 69
187183 60
187290 71
187396 70
187502 70
187609 71
187715 69
187821 70
187928 70
188035 70
188142 70
188248 69
188354 71
188461 71
188567 70
188674 908
188780 907
188886 907
188994 907
189100 908
189207 908
189313 907
189419 907
189526 907
189632 908
189739 908
189845 908
189951 908
190059 907
190165 908
190272 907
190378 909
190484 907
190591 907
190697 907
190804 909
190910 908
191017 910
191124 908
191230 908
191337 908
191443 908
191549 908
191656 908
191762 907
191868 908
191975 906
192082 908
192189 908
192295 907
192401 907
192508 907
192614 908
192721 907
192827 907
192933 907
193041 908
193147 907
193254 909
193360 907
193466 907
193573 908
193679 908
193786 908
193892 908
193999 904
194106 908
194212 908
194319 907
194425 924
194531 908
194638 908
194744 907
194851 908
194957 909
195064 907
195171 907
195277 908
195384 907
195490 908
195596 907
195703 907
195809 908
195915 908
196023 906
196129 910
196236 908
196342 907
196449 908
196555 906
196661 907
196768 907
196874 907
196980 904
197088 907
197194 908
197301 907
197407 907
197513 908
197620 908
197726 907
197833 908
197939 906
198046 908
198153 907
198259 912
198366 907
198472 908
198578 908
198685 908
198791 908
198898 907
199005 908
199111 908
199218 908
199324 909
199431 907
199537 909
199643 908
199750 908
199856 907
199962 907
200070 907
200176 908
200283 909
200389 907
200496 908
200602 908
200708 907
200815 909
200921 907
201029 907
201135 908
201241 907
201348 908
201454 913
201560 908
201667 909
201773 907
201880 913
201988 907
202095 907
202201 906
202307 907
202414 69
202520 70
202627 69
202733 71
202839 71
202946 70
203053 64
203160 70
203266 70
203372 69
203479 71
203585 70
203692 70
203798 70
203904 69
204012 70
204118 71
204225 70
204331 68
204437 70
204544 70
204650 71
204757 69
204863 69
204969 70
205077 68
205183 78
205290 71
205396 70
205502 70
205609 72
205715 68
205821 70
205928 907
206035 909
206142 907
206248 908
206354 907
206461 908
206567 908
206674 907
206780 909
206886 908
206994 907
207100 907
207207 907
207313 901
207419 909
207526 907
207632 907
207739 908
207845 911
207951 908
208059 908
208165 908
208272 907
208378 908
208484 908
208591 908
208697 907
208804 908
208910 907
209017 907
209124 907
209230 898
209337 907
209443 907
209549 908
209656 907
209762 908
209868 908
209975 906
210082 906
210189 907
210295 907
210401 907
210508 908
210614 907
210721 907
210827 908
210933 907
211041 908
211147 906
211254 908
211360 907
211466 908
211573 908
211679 907
211786 907
211892 908
211999 907
212106 907
212212 908
212319 908
212425 906
212531 908
212638 908
212744 910
212851 908
212957 907
213064 907
213171 908
213277 908
213384 908
213490 907
213596 907
213703 907
213809 908
213915 908
214023 907
214129 906
214236 909
214342 908
214449 908
214555 907
214661 914
214768 908
214874 907
214980 908
215088 906
215194 907
215301 908
215407 907
215513 907
215620 908
215726 905
215833 909
215939 907
216046 907
216153 907
216259 907
216366 905
216472 907
216578 907
216685 907
216791 907
216898 907
217005 909
217111 907
217218 907
217324 907
217431 907
217537 908
217643 907
217750 908
217856 907
217962 907
218070 909
218176 905
218283 908
218389 907
218496 907
218602 907
218708 907
218815 907
218921 907
219029 908
219135 907
219241 906
219348 908
219454 916
219560 70
219667 71
219773 70
219880 70
219988 70
220095 70
220201 69
220307 69
220414 70
220520 71
220627 69
220733 71
220839 71
220946 71
221053 70
221160 70
221266 70
221372 70
221479 70
221585 68
221692 69
221798 70
221904 70
222012 71
222118 71
222225 69
222331 70
222437 69
222544 70
222650 69
222757 71
222863 71
222969 70
223077 71
223183 909
223290 907
223396 907
223502 908
223609 909
223715 907
223821 907
223928 906
224035 907
224142 907
224248 906
224354 907
224461 908
224567 908
224674 907
224780 908
224886 908
224994 908
225100 908
225207 908
225313 908
225419 907
225526 908
225632 908
225739 908
225845 917
225951 908
226059 908
226165 908
226272 908
226378 908
226484 908
226591 909
226697 907
226804 909
226910 908
227017 907
227124 908
227230 905
227337 907
227443 908
227549 907
227656 907
227762 907
227868 907
227975 908
228082 909
228189 907
228295 907
228401 907
228508 907
228614 908
228721 907
228827 909
228933 907
229041 907
229147 907
229254 907
229360 907
229466 909
229573 907
229679 907
229786 907
229892 907
229999 907
230106 906
230212 907
230319 907
230425 907
230531 907
230638 906
230744 907
230851 907
230957 906
231064 908
231171 908
231277 907
231384 906
231490 906
231596 906
231703 906
231809 907
231915 908
232023 909
232129 908
232236 908
232342 909
232449 907
232555 908
232661 907
232768 906
232874 908
232980 906
233088 908
233194 908
233301 908
233407 907
233513 908
233620 906
233726 908
233833 907
233939 908
234046 907
234153 907
234259 908
234366 908
234472 908
234578 908
234685 909
234791 907
234898 907
235005 908
235111 908
235218 909
235324 907
235431 907
235537 908
235643 907
235750 907
235856 907
235962 907
236070 907
236176 910
236283 907
236389 907
236496 906
236602 910
236708 907
236815 68
236921 70
237029 63
237135 69
237241 70
237348 70
237454 69
237560 71
237667 70
237773 70
237880 66
237988 70
238095 71
238201 69
238307 69
238414 70
238520 71
238627 71
238733 69
238839 70
238946 71
239053 70
239160 69
239266 70
239372 70
239479 68
239585 70
239692 70
239798 70
239904 68
240012 71
240118 70
240225 71
240331 70
240437 906
240544 908
240650 908
240757 908
240863 907
240969 907
241077 909
241183 908
241290 908
241396 907
241502 909
241609 913
241715 908
241821 908
241928 908
242035 907
242142 907
242248 907
242354 907
242461 908
242567 906
242674 908
242780 907
242886 908
242994 908
243100 908
243207 908
243313 907
243419 906
243526 907
243632 908
243739 908
243845 907
243951 906
244059 909
244165 908
244272 907
244378 908
244484 908
244591 908
244697 908
244804 908
244910 906
245017 905
245124 907
245230 908
245337 908
245443 908
245549 908
245656 907
245762 908
245868 908
245975 907
246082 907
246189 908
246295 908
246401 908
246508 909
246614 908
246721 907
246827 907
246933 908
247041 907
247147 908
247254 907
247360 907
247466 908
247573 908
247679 909
247786 908
247892 906
247999 913
248106 907
248212 908
248319 907
248425 907
248531 898
248638 908
248744 906
248851 907
248957 908
249064 906
249171 908
249277 907
249384 907
249490 907
249596 907
249703 896
249809 908
249915 908
250023 908
250129 906
250236 907
250342 908
250449 908
250555 908
250661 907
250768 907
250874 907
250980 906
251088 907
251194 908
251301 910
251407 907
251513 907
251620 907
251726 908
251833 907
251939 908
252046 908
252153 907
252259 903
252366 907
252472 907
252578 908
252685 907
252791 906
252898 908
253005 907
253111 907
253218 908
253324 907
253431 909
253537 907
253643 907
253750 908
253856 907
253962 907
254070 69
254176 71
254283 70
254389 71
254496 71
254602 70
254708 70
254815 69
254921 72
255029 69
255135 70
255241 69
255348 70
255454 69
255560 70
255667 70
255773 70
255880 71
255988 70
256095 69
256201 71
256307 70
256414 70
256520 69
256627 72
256733 70
256839 70
256946 70
257053 59
257160 70
257266 70
257372 70
257479 70
257585 70
257692 907
257798 907
257904 898
258012 907
258118 908
258225 907
258331 907
258437 907
258544 907
258650 907
258757 907
258863 907
258969 908
259077 909
259183 908
259290 908
259396 906
259502 906
259609 912
259715 907
259821 907
259928 908
260035 906
260142 908
260248 908
260354 908
260461 908
260567 907
260674 908
260780 908
260886 908
260994 908
261100 910
261207 906
261313 908
261419 908
261526 908
261632 906
261739 911
261845 907
261951 907
262059 908
262165 908
262272 907
262378 907
262484 913
262591 908
262697 907
262804 908
262910 907
263017 908
263124 907
263230 907
263337 908
263443 907
263549 908
263656 907
263762 907
263868 907
263975 905
264082 907
264189 908
264295 908
264401 907
264508 909
264614 908
264721 908
264827 906
264933 916
265041 909
265147 907
265254 906
265360 908
265466 908
265573 908
265679 908
265786 908
265892 909
265999 908
266106 909
266212 908
266319 908
266425 908
266531 913
266638 908
266744 908
266851 907
266957 908
267064 907
267171 906
267277 907
267384 908
267490 907
267596 908
267703 906
267809 908
267915 908
268023 906
268129 904
268236 908
268342 907
268449 908
268555 907
268661 913
268768 908
268874 907
268980 907
269088 907
269194 907
269301 907
269407 908
269513 907
269620 907
269726 908
269833 908
269939 907
270046 907
270153 909
270259 907
270366 907
270472 907
270578 907
270685 908
270791 908
270898 905
271005 909
271111 908
271218 907
271324 69
271431 69
271537 69
271643 69
271750 71
271856 70
271962 70
272070 69
272176 70
272283 71
272389 69
272496 70
272602 70
272708 70
272815 71
272921 67
273029 70
273135 72
273241 69
273348 70
273454 73
273560 70
273667 69
273773 71
273880 71
273988 69
274095 70
274201 71
274307 68
274414 69
274520 70
274627 71
274733 71
274839 70
274946 907
275053 907
275160 908
275266 908
275372 907
275479 900
275585 908
275692 907
275798 906
275904 908
276012 906
276118 907
276225 907
276331 907
276437 907
276544 910
276650 908
276757 907
276863 908
276969 907
277077 907
277183 908
277290 907
277396 908
277502 904
277609 908
277715 907
277821 907
277928 906
278035 908
278142 908
278248 907
278354 907
278461 907
278567 907
278674 908
278780 907
278886 908
278994 907
279100 907
279207 907
279313 908
279419 908
279526 907
279632 907
279739 908
279845 908
279951 907
280059 908
280165 907
280272 908
280378 908
280484 907
280591 907
280697 907
280804 909
280910 908
281017 908
281124 908
281230 908
281337 907
281443 908
281549 907
281656 907
281762 907
281868 906
281975 907
282082 907
282189 907
282295 907
282401 907
282508 907
282614 907
282721 907
282827 906
282933 907
283041 906
283147 908
283254 909
283360 908
283466 908
283573 908
283679 907
283786 907
283892 907
283999 908
284106 908
284212 907
284319 907
284425 908
284531 908
284638 907
284744 907
284851 907
284957 908
285064 907
285171 907
285277 907
285384 908
285490 907
285596 908
285703 906
285809 909
285915 907
286023 908
286129 908
286236 907
286342 908
286449 909
286555 907
286661 898
286768 908
286874 907
286980 907
287088 908
287194 907
287301 908
287407 907
287513 908
287620 908
287726 908
287833 909
287939 908
288046 907
288153 908
288259 912
288366 906
288472 908
288578 69
288685 69
288791 70
288898 70
289005 69
289111 71
289218 71
289324 69
289431 70
289537 71
289643 68
289750 70
289856 69
289962 70
290070 70
290176 71
290283 70
290389 69
290496 70
290602 68
290708 69
290815 71
290921 71
291029 70
291135 69
291241 70
291348 69
291454 67
291560 70
291667 71
291773 69
291880 69
291988 70
292095 70
292201 906
292307 907
292414 908
292520 908
292627 905
292733 907
292839 908
292946 907
293053 908
293160 909
293266 908
293372 907
293479 914
293585 908
293692 908
293798 908
293904 908
294012 907
294118 908
294225 908
294331 908
294437 907
294544 907
294650 909
294757 909
294863 907
294969 908
295077 906
295183 907
295290 909
295396 907
295502 907
295609 904
295715 908
295821 907
295928 907
296035 907
296142 908
296248 907
296354 909
296461 907
296567 907
296674 907
296780 907
296886 907
296994 908
297100 910
297207 908
297313 907
297419 907
297526 908
297632 906
297739 908
297845 907
297951 905
298059 908
298165 907
298272 908
298378 908
298484 906
298591 908
298697 908
298804 908
298910 907
299017 908
299124 908
299230 908
299337 907
299443 906
299549 908
299656 907
299762 908
299868 908
299975 908
300082 907
300189 909
300295 907
300401 907
300508 908
300614 909
300721 907
300827 907
300933 908
301041 908
301147 908
301254 907
301360 907
301466 907
301573 909
301679 908
301786 908
301892 907
301999 911
302106 908
302212 906
302319 908
302425 907
302531 907
302638 908
302744 907
302851 908
302957 908
303064 907
303171 909
303277 908
303384 908
303490 907
303596 907
303703 913
303809 908
303915 909
304023 908
304129 908
304236 908
304342 908
304449 908
304555 908
304661 907
304768 907
304874 908
304980 907
305088 908
305194 908
305301 908
305407 908
305513 907
305620 908
305726 908
305833 71
305939 71
306046 70
306153 71
306259 70
306366 70
306472 69
306578 69
306685 69
306791 77
306898 70
307005 70
307111 70
307218 71
307324 70
307431 69
307537 73
307643 69
307750 71
307856 70
307962 70
308070 71
308176 69
308283 69
308389 71
308496 70
308602 70
308708 70
308815 72
308921 71
309029 70
309135 69
309241 70
309348 67
309454 907
309560 907
309667 907
309773 907
309880 908
309988 907
310095 906
310201 908
310307 907
310414 907
310520 908
310627 906
310733 907
310839 908
310946 908
311053 907
311160 907
311266 908
311372 907
311479 907
311585 907
311692 907
311798 908
311904 908
312012 908
312118 908
312225 908
312331 907
312437 907
312544 907
312650 908
312757 908
312863 907
312969 907
313077 908
313183 906
313290 909
313396 908
313502 907
313609 912
313715 906
313821 909
313928 908
314035 907
314142 908
314248 909
314354 908
314461 908
314567 907
314674 908
314780 907
314886 907
314994 907
315100 906
315207 900
315313 908
315419 908
315526 907
315632 908
315739 906
315845 907
315951 908
316059 908
316165 908
316272 906
316378 906
316484 907
316591 908
316697 907
316804 899
316910 908
317017 907
317124 908
317230 908
317337 908
317443 908
317549 908
317656 907
317762 908
317868 907
317975 907
318082 907
318189 907
318295 907
318401 907
318508 908
318614 907
318721 908
318827 908
318933 909
319041 908
319147 908
319254 906
319360 908
319466 907
319573 907
319679 908
319786 907
319892 907
319999 907
320106 908
320212 908
320319 907
320425 906
320531 899
320638 909
320744 908
320851 908
320957 908
321064 907
321171 908
321277 907
321384 907
321490 907
321596 908
321703 908
321809 907
321915 907
322023 909
322129 899
322236 907
322342 907
322449 907
322555 907
322661 908
322768 908
322874 908
322980 907
323088 70
323194 70
323301 71
323407 69
323513 70
323620 71
323726 69
323833 70
323939 70
324046 70
324153 70
324259 69
324366 70
324472 70
324578 69
324685 69
324791 70
324898 69
325005 69
325111 70
325218 69
325324 68
325431 69
325537 69
325643 69
325750 71
325856 71
325962 70
326070 70
326176 71
326283 71
326389 71
326496 70
326602 69
326708 908
326815 905
326921 908
327029 908
327135 908
327241 908
327348 907
327454 908
327560 907
327667 908
327773 908
327880 907
327988 907
328095 907
328201 907
328307 908
328414 907
328520 907
328627 907
328733 908
328839 907
328946 907
329053 906
329160 908
329266 908
329372 908
329479 908
329585 907
329692 907
329798 907
329904 906
330012 907
330118 907
330225 907
330331 908
330437 908
330544 906
330650 907
330757 908
330863 908
330969 909
331077 907
331183 908
331290 907
331396 907
331502 908
331609 907
331715 909
331821 907
331928 907
332035 908
332142 908
332248 907
332354 908
332461 907
332567 907
332674 907
332780 909
332886 907
332994 907
333100 908
333207 909
333313 908
333419 908
333526 908
333632 908
333739 906
333845 908
333951 907
334059 908
334165 908
334272 908
334378 907
334484 908
334591 908
334697 907
334804 908
334910 908
335017 908
335124 908
335230 907
335337 913
335443 907
335549 907
335656 908
335762 908
335868 908
335975 907
336082 908
336189 907
336295 907
336401 907
336508 909
336614 907
336721 907
336827 906
336933 907
337041 908
337147 907
337254 907
337360 907
337466 908
337573 907
337679 907
337786 908
337892 908
337999 908
338106 907
338212 907
338319 907
338425 907
338531 908
338638 908
338744 906
338851 908
338957 907
339064 908
339171 907
339277 906
339384 907
339490 905
339596 909
339703 909
339809 907
339915 907
340023 908
340129 908
340236 908
340342 69
340449 69
340555 70
340661 70
340768 70
340874 70
340980 70
341088 69
341194 70
341301 70
341407 70
341513 71
341620 69
341726 70
341833 70
341939 69
342046 71
342153 69
342259 75
342366 70
342472 70
342578 70
342685 70
342791 57
342898 70
343005 71
343111 71
343218 70
343324 69
343431 71
343537 70
343643 70
343750 70
343856 909
343962 907
344070 907
344176 899
344283 907
344389 908
344496 907
344602 908
344708 908
344815 908
344921 908
345029 908
345135 907
345241 907
345348 908
345454 907
345560 907
345667 907
345773 908
345880 908
345988 906
346095 908
346201 908
346307 908
346414 908
346520 908
346627 907
346733 906
346839 907
346946 908
347053 907
347160 908
347266 908
347372 906
347479 906
347585 908
347692 907
347798 909
347904 907
348012 906
348118 907
348225 907
348331 908
348437 908
348544 906
348650 908
348757 906
348863 908
348969 908
349077 914
349183 908
349290 908
349396 907
349502 906
349609 907
349715 907
349821 908
349928 908
350035 907
350142 908
350248 907
350354 907
350461 908
350567 907
350674 908
350780 907
350886 907
350994 909
351100 908
351207 907
351313 908
351419 907
351526 908
351632 907
351739 909
351845 908
351951 904
352059 907
352165 907
352272 908
352378 907
352484 907
352591 907
352697 908
352804 908
352910 908
353017 907
353124 908
353230 904
353337 907
353443 907
353549 908
353656 908
353762 910
353868 912
353975 907
354082 908
354189 907
354295 907
354401 908
354508 908
354614 909
354721 906
354827 907
354933 909
355041 907
355147 907
355254 908
355360 907
355466 908
355573 907
355679 908
355786 908
355892 907
355999 907
356106 908
356212 908
356319 907
356425 908
356531 907
356638 908
356744 909
356851 908
356957 909
357064 907
357171 908
357277 910
357384 907
357490 909
357596 70
357703 70
357809 70
357915 70
358023 68
358129 70
358236 71
358342 70
358449 71
358555 70
358661 70
358768 70
358874 68
358980 70
359088 70
359194 71
359301 70
359407 69
359513 70
359620 71
359726 70
359833 71
359939 69
360046 68
360153 69
360259 71
360366 69
360472 71
360578 70
360685 70
360791 69
360898 70
361005 70
361111 910
361218 906
361324 907
361431 907
361537 908
361643 907
361750 907
361856 907
361962 907
362070 906
362176 906
362283 907
362389 907
362496 907
362602 908
362708 907
362815 907
362921 907
363029 907
363135 907
363241 908
363348 908
363454 906
363560 907
363667 906
363773 907
363880 907
363988 906
364095 907
364201 907
364307 907
364414 907
364520 908
364627 901
364733 907
364839 907
364946 908
365053 908
365160 907
365266 908
365372 907
365479 909
365585 908
365692 907
365798 907
365904 908
366012 908
366118 907
366225 908
366331 907
366437 907
366544 907
366650 908
366757 908
366863 908
366969 908
367077 894
367183 908
367290 907
367396 907
367502 908
367609 913
367715 908
367821 908
367928 908
368035 907
368142 907
368248 907
368354 907
368461 907
368567 907
368674 907
368780 906
368886 908
368994 908
369100 908
369207 905
369313 906
369419 907
369526 908
369632 906
369739 908
369845 907
369951 907
370059 907
370165 908
370272 907
370378 908
370484 907
370591 907
370697 907
370804 908
370910 907
371017 907
371124 907
371230 907
371337 907
371443 906
371549 907
371656 907
371762 907
371868 908
371975 908
372082 906
372189 908
372295 907
372401 908
372508 908
372614 907
372721 907
372827 909
372933 909
373041 908
373147 908
373254 907
373360 907
373466 908
373573 907
373679 908
373786 907
373892 907
373999 908
374106 908
374212 908
374319 907
374425 907
374531 909
374638 907
374744 908
374851 71
374957 68
375064 70
375171 70
375277 69
375384 70
375490 69
375596 71
375703 70
375809 68
375915 68
376023 67
376129 69
376236 69
376342 71
376449 70
376555 58
376661 70
376768 70
376874 71
376980 72
377088 70
377194 70
377301 70
377407 70
377513 70
377620 70
377726 69
377833 69
377939 70
378046 70
378153 70
378259 69
378366 909
378472 908
378578 907
378685 909
378791 908
378898 907
379005 907
379111 908
379218 907
379324 907
379431 908
379537 908
379643 907
379750 908
379856 907
379962 907
380070 907
380176 911
380283 911
380389 905
380496 908
380602 907
380708 906
380815 909
380921 907
381029 907
381135 907
381241 907
381348 907
381454 908
381560 908
381667 907
381773 907
381880 907
381988 907
382095 907
382201 907
382307 907
382414 907
382520 908
382627 908
382733 908
382839 909
382946 908
383053 908
383160 907
383266 907
383372 907
383479 908
383585 908
383692 909
383798 907
383904 907
384012 908
384118 907
384225 907
384331 908
384437 908
384544 908
384650 905
384757 908
384863 908
384969 908
385077 909
385183 907
385290 907
385396 908
385502 911
385609 907
385715 907
385821 908
385928 907
386035 908
386142 908
386248 907
386354 908
386461 909
386567 907
386674 907
386780 908
386886 908
386994 910
387100 908
387207 908
387313 907
387419 908
387526 907
387632 906
387739 905
387845 908
387951 907
388059 907
388165 907
388272 907
388378 907
388484 907
388591 908
388697 908
388804 908
388910 908
389017 908
389124 908
389230 908
389337 909
389443 908
389549 907
389656 907
389762 907
389868 908
389975 908
390082 907
390189 908
390295 907
390401 907
390508 906
390614 907
390721 907
390827 908
390933 898
391041 907
391147 907
391254 908
391360 908
391466 907
391573 910
391679 908
391786 908
391892 908
391999 906
392106 71
392212 70
392319 70
392425 71
392531 72
392638 70
392744 70
392851 67
392957 72
393064 69
393171 70
393277 70
393384 69
393490 69
393596 70
393703 70
393809 69
393915 70
394023 71
394129 72
394236 70
394342 70
394449 69
394555 71
394661 70
394768 71
394874 69
394980 69
395088 69
395194 69
395301 69
395407 68
395513 71
395620 907
395726 907
395833 907
395939 907
396046 908
396153 908
396259 908
396366 907
396472 907
396578 907
396685 908
396791 907
396898 907
397005 907
397111 908
397218 912
397324 907
397431 907
397537 907
397643 907
397750 906
397856 908
397962 907
398070 906
398176 908
398283 907
398389 908
398496 907
398602 909
398708 907
398815 907
398921 908
399029 908
399135 909
399241 906
399348 911
399454 908
399560 908
399667 907
399773 907
399880 907
399988 907
400095 906
400201 907
400307 907
400414 907
400520 908
400627 908
400733 907
400839 908
400946 912
401053 907
401160 908
401266 908
401372 907
401479 907
401585 907
401692 908
401798 907
401904 907
402012 907
402118 908
402225 907
402331 906
402437 906
402544 907
402650 907
402757 908
402863 908
402969 907
403077 907
403183 907
403290 907
403396 908
403502 908
403609 907
403715 910
403821 907
403928 907
404035 906
404142 908
404248 907
404354 907
404461 908
404567 907
404674 908
404780 907
404886 906
404994 908
405100 908
405207 905
405313 908
405419 907
405526 905
405632 908
405739 907
405845 908
405951 906
406059 908
406165 908
406272 908
406378 908
406484 908
406591 907
406697 908
406804 908
406910 908
407017 907
407124 908
407230 905
407337 908
407443 908
407549 907
407656 908
407762 908
407868 907
407975 908
408082 906
408189 907
408295 907
408401 907
408508 907
408614 907
408721 907
408827 907
408933 907
409041 907
409147 908
409254 907
409360 69
409466 70
409573 71
409679 69
409786 69
409892 71
409999 70
410106 70
410212 69
410319 69
410425 69
410531 70
410638 70
410744 69
410851 69
410957 69
411064 70
411171 69
411277 68
411384 69
411490 70
411596 70
411703 69
411809 69
411915 69
412023 69
412129 70
412236 69
412342 69
412449 70
412555 69
412661 70
412768 69
412874 907
412980 907
413088 908
413194 907
413301 908
413407 908
413513 908
413620 907
413726 908
413833 907
413939 908
414046 907
414153 899
414259 907
414366 908
414472 908
414578 908
414685 913
414791 908
414898 907
415005 908
415111 908
415218 906
415324 908
415431 908
415537 908
415643 906
415750 908
415856 908
415962 908
416070 908
416176 908
416283 906
416389 908
416496 908
416602 909
416708 908
416815 906
416921 907
417029 908
417135 908
417241 908
417348 907
417454 906
417560 907
417667 906
417773 907
417880 907
417988 907
418095 907
418201 906
418307 907
418414 908
418520 908
418627 908
418733 908
418839 908
418946 908
419053 907
419160 907
419266 907
419372 908
419479 908
419585 908
419692 908
419798 906
419904 908
420012 909
420118 908
420225 907
420331 907
420437 908
420544 908
420650 908
420757 907
420863 907
420969 906
421077 908
421183 907
421290 907
421396 908
421502 908
421609 907
421715 908
421821 909
421928 912
422035 906
422142 907
422248 907
422354 907
422461 908
422567 908
422674 907
422780 908
422886 908
422994 907
423100 909
423207 907
423313 908
423419 908
423526 908
423632 912
423739 908
423845 907
423951 907
424059 907
424165 908
424272 907
424378 908
424484 909
424591 909
424697 908
424804 907
424910 906
425017 908
425124 907
425230 908
425337 907
425443 908
425549 907
425656 908
425762 907
425868 908
425975 907
426082 908
426189 908
426295 908
426401 908
426508 908
426614 71
426721 70
426827 70
426933 71
427041 70
427147 70
427254 69
427360 69
427466 70
427573 70
427679 69
427786 68
427892 53
427999 70
428106 70
428212 71
428319 70
428425 70
428531 71
428638 70
428744 69
428851 70
428957 69
429064 69
429171 70
429277 70
429384 70
429490 69
429596 70
429703 70
429809 70
429915 70
430023 68
430129 907
430236 908
430342 907
430449 908
430555 903
430661 906
430768 907
430874 908
430980 908
431088 908
431194 907
431301 907
431407 907
431513 908
431620 908
431726 906
431833 907
431939 902
432046 908
432153 908
432259 908
432366 907
432472 908
432578 907
432685 908
432791 907
432898 907
433005 908
433111 908
433218 908
433324 908
433431 908
433537 906
433643 908
433750 908
433856 907
433962 908
434070 907
434176 907
434283 906
434389 908
434496 908
434602 908
434708 906
434815 899
434921 908
435029 905
435135 908
435241 908
435348 908
435454 908
435560 908
435667 908
435773 907
435880 907
435988 907
436095 908
436201 907
