48 769
154 762
260 755
367 748
473 741
580 734
686 726
792 711
899 711
1006 709
1113 697
1219 690
1325 683
1432 676
1538 667
1645 661
1751 653
1857 648
1964 639
2071 631
2178 625
2284 617
2390 610
2497 603
2603 596
2709 587
2816 580
2922 573
3030 567
3136 558
3243 551
3349 545
3455 536
3562 530
3668 522
3774 515
3881 508
3988 500
4095 493
4201 486
4307 479
4414 470
4520 464
4627 456
4733 453
4839 442
4946 434
5053 425
5160 419
5266 414
5372 405
5479 397
5585 390
5692 383
5798 376
5904 369
6012 362
6118 354
6225 347
6331 340
6437 333
6544 325
6650 317
6757 311
6863 308
6969 296
7077 289
7183 272
7290 274
7396 267
7502 261
7609 252
7715 246
7821 238
7928 231
8035 225
8142 217
8248 210
8354 203
8461 194
8567 188
8674 182
8780 173
8886 168
8994 159
9100 153
9207 146
9313 139
9419 132
9526 125
9632 119
9739 112
9845 105
9951 98
10059 92
10165 83
10272 77
10378 72
10484 63
10591 57
10697 50
10804 43
10910 38
11017 30
11124 24
11230 16
11337 10
11443 2
11549 18
11656 42
11762 68
11868 94
11975 121
12082 137
12189 176
12295 202
12401 230
12508 256
12614 286
12721 312
12827 341
12933 369
13041 398
13147 426
13254 454
13360 482
13466 510
13573 538
13679 568
13786 593
13892 623
13999 651
14106 679
14212 708
14319 734
14425 763
14531 790
14638 816
14744 844
14851 872
14957 899
15064 921
15171 914
15277 907
15384 899
15490 893
15596 888
15703 880
15809 871
15915 865
16023 858
16129 857
16236 843
16342 837
16449 830
16555 822
16661 816
16768 809
16874 802
16980 792
17088 787
17194 780
17301 773
17407 765
17513 758
17620 751
17726 745
17833 738
17939 730
18046 723
18153 715
18259 709
18366 700
18472 694
18578 687
18685 680
18791 672
18898 665
19005 655
19111 651
19218 643
19324 636
19431 628
19537 622
19643 614
19750 607
19856 600
19962 591
20070 583
20176 578
20283 571
20389 562
20496 555
20602 549
20708 541
20815 534
20921 527
21029 518
21135 512
21241 506
21348 498
21454 465
21560 483
21667 475
21773 469
21880 459
21988 454
22095 447
22201 438
22307 431
22414 424
22520 418
22627 411
22733 401
22839 396
22946 388
23053 381
23160 373
23266 366
23372 357
23479 351
23585 343
23692 337
23798 329
23904 322
24012 314
24118 308
24225 300
24331 293
24437 285
24544 279
24650 272
24757 265
24863 251
24969 250
25077 242
25183 236
25290 228
25396 205
25502 213
25609 207
25715 199
25821 192
25928 186
26035 177
26142 171
26248 164
26354 158
26461 150
26567 143
26674 136
26780 129
26886 123
26994 116
27100 109
27207 102
27313 95
27419 86
27526 83
27632 75
27739 68
27845 62
27951 54
28059 48
28165 42
28272 34
28378 28
28484 22
28591 15
28697 8
28804 2
28910 26
29017 52
29124 77
29230 108
29337 132
29443 159
29549 186
29656 213
29762 240
29868 268
29975 297
30082 325
30189 353
30295 380
30401 409
30508 437
30614 464
30721 494
30827 520
30933 551
31041 578
31147 607
31254 634
31360 662
31466 690
31573 717
31679 746
31786 780
31892 800
31999 828
32106 855
32212 881
32319 908
32425 918
32531 910
32638 904
32744 897
32851 891
32957 883
33064 876
33171 869
33277 863
33384 855
33490 848
33596 841
33703 834
33809 827
33915 820
34023 813
34129 807
34236 785
34342 791
34449 784
34555 777
34661 770
34768 763
34874 755
34980 752
35088 741
35194 735
35301 728
35407 719
35513 713
35620 706
35726 697
35833 691
35939 684
36046 677
36153 671
36259 663
36366 656
36472 648
36578 640
36685 633
36791 626
36898 619
37005 619
37111 604
37218 597
37324 589
37431 584
37537 576
37643 568
37750 560
37856 554
37962 546
38070 538
38176 530
38283 523
38389 517
38496 512
38602 503
38708 495
38815 486
38921 481
39029 473
39135 464
39241 458
39348 450
39454 443
39560 436
39667 429
39773 422
39880 414
39988 407
40095 399
40201 392
40307 384
40414 378
40520 371
40627 362
40733 355
40839 349
40946 340
41053 335
41160 327
41266 319
41372 311
41479 306
41585 298
41692 289
41798 282
41904 277
42012 269
42118 259
42225 255
42331 245
42437 240
42544 232
42650 226
42757 219
42863 211
42969 204
43077 197
43183 190
43290 183
43396 176
43502 169
43609 160
43715 154
43821 147
43928 140
44035 134
44142 127
44248 120
44354 112
44461 106
44567 98
44674 93
44780 86
44886 78
44994 72
45100 65
45207 58
45313 51
45419 45
45526 38
45632 31
45739 25
45845 19
45951 10
46059 5
46165 10
46272 36
46378 61
46484 89
46591 116
46697 143
46804 168
46910 197
47017 223
47124 251
47230 279
47337 307
47443 335
47549 363
47656 393
47762 420
47868 449
47975 476
48082 504
48189 533
48295 561
48401 588
48508 617
48614 645
48721 673
48827 700
48933 730
49041 759
49147 784
49254 808
49360 838
49466 865
49573 892
49679 925
49786 915
49892 908
49999 900
50106 895
50212 888
50319 880
50425 873
50531 866
50638 859
50744 853
50851 845
50957 836
51064 831
51171 824
51277 818
51384 809
51490 802
51596 795
51703 789
51809 782
51915 775
52023 766
52129 760
52236 752
52342 746
52449 739
52555 732
52661 724
52768 717
52874 710
52980 708
53088 694
53194 688
53301 680
53407 674
53513 667
53620 660
53726 652
53833 645
53939 637
54046 630
54153 623
54259 615
54366 608
54472 603
54578 594
54685 586
54791 579
54898 573
55005 563
55111 558
55218 550
55324 543
55431 534
55537 527
55643 521
55750 514
55856 506
55962 498
56070 491
56176 484
56283 477
56389 471
56496 463
56602 454
56708 448
56815 440
56921 434
57029 444
57135 419
57241 411
57348 404
57454 397
57560 390
57667 382
57773 371
57880 367
57988 362
58095 352
58201 346
58307 339
58414 331
58520 324
58627 316
58733 310
58839 303
58946 295
59053 288
59160 276
59266 273
59372 266
59479 258
59585 251
59692 244
59798 237
59904 230
60012 222
60118 215
60225 208
60331 202
60437 193
60544 187
60650 180
60757 173
60863 161
60969 159
61077 151
61183 145
61290 134
61396 131
61502 124
61609 118
61715 115
61821 103
61928 96
62035 90
62142 83
62248 76
62354 68
62461 62
62567 56
62674 51
62780 41
62886 37
62994 29
63100 21
63207 16
63313 8
63419 2
63526 20
63632 47
63739 72
63845 99
63951 125
64059 152
64165 179
64272 207
64378 235
64484 262
64591 291
64697 318
64804 346
64910 374
65017 402
65124 431
65230 461
65337 488
65443 516
65549 545
65656 572
65762 600
65868 628
65975 657
66082 690
66189 712
66295 740
66401 767
66508 795
66614 823
66721 849
66827 877
66933 904
67041 920
67147 912
67254 905
67360 899
67466 891
67573 883
67679 878
67786 873
67892 864
67999 857
68106 849
68212 852
68319 837
68425 829
68531 821
68638 815
68744 807
68851 802
68957 792
69064 786
69171 779
69277 772
69384 765
69490 757
69596 751
69703 743
69809 735
69915 728
70023 722
70129 705
70236 708
70342 698
70449 693
70555 686
70661 678
70768 672
70874 664
70980 656
71088 650
71194 643
71301 634
71407 628
71513 621
71620 612
71726 606
71833 598
71939 591
72046 584
72153 575
72259 569
72366 562
72472 545
72578 548
72685 539
72791 532
72898 525
73005 518
73111 510
73218 503
73324 496
73431 489
73537 482
73643 474
73750 468
73856 460
73962 452
74070 446
74176 437
74283 428
74389 423
74496 414
74602 407
74708 401
74815 395
74921 387
75029 377
75135 371
75241 365
75348 357
75454 349
75560 342
75667 335
75773 328
75880 321
75988 313
76095 306
76201 300
76307 291
76414 284
76520 277
76627 270
76733 263
76839 255
76946 249
77053 262
77160 234
77266 228
77372 219
77479 213
77585 205
77692 198
77798 191
77904 184
78012 175
78118 170
78225 162
78331 156
78437 149
78544 142
78650 135
78757 128
78863 124
78969 113
79077 107
79183 99
79290 94
79396 87
79502 80
79609 74
79715 66
79821 59
79928 53
80035 47
80142 40
80248 33
80354 26
80461 20
80567 13
80674 6
80780 5
80886 31
80994 55
81100 83
81207 108
81313 137
81419 164
81526 191
81632 217
81739 246
81845 274
81951 300
82059 329
82165 358
82272 386
82378 414
82484 441
82591 470
82697 498
82804 527
82910 555
83017 584
83124 611
83230 644
83337 667
83443 696
83549 724
83656 751
83762 778
83868 805
83975 830
84082 860
84189 887
84295 914
84401 917
84508 909
84614 902
84721 896
84827 888
84933 882
85041 874
85147 868
85254 861
85360 853
85466 847
85573 839
85679 831
85786 826
85892 819
85999 812
86106 805
86212 796
86319 790
86425 783
86531 775
86638 769
86744 761
86851 755
86957 748
87064 739
87171 733
87277 726
87384 720
87490 713
87596 705
87703 698
87809 689
87915 683
88023 675
88129 668
88236 662
88342 652
88449 646
88555 639
88661 632
88768 625
88874 617
88980 610
89088 602
89194 595
89301 589
89407 580
89513 574
89620 566
89726 559
89833 553
89939 544
90046 537
90153 529
90259 524
90366 516
90472 509
90578 501
90685 493
90791 485
90898 479
91005 472
91111 464
91218 456
91324 449
91431 441
91537 434
91643 428
91750 417
91856 414
91962 404
92070 397
92176 391
92283 382
92389 376
92496 368
92602 361
92708 354
92815 347
92921 340
93029 332
93135 336
93241 318
93348 311
93454 303
93560 296
93667 289
93773 282
93880 274
93988 268
94095 259
94201 253
94307 246
94414 239
94520 231
94627 223
94733 217
94839 211
94946 203
95053 195
95160 196
95266 182
95372 175
95479 167
95585 159
95692 153
95798 146
95904 139
96012 132
96118 126
96225 118
96331 111
96437 104
96544 98
96650 91
96757 84
96863 78
96969 71
97077 64
97183 59
97290 51
97396 44
97502 37
97609 30
97715 24
97821 15
97928 11
98035 4
98142 15
98248 42
98354 68
98461 93
98567 120
98674 146
98780 174
98886 202
98994 229
99100 257
99207 285
99313 313
99419 339
99526 370
99632 397
99739 425
99845 453
99951 480
100059 511
100165 537
100272 567
100378 594
100484 623
100591 651
100697 678
100804 706
100910 734
101017 764
101124 790
101230 816
101337 843
101443 871
101549 898
101656 921
101762 914
101868 906
101975 900
102082 892
102189 886
102295 878
102401 872
102508 866
102614 858
102721 851
102827 844
102933 838
103041 830
103147 824
103254 807
103360 809
103466 802
103573 795
103679 788
103786 780
103892 773
103999 766
104106 760
104212 751
104319 744
104425 737
104531 732
104638 723
104744 716
104851 709
104957 701
105064 694
105171 686
105277 679
105384 672
105490 664
105596 657
105703 650
105809 645
105915 636
106023 629
106129 622
106236 614
106342 606
106449 600
106555 592
106661 586
106768 577
106874 571
106980 562
107088 556
107194 548
107301 541
107407 535
107513 527
107620 520
107726 512
107833 504
107939 498
108046 490
108153 483
108259 477
108366 468
108472 462
108578 454
108685 446
108791 439
108898 432
109005 423
109111 417
109218 410
109324 403
109431 395
109537 387
109643 380
109750 374
109856 367
109962 359
110070 351
110176 343
110283 337
110389 330
110496 323
110602 315
110708 307
110815 301
110921 294
111029 282
111135 279
111241 273
111348 264
111454 258
111560 250
111667 242
111773 235
111880 229
111988 221
112095 215
112201 206
112307 200
112414 192
112520 187
112627 179
112733 171
112839 164
112946 158
113053 149
113160 151
113266 138
113372 130
113479 122
113585 115
113692 109
113798 102
113904 96
114012 88
114118 81
114225 75
114331 67
114437 60
114544 55
114650 48
114757 41
114863 35
114969 28
115077 21
115183 14
115290 14
115396 2
115502 26
115609 52
115715 78
115821 103
115928 131
116035 158
116142 185
116248 212
116354 247
116461 268
116567 296
116674 324
116780 351
116886 379
116994 408
117100 438
117207 464
117313 493
117419 521
117526 552
117632 577
117739 605
117845 634
117951 662
118059 688
118165 718
118272 745
118378 773
118484 801
118591 828
118697 854
118804 876
118910 908
119017 918
119124 912
119230 904
119337 896
119443 890
119549 883
119656 876
119762 870
119868 862
119975 858
120082 848
120189 841
120295 835
120401 827
120508 820
120614 813
120721 807
120827 798
120933 793
121041 784
121147 778
121254 770
121360 763
121466 757
121573 748
121679 735
121786 734
121892 728
121999 720
122106 713
122212 699
122319 699
122425 692
122531 685
122638 680
122744 669
122851 662
122957 654
123064 649
123171 642
123277 633
123384 626
123490 619
123596 612
123703 600
123809 597
123915 589
124023 582
124129 575
124236 567
124342 559
124449 554
124555 546
124661 539
124768 531
124874 524
124980 517
125088 508
125194 502
125301 495
125407 487
125513 480
125620 472
125726 465
125833 460
125939 450
126046 444
126153 436
126259 429
126366 422
126472 414
126578 406
126685 398
126791 391
126898 387
127005 376
127111 371
127218 364
127324 355
127431 349
127537 342
127643 335
127750 327
127856 319
127962 312
128070 304
128176 299
128283 292
128389 283
128496 277
128602 275
128708 262
128815 256
128921 247
129029 245
129135 232
129241 225
129348 219
129454 211
129560 205
129667 197
129773 191
129880 183
129988 176
130095 168
130201 159
130307 154
130414 147
130520 142
130627 132
130733 127
130839 120
130946 112
131053 106
131160 99
131266 92
131372 84
131479 80
131585 72
131692 65
131798 58
131904 50
132012 44
132118 37
132225 32
132331 25
132437 19
132544 10
132650 6
132757 2
132863 37
132969 62
133077 89
133183 115
133290 140
133396 169
133502 196
133609 223
133715 251
133821 278
133928 307
134035 335
134142 363
134248 391
134354 419
134461 448
134567 477
134674 504
134780 532
134886 541
134994 589
135100 617
135207 645
135313 672
135419 693
135526 730
135632 757
135739 784
135845 811
135951 838
136059 865
136165 892
136272 921
136378 921
136484 907
136591 900
136697 893
136804 892
136910 881
137017 874
137124 866
137230 859
137337 853
137443 846
137549 839
137656 832
137762 824
137868 818
137975 810
138082 802
138189 796
138295 789
138401 782
138508 775
138614 768
138721 761
138827 752
138933 747
139041 738
139147 732
139254 724
139360 717
139466 710
139573 703
139679 702
139786 689
139892 682
139999 674
140106 667
140212 663
140319 654
140425 646
140531 637
140638 630
140744 623
140851 615
140957 607
141064 600
141171 594
141277 586
141384 580
141490 571
141596 564
141703 557
141809 556
141915 543
142023 535
142129 529
142236 521
142342 520
142449 507
142555 499
142661 491
142768 484
142874 477
142980 469
143088 463
143194 456
143301 449
143407 440
143513 433
143620 426
143726 418
143833 411
143939 403
144046 396
144153 395
144259 384
144366 375
144472 367
144578 359
144685 353
144791 344
144898 341
145005 331
145111 323
145218 316
145324 309
145431 305
145537 295
145643 287
145750 279
145856 273
145962 266
146070 260
146176 251
146283 244
146389 237
146496 230
146602 214
146708 214
146815 208
146921 200
147029 193
147135 188
147241 180
147348 172
147454 164
147560 158
147667 151
147773 145
147880 139
147988 131
148095 123
148201 117
148307 110
148414 103
148520 96
148627 91
148733 83
148839 77
148946 69
149053 63
149160 50
149266 50
149372 42
149479 37
149585 31
149692 22
149798 15
149904 9
150012 3
150118 21
150225 48
150331 73
150437 99
150544 126
150650 152
150757 180
150863 206
150969 233
151077 262
151183 290
151290 318
151396 346
151502 378
151609 402
151715 431
151821 458
151928 487
152035 515
152142 543
152248 572
152354 600
152461 628
152567 656
152674 684
152780 712
152886 738
152994 767
153100 794
153207 822
153313 849
153419 880
153526 903
153632 919
153739 912
153845 905
153951 898
154059 891
154165 884
154272 878
154378 870
154484 864
154591 857
154697 850
154804 843
154910 836
155017 829
155124 822
155230 815
155337 808
155443 801
155549 789
155656 786
155762 779
155868 772
155975 765
156082 756
156189 751
156295 744
156401 736
156508 730
156614 721
156721 715
156827 708
156933 701
157041 694
157147 686
157254 677
157360 671
157466 665
157573 656
157679 648
157786 641
157892 635
157999 627
158106 620
158212 614
158319 606
158425 598
158531 591
158638 584
158744 577
158851 570
158957 562
159064 555
159171 547
159277 540
159384 533
159490 526
159596 518
159703 511
159809 494
159915 497
160023 489
160129 480
160236 475
160342 471
160449 459
160555 453
160661 445
160768 438
160874 432
160980 423
161088 415
161194 408
161301 400
161407 393
161513 388
161620 379
161726 373
161833 363
161939 357
162046 350
162153 339
162259 335
162366 327
162472 321
162578 313
162685 306
162791 299
162898 292
163005 284
163111 278
163218 270
163324 263
163431 256
163537 249
163643 240
163750 234
163856 228
163962 219
164070 213
164176 206
164283 198
164389 191
164496 183
164602 179
164708 169
164815 163
164921 156
165029 149
165135 144
165241 134
165348 129
165454 131
165560 114
165667 108
165773 99
165880 95
165988 86
166095 80
166201 73
166307 68
166414 59
166520 52
166627 40
166733 39
166839 34
166946 25
167053 19
167160 15
167266 6
167372 2
167479 30
167585 57
167692 82
167798 109
167904 136
168012 163
168118 190
168225 217
168331 245
168437 273
168544 301
168650 329
168757 353
168863 385
168969 413
169077 442
169183 470
169290 496
169396 526
169502 554
169609 584
169715 611
169821 639
169928 665
170035 695
170142 723
170248 751
170354 779
170461 805
170567 832
170674 860
170780 888
170886 913
170994 916
171100 909
171207 902
171313 895
171419 889
171526 882
171632 874
171739 867
171845 861
171951 854
172059 847
172165 840
172272 834
172378 825
172484 819
172591 811
172697 804
172804 797
172910 791
173017 783
173124 776
173230 769
173337 762
173443 756
173549 746
173656 741
173762 734
173868 725
173975 720
174082 711
174189 705
174295 698
174401 690
174508 683
174614 676
174721 669
174827 661
174933 654
175041 646
175147 639
175254 633
175360 625
175466 618
175573 611
175679 602
175786 595
175892 589
175999 579
176106 594
176212 567
176319 560
176425 551
176531 545
176638 537
176744 529
176851 523
176957 513
177064 509
177171 500
177277 493
177384 485
177490 479
177596 471
177703 460
177809 457
177915 448
178023 442
178129 433
178236 427
178342 420
178449 413
178555 406
178661 398
178768 391
178874 382
178980 376
179088 369
179194 362
179301 354
179407 348
179513 340
179620 330
179726 325
179833 317
179939 311
180046 303
180153 297
180259 291
180366 281
180472 275
180578 268
180685 261
180791 253
180898 245
181005 239
181111 232
181218 224
181324 216
181431 211
181537 203
181643 193
181750 189
181856 181
181962 174
182070 167
182176 161
182283 153
182389 146
182496 139
182602 131
182708 126
182815 119
182921 114
183029 98
183135 98
183241 92
183348 84
183454 79
183560 71
183667 63
183773 57
183880 51
183988 44
184095 37
184201 30
184307 21
184414 17
184520 11
184627 5
184733 16
184839 41
184946 66
185053 93
185160 120
185266 147
185372 173
185479 208
185585 228
185692 256
185798 283
185904 311
186012 338
186118 368
186225 396
186331 425
186437 453
186544 481
186650 511
186757 544
186863 565
186969 594
187077 623
187183 652
187290 691
187396 706
187502 734
187609 762
187715 788
187821 817
187928 843
188035 870
188142 899
188248 922
188354 914
188461 907
188567 901
188674 891
188780 887
188886 884
188994 871
189100 866
189207 859
189313 852
189419 844
189526 838
189632 831
189739 822
189845 817
189951 809
190059 801
190165 796
190272 789
190378 778
190484 774
190591 767
190697 759
190804 745
190910 744
191017 736
191124 731
191230 723
191337 716
191443 710
191549 700
191656 694
191762 686
191868 680
191975 672
192082 665
192189 658
192295 651
192401 644
192508 637
192614 629
192721 622
192827 614
192933 607
193041 600
193147 592
193254 585
193360 579
193466 570
193573 564
193679 552
193786 549
193892 541
193999 533
194106 528
194212 520
194319 512
194425 505
194531 497
194638 490
194744 482
194851 474
194957 468
195064 462
195171 454
195277 446
195384 439
195490 432
195596 425
195703 414
195809 411
195915 402
196023 395
196129 387
196236 381
196342 373
196449 367
196555 359
196661 351
196768 344
196874 337
196980 330
197088 323
197194 315
197301 307
197407 300
197513 293
197620 286
197726 279
197833 272
197939 264
198046 256
198153 251
198259 244
198366 236
198472 228
198578 211
198685 214
198791 207
198898 200
199005 193
199111 183
199218 179
199324 171
199431 164
199537 158
199643 152
199750 142
199856 136
199962 129
200070 122
200176 117
200283 109
200389 100
200496 111
200602 88
200708 81
200815 75
200921 68
201029 65
201135 55
201241 48
201348 42
201454 35
201560 28
201667 21
201773 15
201880 8
201988 1
202095 25
202201 53
202307 78
202414 103
202520 130
202627 158
202733 183
202839 212
202946 241
203053 267
203160 293
203266 323
203372 351
203479 379
203585 408
203692 436
203798 464
203904 493
204012 520
204118 548
204225 579
204331 605
204437 633
204544 661
204650 689
204757 717
204863 744
204969 772
205077 800
205183 828
205290 854
205396 880
205502 904
205609 918
205715 911
205821 903
205928 897
206035 890
206142 883
206248 876
206354 872
206461 865
206567 856
206674 847
206780 842
206886 834
206994 827
207100 822
207207 810
207313 806
207419 803
207526 792
207632 785
207739 778
207845 770
207951 764
208059 756
208165 750
208272 743
208378 734
208484 728
208591 721
208697 712
208804 706
208910 699
209017 691
209124 684
209230 677
209337 671
209443 664
209549 653
209656 648
209762 642
209868 633
209975 627
210082 618
210189 612
210295 604
210401 599
210508 591
210614 582
210721 574
210827 567
210933 560
211041 553
211147 547
211254 538
211360 531
211466 525
211573 517
211679 509
211786 503
211892 495
211999 487
212106 480
212212 473
212319 466
212425 459
212531 451
212638 444
212744 437
212851 428
212957 421
213064 414
213171 408
213277 400
213384 391
213490 385
213596 378
213703 371
213809 363
213915 356
214023 349
214129 341
214236 334
214342 326
214449 319
214555 313
214661 304
214768 297
214874 291
214980 284
215088 276
215194 268
215301 262
215407 254
215513 248
215620 239
215726 233
215833 225
215939 218
216046 210
216153 205
216259 197
216366 188
216472 182
216578 176
216685 170
216791 162
216898 154
217005 147
217111 139
217218 134
217324 127
217431 120
217537 113
217643 107
217750 100
217856 93
217962 87
218070 79
218176 71
218283 66
218389 59
218496 50
218602 42
218708 39
218815 32
218921 28
219029 19
219135 13
219241 5
219348 9
219454 35
219560 61
219667 88
219773 114
219880 141
219988 167
220095 196
220201 224
220307 251
220414 279
220520 306
220627 334
220733 364
220839 390
220946 419
221053 451
221160 475
221266 503
221372 531
221479 560
221585 588
221692 616
221798 644
221904 674
222012 700
222118 729
222225 755
222331 783
222437 810
222544 838
222650 867
222757 890
222863 919
222969 915
223077 908
223183 913
223290 894
223396 887
223502 881
223609 874
223715 866
223821 859
223928 851
224035 846
224142 838
224248 832
224354 824
224461 816
224567 811
224674 805
224780 796
224886 789
224994 781
225100 773
225207 768
225313 760
225419 753
225526 746
225632 738
225739 732
225845 725
225951 717
226059 711
226165 703
226272 696
226378 698
226484 682
226591 675
226697 666
226804 659
226910 653
227017 644
227124 638
227230 631
227337 623
227443 617
227549 610
227656 602
227762 595
227868 586
227975 579
228082 572
228189 566
228295 559
228401 550
228508 543
228614 535
228721 529
228827 521
228933 515
229041 507
229147 499
229254 491
229360 485
229466 477
229573 469
229679 462
229786 455
229892 448
229999 440
230106 432
230212 426
230319 420
230425 411
230531 404
230638 397
230744 389
230851 383
230957 375
231064 367
231171 360
231277 357
231384 345
231490 338
231596 331
231703 326
231809 317
231915 309
232023 301
232129 294
232236 289
232342 282
232449 273
232555 266
232661 258
232768 252
232874 244
232980 237
233088 229
233194 223
233301 217
233407 209
233513 202
233620 194
233726 187
233833 180
233939 174
234046 165
234153 161
234259 153
234366 153
234472 139
234578 132
234685 125
234791 118
234898 111
235005 104
235111 97
235218 90
235324 82
235431 75
235537 69
235643 63
235750 55
235856 49
235962 41
236070 35
236176 29
236283 22
236389 19
236496 10
236602 2
236708 19
236815 45
236921 73
237029 97
237135 125
237241 151
237348 179
237454 205
237560 234
237667 261
237773 289
237880 318
237988 346
238095 374
238201 402
238307 428
238414 459
238520 487
238627 511
238733 543
238839 570
238946 600
239053 628
239160 655
239266 684
239372 711
239479 738
239585 767
239692 794
239798 821
239904 848
240012 875
240118 902
240225 920
240331 913
240437 906
240544 899
240650 892
240757 885
240863 878
240969 871
241077 864
241183 858
241290 850
241396 843
241502 836
241609 828
241715 821
241821 815
241928 808
242035 801
242142 794
242248 786
242354 779
242461 772
242567 765
242674 758
242780 750
242886 743
242994 736
243100 729
243207 724
243313 720
243419 706
243526 701
243632 693
243739 686
243845 679
243951 671
244059 664
244165 657
244272 649
244378 643
244484 636
244591 629
244697 621
244804 613
244910 606
245017 598
245124 591
245230 584
245337 576
245443 569
245549 561
245656 554
245762 546
245868 540
245975 532
246082 528
246189 518
246295 511
246401 509
246508 494
246614 491
246721 481
246827 475
246933 467
247041 459
247147 453
247254 444
247360 437
247466 428
247573 421
247679 415
247786 408
247892 401
247999 392
248106 392
248212 379
248319 372
248425 365
248531 358
248638 349
248744 344
248851 335
248957 327
249064 320
249171 313
249277 306
249384 300
249490 292
249596 284
249703 277
249809 270
249915 263
250023 255
250129 252
250236 247
250342 234
250449 227
250555 220
250661 214
250768 206
250874 199
250980 191
251088 185
251194 177
251301 171
251407 163
251513 155
251620 149
251726 140
251833 135
251939 129
252046 121
252153 115
252259 108
252366 100
252472 94
252578 86
252685 80
252791 74
252898 67
253005 60
253111 53
253218 46
253324 39
253431 34
253537 25
253643 21
253750 13
253856 8
253962 5
254070 31
254176 58
254283 82
254389 109
254496 135
254602 163
254708 190
254815 218
254921 244
255029 269
255135 301
255241 329
255348 356
255454 384
255560 414
255667 440
255773 470
255880 498
255988 525
256095 554
256201 583
256307 612
256414 640
256520 667
256627 694
256733 722
256839 749
256946 779
257053 806
257160 833
257266 859
257372 886
257479 913
257585 916
257692 911
257798 903
257904 896
258012 889
258118 882
258225 874
258331 868
258437 860
258544 855
258650 845
258757 840
258863 833
258969 825
259077 818
259183 812
259290 806
259396 798
259502 790
259609 784
259715 776
259821 770
259928 762
260035 755
260142 747
260248 740
260354 733
260461 726
260567 719
260674 710
260780 705
260886 698
260994 691
261100 683
261207 677
261313 668
261419 661
261526 653
261632 645
261739 639
261845 632
261951 625
262059 620
262165 610
262272 604
262378 596
262484 589
262591 582
262697 573
262804 568
262910 560
263017 551
263124 545
263230 538
263337 530
263443 523
263549 515
263656 508
263762 501
263868 494
263975 486
264082 479
264189 472
264295 464
264401 457
264508 450
264614 443
264721 433
264827 427
264933 420
265041 412
265147 407
265254 399
265360 390
265466 385
265573 380
265679 369
265786 361
265892 354
265999 346
266106 340
266212 333
266319 326
266425 318
266531 310
266638 303
266744 296
266851 284
266957 281
267064 275
267171 267
267277 258
267384 252
267490 245
267596 238
267703 231
267809 225
267915 216
268023 210
268129 201
268236 196
268342 188
268449 182
268555 174
268661 167
268768 160
268874 154
268980 147
269088 140
269194 133
269301 125
269407 118
269513 112
269620 105
269726 99
269833 93
269939 85
270046 79
270153 71
270259 64
270366 57
270472 50
270578 44
270685 37
270791 30
270898 24
271005 17
271111 9
271218 4
271324 14
271431 38
271537 67
271643 93
271750 119
271856 145
271962 172
272070 200
272176 217
272283 257
272389 284
272496 312
272602 339
272708 366
272815 395
272921 424
273029 453
273135 481
273241 509
273348 537
273454 566
273560 592
273667 623
273773 649
273880 678
273988 707
274095 735
274201 762
274307 789
274414 816
274520 842
274627 870
274733 895
274839 930
274946 914
275053 905
275160 901
275266 894
275372 886
275479 879
275585 872
275692 866
275798 858
275904 852
276012 845
276118 838
276225 830
276331 823
276437 816
276544 808
276650 803
276757 792
276863 789
276969 780
277077 773
277183 766
277290 759
277396 751
277502 745
277609 739
277715 730
277821 725
277928 716
278035 709
278142 702
278248 695
278354 687
278461 679
278567 673
278674 665
278780 659
278886 651
278994 643
279100 637
279207 629
279313 622
279419 615
279526 607
279632 599
279739 594
279845 585
279951 579
280059 571
280165 564
280272 556
280378 548
280484 541
280591 535
280697 527
280804 520
280910 512
281017 506
281124 499
281230 490
281337 482
281443 476
281549 468
281656 461
281762 453
281868 445
281975 438
282082 432
282189 424
282295 417
282401 410
282508 403
282614 395
282721 387
282827 382
282933 374
283041 367
283147 358
283254 351
283360 344
283466 339
283573 336
283679 322
283786 315
283892 308
283999 301
284106 292
284212 285
284319 278
284425 271
284531 265
284638 257
284744 249
284851 242
284957 235
285064 229
285171 222
285277 214
285384 207
285490 199
285596 194
285703 186
285809 178
285915 171
286023 164
286129 158
286236 149
286342 145
286449 138
286555 130
286661 123
286768 116
286874 109
286980 103
287088 96
287194 87
287301 81
287407 76
287513 68
287620 62
287726 55
287833 47
287939 42
288046 35
288153 29
288259 20
288366 16
288472 7
288578 2
288685 24
288791 51
288898 77
289005 103
289111 132
289218 158
289324 183
289431 211
289537 239
289643 266
289750 296
289856 322
289962 349
290070 378
290176 408
290283 435
290389 464
290496 493
290602 520
290708 549
290815 577
290921 605
291029 635
291135 660
291241 689
291348 716
291454 744
291560 771
291667 797
291773 825
291880 853
291988 881
292095 908
292201 912
292307 911
292414 905
292520 899
292627 889
292733 884
292839 877
292946 870
293053 862
293160 855
293266 848
293372 840
293479 834
293585 828
293692 820
293798 814
293904 806
294012 799
294118 791
294225 785
294331 776
294437 770
294544 763
294650 756
294757 749
294863 742
294969 734
295077 727
295183 722
295290 713
295396 706
295502 699
295609 691
295715 684
295821 678
295928 671
296035 662
296142 656
296248 648
296354 638
296461 634
296567 626
296674 619
296780 612
296886 605
296994 597
297100 590
297207 583
297313 580
297419 568
297526 561
297632 553
297739 546
297845 539
297951 532
298059 524
298165 517
298272 509
298378 502
298484 495
298591 487
298697 481
298804 475
298910 466
299017 458
299124 451
299230 442
299337 436
299443 429
299549 422
299656 415
299762 406
299868 401
299975 392
300082 386
300189 379
300295 369
300401 363
300508 356
300614 349
300721 341
300827 334
300933 327
301041 319
301147 311
301254 305
301360 297
301466 290
301573 273
301679 276
301786 268
301892 262
301999 256
302106 242
302212 241
302319 232
302425 225
302531 219
302638 211
302744 204
302851 198
302957 190
303064 183
303171 176
303277 169
303384 162
303490 154
303596 148
303703 137
303809 134
303915 128
304023 120
304129 113
304236 105
304342 98
304449 92
304555 86
304661 80
304768 73
304874 66
304980 58
305088 52
305194 44
305301 32
305407 31
305513 25
305620 18
305726 11
305833 5
305939 9
306046 34
306153 61
306259 87
306366 114
306472 141
306578 167
306685 194
306791 223
306898 249
307005 278
307111 305
307218 333
307324 361
307431 390
307537 418
307643 446
307750 474
307856 503
307962 530
308070 559
308176 588
308283 616
308389 643
308496 671
308602 700
308708 728
308815 755
308921 782
309029 810
309135 838
309241 864
309348 891
309454 918
309560 917
309667 909
309773 902
309880 895
309988 888
310095 881
310201 874
310307 867
310414 860
310520 851
310627 845
310733 838
310839 832
310946 825
311053 818
311160 811
311266 803
311372 796
311479 788
311585 782
311692 775
311798 767
311904 761
312012 753
312118 747
312225 740
312331 732
312437 724
312544 717
312650 709
312757 703
312863 696
312969 690
313077 687
313183 674
313290 667
313396 660
313502 653
313609 646
313715 638
313821 631
313928 624
314035 616
314142 609
314248 601
314354 593
314461 588
314567 581
314674 572
314780 565
314886 559
314994 551
315100 544
315207 535
315313 522
315419 520
315526 514
315632 507
315739 500
315845 491
315951 484
316059 478
316165 470
316272 463
316378 456
316484 447
316591 441
316697 432
316804 424
316910 419
317017 412
317124 404
317230 396
317337 388
317443 381
317549 374
317656 368
317762 361
317868 353
317975 349
318082 338
318189 331
318295 325
318401 317
318508 310
318614 306
318721 294
318827 287
318933 281
319041 273
319147 267
319254 258
319360 251
319466 243
319573 237
319679 231
319786 223
319892 215
319999 209
320106 201
320212 193
320319 187
320425 181
320531 173
320638 166
320744 159
320851 144
320957 144
321064 137
321171 131
321277 124
321384 117
321490 112
321596 103
321703 95
321809 90
321915 84
322023 76
322129 69
322236 57
322342 55
322449 49
322555 43
322661 35
322768 28
322874 22
322980 16
323088 9
323194 2
323301 20
323407 45
323513 71
323620 97
323726 124
323833 149
323939 178
324046 205
324153 232
324259 261
324366 293
324472 316
324578 344
324685 373
324791 401
324898 429
325005 457
325111 487
325218 514
325324 542
325431 570
325537 599
325643 627
325750 654
325856 682
325962 711
326070 738
326176 765
326283 794
326389 821
326496 848
326602 875
326708 901
326815 920
326921 913
327029 907
327135 899
327241 892
327348 884
327454 878
327560 871
327667 863
327773 858
327880 848
327988 843
328095 836
328201 829
328307 822
328414 815
328520 807
328627 801
328733 794
328839 787
328946 779
329053 773
329160 765
329266 758
329372 751
329479 744
329585 736
329692 728
329798 722
329904 715
330012 707
330118 701
330225 694
330331 685
330437 679
330544 673
330650 664
330757 657
330863 651
330969 642
331077 636
331183 628
331290 622
331396 613
331502 606
331609 599
331715 592
331821 583
331928 576
332035 569
332142 562
332248 556
332354 547
332461 540
332567 533
332674 527
332780 518
332886 511
332994 503
333100 499
333207 489
333313 481
333419 475
333526 466
333632 460
333739 453
333845 446
333951 438
334059 431
334165 422
334272 416
334378 409
334484 401
334591 394
334697 389
334804 379
334910 371
335017 365
335124 357
335230 351
335337 343
335443 340
335549 329
335656 321
335762 313
335868 306
335975 297
336082 292
336189 286
336295 277
336401 271
336508 263
336614 256
336721 251
336827 242
336933 234
337041 226
337147 220
337254 213
337360 205
337466 199
337573 193
337679 183
337786 177
337892 171
337999 135
338106 156
338212 148
338319 142
338425 135
338531 129
338638 120
338744 114
338851 107
338957 100
339064 94
339171 86
339277 80
339384 73
339490 67
339596 62
339703 54
339809 47
339915 40
340023 33
340129 27
340236 21
340342 14
340449 8
340555 4
340661 30
340768 55
340874 81
340980 108
341088 135
341194 161
341301 194
341407 216
341513 243
341620 271
341726 298
341833 327
341939 355
342046 383
342153 411
342259 440
342366 469
342472 497
342578 526
342685 554
342791 581
342898 610
343005 638
343111 667
343218 694
343324 722
343431 749
343537 778
343643 804
343750 831
343856 857
343962 885
344070 911
344176 917
344283 910
344389 903
344496 904
344602 888
344708 883
344815 875
344921 868
345029 862
345135 854
345241 847
345348 840
345454 833
345560 826
345667 819
345773 812
345880 805
345988 798
346095 791
346201 783
346307 776
346414 769
346520 763
346627 755
346733 748
346839 740
346946 734
347053 727
347160 720
347266 712
347372 705
347479 698
347585 691
347692 683
347798 676
347904 669
348012 662
348118 654
348225 649
348331 639
348437 633
348544 626
348650 617
348757 611
348863 604
348969 595
349077 588
349183 581
349290 574
349396 564
349502 560
349609 552
349715 545
349821 537
349928 531
350035 523
350142 516
350248 509
350354 499
350461 494
350567 487
350674 477
350780 477
350886 465
350994 457
351100 449
351207 442
351313 435
351419 427
351526 419
351632 412
351739 405
351845 399
351951 391
352059 382
352165 377
352272 369
352378 360
352484 348
352591 347
352697 341
352804 333
352910 326
353017 318
353124 313
353230 303
353337 297
353443 290
353549 281
353656 275
353762 267
353868 260
353975 251
354082 246
354189 239
354295 231
354401 224
354508 218
354614 210
354721 203
354827 196
354933 189
355041 181
355147 175
355254 168
355360 161
355466 152
355573 147
355679 140
355786 131
355892 126
355999 117
356106 111
356212 105
356319 99
356425 92
356531 85
356638 77
356744 71
356851 65
356957 58
357064 51
357171 43
357277 38
357384 30
357490 25
357596 18
357703 10
357809 3
357915 14
358023 39
358129 56
358236 93
358342 119
358449 144
358555 173
358661 199
358768 227
358874 256
358980 283
359088 311
359194 338
359301 367
359407 395
359513 424
359620 452
359726 482
359833 508
359939 536
360046 564
360153 594
360259 621
360366 650
360472 676
360578 705
360685 731
360791 761
360898 788
361005 815
361111 843
361218 869
361324 894
361431 923
361537 914
361643 907
361750 904
361856 893
361962 886
362070 880
362176 873
362283 867
362389 849
362496 852
362602 845
362708 837
362815 831
362921 823
363029 816
363135 809
363241 802
363348 795
363454 788
363560 781
363667 773
363773 767
363880 759
363988 752
364095 746
364201 737
364307 731
364414 724
364520 716
364627 709
364733 699
364839 695
364946 688
365053 682
365160 673
365266 665
365372 658
365479 651
365585 645
365692 636
365798 630
365904 621
366012 615
366118 607
366225 605
366331 595
366437 585
366544 579
366650 578
366757 564
366863 557
366969 549
367077 542
367183 534
367290 527
367396 519
367502 513
367609 504
367715 498
367821 488
367928 483
368035 477
368142 468
368248 460
368354 454
368461 448
368567 439
368674 432
368780 425
368886 416
368994 410
369100 403
369207 395
369313 390
369419 381
369526 374
369632 367
369739 359
369845 353
369951 343
370059 337
370165 330
370272 322
370378 315
370484 308
370591 301
370697 294
370804 286
370910 279
371017 271
371124 265
371230 257
371337 249
371443 251
371549 236
371656 228
371762 221
371868 214
371975 213
372082 200
372189 193
372295 186
372401 179
372508 172
372614 165
372721 158
372827 152
372933 144
373041 136
373147 130
373254 122
373360 115
373466 108
373573 102
373679 95
373786 89
373892 83
373999 76
374106 68
374212 62
374319 54
374425 47
374531 42
374638 35
374744 27
374851 21
374957 15
375064 8
375171 1
375277 25
375384 51
375490 77
375596 102
375703 130
375809 156
375915 182
376023 210
376129 239
376236 266
376342 295
376449 323
376555 351
376661 378
376768 406
376874 434
376980 464
377088 491
377194 521
377301 548
377407 575
377513 605
377620 632
377726 660
377833 690
377939 716
378046 742
378153 771
378259 799
378366 826
378472 853
378578 880
378685 907
378791 919
378898 913
379005 903
379111 898
379218 890
379324 885
379431 877
379537 871
379643 862
379750 856
379856 849
379962 841
380070 834
380176 828
380283 820
380389 814
380496 807
380602 800
380708 792
380815 785
380921 777
381029 771
381135 764
381241 758
381348 749
381454 742
381560 735
381667 728
381773 721
381880 713
381988 706
382095 699
382201 692
382307 685
382414 677
382520 668
382627 663
382733 656
382839 649
382946 641
383053 633
383160 627
383266 619
383372 612
383479 606
383585 597
383692 589
383798 582
383904 575
384012 566
384118 562
384225 552
384331 546
384437 539
384544 529
384650 525
384757 516
384863 510
384969 503
385077 495
385183 487
385290 481
385396 473
385502 467
385609 458
385715 450
385821 445
385928 435
386035 428
386142 421
386248 415
386354 406
386461 399
386567 393
386674 386
386780 376
386886 370
386994 365
387100 355
387207 349
387313 342
387419 334
387526 334
387632 319
387739 313
387845 305
387951 298
388059 291
388165 283
388272 277
388378 269
388484 262
388591 255
388697 247
388804 238
388910 234
389017 226
389124 220
389230 211
389337 204
389443 197
389549 190
389656 184
389762 175
389868 169
389975 170
390082 156
390189 148
390295 141
390401 134
390508 127
390614 121
390721 112
390827 108
390933 99
391041 92
391147 86
391254 79
391360 76
391466 65
391573 58
391679 52
391786 45
391892 38
391999 36
392106 25
392212 18
392319 11
392425 6
392531 8
392638 35
392744 60
392851 87
392957 114
393064 140
393171 168
393277 195
393384 221
393490 249
393596 277
393703 306
393809 334
393915 361
394023 389
394129 417
394236 446
394342 474
394449 503
394555 531
394661 560
394768 588
394874 616
394980 644
395088 670
395194 700
395301 733
395407 755
395513 782
395620 810
395726 836
395833 860
395939 891
396046 918
396153 915
396259 908
396366 901
396472 895
396578 887
396685 881
396791 874
396898 867
397005 860
397111 853
397218 846
397324 839
397431 832
397537 825
397643 818
397750 811
397856 806
397962 796
398070 789
398176 782
398283 774
398389 769
398496 760
398602 754
398708 746
398815 739
398921 733
399029 725
399135 718
399241 711
399348 704
399454 697
399560 690
399667 681
399773 674
399880 668
399988 660
400095 652
400201 646
400307 638
400414 631
400520 623
400627 617
400733 610
400839 602
400946 594
401053 587
401160 580
401266 571
401372 566
401479 557
401585 551
401692 544
401798 536
401904 530
402012 520
402118 514
402225 505
402331 500
402437 491
402544 485
402650 476
402757 470
402863 463
402969 456
403077 448
403183 441
403290 434
403396 426
403502 419
403609 413
403715 403
403821 397
403928 391
404035 382
404142 374
404248 368
404354 361
404461 353
404567 345
404674 339
404780 330
404886 324
404994 317
405100 311
405207 285
405313 294
405419 287
405526 280
405632 273
405739 266
405845 258
405951 252
406059 244
406165 239
406272 230
406378 223
406484 215
406591 210
406697 201
406804 194
406910 188
407017 181
407124 176
407230 165
407337 160
407443 152
407549 144
407656 138
407762 130
407868 125
407975 117
408082 111
408189 102
408295 96
408401 89
408508 83
408614 77
408721 70
408827 63
408933 57
409041 50
409147 42
409254 29
409360 30
409466 23
409573 17
409679 9
409786 2
409892 19
409999 43
410106 71
410212 97
410319 124
410425 152
410531 179
410638 203
410744 232
410851 261
410957 289
411064 319
411171 345
411277 373
411384 400
411490 428
411596 458
411703 485
411809 513
411915 542
412023 570
412129 593
412236 626
412342 655
412449 683
412555 710
412661 738
412768 766
412874 794
412980 821
413088 848
413194 875
413301 901
413407 919
413513 913
413620 906
413726 899
413833 891
413939 885
414046 878
414153 870
414259 863
414366 857
414472 850
414578 843
414685 835
414791 829
414898 823
415005 815
415111 808
415218 800
415324 785
415431 786
415537 779
415643 772
415750 765
415856 757
415962 751
416070 743
416176 737
416283 729
416389 723
416496 715
416602 708
416708 701
416815 694
416921 686
417029 679
417135 670
417241 665
417348 657
417454 650
417560 642
417667 635
417773 628
417880 621
417988 614
418095 606
418201 599
418307 591
418414 584
418520 574
418627 570
418733 562
418839 555
418946 548
419053 539
419160 533
419266 525
419372 518
419479 511
419585 504
419692 496
419798 488
419904 482
420012 475
420118 467
420225 461
420331 453
420437 445
420544 438
420650 433
420757 423
420863 416
420969 408
421077 400
421183 395
421290 388
421396 380
421502 372
421609 364
421715 357
421821 351
421928 343
422035 335
422142 329
422248 323
422354 314
422461 307
422567 300
422674 292
422780 285
422886 278
422994 270
423100 264
423207 256
423313 249
423419 241
423526 234
423632 228
423739 220
423845 212
423951 206
424059 199
424165 192
424272 184
424378 178
424484 169
424591 164
424697 156
424804 150
424910 143
425017 134
425124 129
425230 122
425337 115
425443 107
425549 100
425656 94
425762 88
425868 80
425975 73
426082 68
426189 60
426295 55
426401 46
426508 39
426614 33
426721 27
426827 20
426933 15
427041 8
427147 3
427254 29
427360 54
427466 82
427573 109
427679 134
427786 162
427892 190
427999 215
428106 245
428212 273
428319 301
428425 333
428531 355
428638 383
428744 412
428851 440
428957 468
429064 496
429171 525
429277 554
429384 581
429490 610
429596 636
429703 665
429809 694
429915 721
430023 748
430129 779
430236 803
430342 832
430449 857
430555 885
430661 912
430768 917
430874 910
430980 903
431088 896
431194 890
431301 883
431407 874
431513 868
431620 861
431726 854
431833 846
431939 840
432046 832
432153 827
432259 820
432366 814
432472 806
432578 798
432685 791
432791 784
432898 777
433005 769
433111 762
433218 755
433324 748
433431 741
433537 733
433643 726
433750 720
433856 712
433962 706
434070 698
434176 691
434283 684
434389 676
434496 670
434602 662
434708 654
434815 648
434921 640
435029 633
435135 626
435241 618
435348 609
435454 604
435560 596
435667 589
435773 579
435880 575
435988 566
436095 560
436201 552
