47 207
124 217
200 223
277 230
353 237
429 244
506 251
582 258
659 267
735 273
811 281
888 288
964 295
1042 303
1118 309
1194 318
1271 325
1347 331
1423 339
1500 348
1576 354
1653 362
1729 368
1805 374
1882 387
1958 391
2036 399
2112 405
2188 412
2265 420
2341 428
2418 435
2494 441
2570 451
2647 457
2723 465
2799 471
2876 477
2952 487
3030 494
3106 499
3182 507
3259 507
3335 523
3412 530
3488 537
3564 545
3641 553
3717 559
3794 567
3870 574
3946 581
4024 564
4100 594
4177 603
4253 610
4329 617
4406 626
4482 631
4558 636
4635 638
4711 654
4788 662
4864 669
4940 675
5018 682
5094 690
5171 696
5247 704
5323 712
5400 719
5476 724
5553 733
5629 739
5705 747
5782 754
5858 761
5934 766
6012 775
6088 782
6165 789
6241 796
6317 803
6394 810
6470 817
6547 824
6623 831
6699 838
6776 820
6852 803
6928 787
7006 771
7082 755
7159 738
7235 723
7312 707
7388 690
7464 673
7541 657
7617 640
7693 623
7770 608
7846 589
7923 574
8000 556
8076 542
8153 523
8229 506
8306 491
8382 475
8458 463
8535 439
8611 423
8687 405
8764 388
8840 372
8917 356
8994 339
9071 323
9147 305
9223 288
9300 270
9376 256
9452 240
9529 222
9605 205
9682 190
9758 179
9834 157
9911 142
9988 126
10065 111
10141 95
10217 80
10294 64
10370 49
10446 58
10523 57
10599 63
10676 69
10752 76
10828 83
10905 91
10981 96
11059 104
11135 111
11211 118
11288 123
11364 131
11441 146
11517 145
11593 152
11670 160
11746 166
11822 173
11899 180
11975 187
12053 194
12129 202
12206 209
12282 214
12358 222
12435 229
12511 237
12587 245
12664 251
12740 258
12817 257
12893 273
12969 281
13047 287
13123 296
13200 301
13276 310
13352 317
13429 323
13505 331
13581 339
13658 346
13734 352
13811 360
13887 367
13963 375
14041 383
14117 390
14194 397
14270 404
14346 412
14423 418
14499 427
14576 433
14652 441
14728 450
14805 457
14881 461
14957 477
15035 478
15111 485
15188 492
15264 500
15340 507
15417 515
15493 523
15570 529
15646 536
15722 543
15799 551
15875 558
15952 567
16029 573
16105 579
16182 579
16258 596
16335 603
16411 609
16487 616
16564 622
16640 631
16716 639
16793 645
16869 653
16946 660
17023 667
17099 674
17176 682
17252 690
17329 696
17405 702
17481 711
17558 717
17634 729
17711 732
17787 740
17863 748
17940 753
18017 760
18094 768
18170 775
18246 783
18323 788
18399 795
18475 803
18552 809
18628 816
18705 824
18781 829
18857 836
18934 822
19011 806
19088 790
19164 772
19240 757
19317 742
19393 725
19470 708
19546 692
19622 675
19699 659
19775 643
19851 624
19928 609
20005 592
20082 575
20158 558
20234 543
20311 525
20387 508
20464 492
20540 473
20616 458
20693 441
20769 425
20846 408
20922 390
20999 375
21076 357
21152 340
21229 324
21305 307
21381 290
21458 274
21534 258
21610 241
21687 223
21763 208
21840 192
21916 177
21993 159
22070 142
22146 128
22223 113
22299 97
22375 82
22452 66
22528 52
22605 49
22681 56
22757 60
22834 69
22910 77
22988 83
23064 90
23141 95
23217 103
23294 110
23370 117
23446 124
23523 130
23599 138
23676 144
23752 153
23828 159
23905 166
23981 172
24059 179
24135 186
24211 193
24288 201
24364 208
24440 221
24517 222
24593 229
24670 236
24746 243
24822 251
24899 259
24975 265
25053 273
25129 280
25205 287
25282 295
25358 301
25435 308
25511 318
25587 324
25664 330
25740 338
25816 343
25893 351
25969 360
26047 368
26123 375
26200 382
26276 388
26352 396
26429 403
26505 411
26581 423
26658 424
26734 432
26811 441
26887 448
26963 454
27041 463
27117 470
27194 478
27270 485
27346 490
27423 499
27499 506
27575 514
27652 521
27728 528
27805 535
27881 543
27957 558
28035 558
28111 567
28188 572
28264 580
28340 587
28417 593
28493 601
28570 609
28646 617
28722 624
28799 631
28875 638
28951 645
29029 654
29105 660
29182 668
29258 667
29334 681
29411 689
29487 696
29564 702
29640 711
29716 716
29793 724
29869 731
29946 738
30023 746
30099 752
30176 759
30252 767
30329 774
30405 780
30481 788
30558 795
30634 804
30710 809
30787 816
30863 822
30940 829
31017 836
31093 823
31170 807
31246 792
31323 775
31399 758
31475 743
31552 726
31628 710
31705 693
31781 678
31857 661
31934 643
32011 627
32088 611
32164 593
32240 578
32317 561
32393 545
32469 525
32546 511
32622 493
32699 476
32775 459
32851 442
32928 426
33005 410
33082 393
33158 375
33234 359
33311 338
33387 326
33464 309
33540 292
33616 275
33693 259
33769 242
33845 226
33922 211
33999 201
34076 177
34152 160
34228 145
34305 131
34381 112
34458 98
34534 83
34610 68
34687 53
34763 48
34840 54
34916 61
34993 70
35070 76
35146 82
35223 89
35299 95
35375 103
35452 110
35528 116
35604 122
35681 130
35757 142
35834 144
35910 150
35988 157
36065 163
36141 171
36217 179
36294 185
36370 193
36446 200
36523 206
36599 215
36676 221
36752 227
36828 235
36905 243
36981 250
37059 257
37135 261
37211 273
37288 278
37364 286
37440 294
37517 302
37593 308
37670 316
37746 323
37822 329
37899 337
37975 344
38053 352
38129 358
38205 363
38282 374
38358 380
38435 388
38511 395
38587 404
38664 410
38740 416
38816 423
38893 432
38969 441
39047 447
39123 454
39200 460
39276 469
39352 476
39429 484
39505 491
39581 511
39658 505
39734 511
39811 521
39887 528
39963 535
40041 542
40117 550
40194 557
40270 564
40346 571
40423 579
40499 585
40575 593
40652 599
40728 608
40805 616
40881 622
40957 630
41035 637
41111 644
41188 652
41264 658
41340 665
41417 673
41493 680
41570 688
41646 694
41722 702
41799 709
41875 716
41951 722
42029 729
42105 737
42182 745
42258 757
42334 758
42411 766
42487 772
42564 779
42640 786
42716 794
42793 800
42869 808
42946 815
43023 821
43099 828
43176 836
43252 824
43329 808
43405 792
43481 774
43558 759
43634 744
43710 727
43787 712
43863 696
43940 679
44017 662
44093 645
44170 626
44246 613
44323 596
44399 579
44475 563
44552 546
44628 529
44705 513
44781 496
44857 478
44934 463
45011 445
45088 428
45164 412
45240 395
45317 378
45393 361
45469 346
45546 327
45622 310
45699 294
45775 278
45851 261
45928 246
46005 229
46082 212
46158 195
46234 179
46311 162
46387 153
46464 131
46540 117
46616 102
46693 85
46769 69
46845 55
46922 48
46999 54
47076 55
47152 67
47228 74
47305 80
47381 87
47458 94
47534 101
47610 108
47687 114
47763 122
47840 128
47916 136
47993 143
48070 149
48146 156
48223 165
48299 170
48375 178
48452 185
48528 191
48604 198
48681 206
48757 210
48834 220
48910 228
48988 235
49065 240
49141 249
49217 256
49294 263
49370 270
49446 278
49523 285
49599 292
49676 299
49752 307
49828 314
49905 321
49981 327
50059 336
50135 343
50211 350
50288 356
50364 365
50440 374
50517 380
50593 387
50670 395
50746 403
50822 409
50899 417
50975 423
51053 432
51129 439
51205 446
51282 453
51358 459
51435 468
51511 476
51587 483
51664 491
51740 497
51816 500
51893 512
51969 519
52047 527
52123 534
52200 542
52276 549
52352 557
52429 563
52505 570
52581 578
52658 584
52734 592
52811 600
52887 606
52963 614
53041 621
53117 628
53194 636
53270 644
53346 650
53423 657
53499 665
53575 673
53652 679
53728 686
53805 694
53881 700
53957 708
54035 717
54111 721
54188 729
54264 736
54340 744
54417 750
54493 757
54570 765
54646 772
54722 779
54799 785
54875 793
54951 800
55029 806
55105 814
55182 827
55258 830
55334 835
55411 827
55487 811
55564 795
55640 779
55716 763
55793 747
55869 730
55946 714
56023 698
56099 682
56176 665
56252 648
56329 633
56405 616
56481 597
56558 580
56634 565
56710 548
56787 532
56863 513
56940 498
57017 481
57093 464
57170 446
57246 430
57323 415
57399 397
57475 380
57552 363
57628 347
57705 329
57781 313
57857 296
57934 281
58011 264
58088 247
58164 230
58240 214
58317 197
58393 181
58469 165
58546 150
58622 133
58699 121
58775 102
58851 87
58928 73
59005 57
59082 45
59158 52
59234 60
59311 64
59387 88
59464 80
59540 87
59616 95
59693 101
59769 107
59845 113
59922 121
59999 128
60076 135
60152 142
60228 149
60305 155
60381 162
60458 169
60534 176
60610 184
60687 190
60763 179
60840 205
60916 212
60993 219
61070 228
61146 234
61223 240
61299 247
61375 255
61452 262
61528 270
61604 276
61681 284
61757 291
61834 298
61910 305
61988 311
62065 319
62141 329
62217 335
62294 342
62370 350
62446 358
62523 364
62599 372
62676 379
62752 385
62828 391
62905 401
62981 403
63059 416
63135 423
63211 430
63288 438
63364 444
63440 453
63517 459
63593 467
63670 474
63746 481
63822 488
63899 497
63975 503
64053 513
64129 519
64205 526
64282 533
64358 540
64435 548
64511 556
64587 563
64664 569
64740 576
64816 584
64893 591
64969 599
65047 606
65123 614
65200 620
65276 627
65352 636
65429 643
65505 650
65581 656
65658 664
65734 671
65811 678
65887 686
65963 693
66041 699
66117 707
66194 714
66270 721
66346 728
66423 736
66499 742
66575 750
66652 756
66728 763
66805 771
66881 777
66957 785
67035 790
67111 799
67188 806
67264 812
67340 820
67417 827
67493 834
67570 829
67646 813
67722 797
67799 781
67875 764
67951 748
68029 733
68105 717
68182 702
68258 683
68334 667
68411 649
68487 635
68564 617
68640 601
68716 584
68793 567
68869 550
68946 534
69023 518
69099 500
69176 482
69252 466
69329 449
69405 432
69481 416
69558 400
69634 382
69710 365
69787 348
69863 330
69940 316
70017 299
70093 283
70170 266
70246 249
70323 232
70399 216
70475 199
70552 183
70628 165
70705 154
70781 135
70857 120
70934 105
71011 90
71088 75
71164 58
71240 42
71317 52
71393 58
71469 67
71546 73
71622 80
71699 85
71775 93
71851 99
71928 107
72005 113
72082 120
72158 127
72234 134
72311 138
72387 148
72464 155
72540 162
72616 169
72693 176
72769 182
72845 189
72922 197
72999 205
73076 216
73152 219
73228 227
73305 233
73381 239
73458 247
73534 255
73610 261
73687 276
73763 275
73840 283
73916 291
73993 298
74070 306
74146 311
74223 319
74299 326
74375 334
74452 342
74528 349
74604 357
74681 364
74757 371
74834 377
74910 408
74988 394
75065 400
75141 408
75217 415
75294 422
75370 430
75446 437
75523 442
75599 450
75676 458
75752 464
75828 475
75905 481
75981 488
76059 495
76135 502
76211 510
76288 517
76364 526
76440 533
76517 539
76593 548
76670 554
76746 562
76822 569
76899 574
76975 583
77053 590
77129 600
77205 604
77282 619
77358 619
77435 627
77511 634
77587 641
77664 649
77740 656
77816 661
77893 663
77969 678
78047 685
78123 692
78200 699
78276 706
78352 714
78429 720
78505 727
78581 741
78658 741
78734 749
78811 756
78887 762
78963 770
79041 777
79117 784
79194 792
79270 798
79346 805
79423 812
79499 819
79575 826
79652 832
79728 831
79805 814
79881 799
79957 782
80035 767
80111 751
80188 734
80264 718
80340 701
80417 685
80493 669
80570 652
80646 635
80722 619
80799 601
80875 586
80951 570
81029 553
81105 536
81182 519
81258 508
81334 486
81411 468
81487 452
81564 436
81640 417
81716 402
81793 384
81869 368
81946 351
82023 334
82099 318
82176 301
82252 284
82329 265
82405 250
82481 244
82558 218
82634 202
82710 186
82787 171
82863 153
82940 137
83017 122
83093 108
83170 91
83246 77
83323 59
83399 45
83475 51
83552 59
83628 66
83705 73
83781 78
83857 76
83934 92
84011 99
84088 103
84164 113
84240 120
84317 126
84393 133
84469 140
84546 148
84622 154
84699 161
84775 167
84851 176
84928 185
85005 190
85082 196
85158 203
85234 212
85311 217
85387 223
85464 231
85540 238
85616 246
85693 254
85769 261
85845 268
85922 275
85999 282
86076 288
86152 298
86228 305
86305 312
86381 319
86458 325
86534 333
86610 340
86687 347
86763 354
86840 362
86916 369
86993 377
87070 384
87146 392
87223 400
87299 407
87375 414
87452 421
87528 428
87604 434
87681 443
87757 451
87834 457
87910 465
87988 473
88065 480
88141 488
88217 494
88294 501
88370 510
88446 517
88523 524
88599 531
88676 539
88752 546
88828 554
88905 558
88981 569
89059 576
89135 582
89211 589
89288 597
89364 605
89440 612
89517 619
89593 626
89670 633
89746 640
89822 647
89899 655
89975 662
90053 670
90129 676
90205 684
90282 688
90358 697
90435 705
90511 711
90587 720
90664 726
90740 733
90816 744
90893 750
90969 755
91047 762
91123 770
91200 776
91276 783
91352 790
91429 797
91505 805
91581 803
91658 818
91734 826
91811 832
91887 832
91963 817
92041 801
92117 785
92194 767
92270 752
92346 735
92423 721
92499 703
92575 688
92652 669
92728 655
92805 638
92881 621
92957 605
93035 589
93111 570
93188 555
93264 539
93340 520
93417 503
93493 487
93570 470
93646 455
93722 437
93799 420
93875 402
93951 386
94029 369
94105 352
94182 336
94258 320
94334 318
94411 286
94487 269
94564 254
94640 236
94716 220
94793 203
94869 187
94946 170
95023 155
95099 139
95176 125
95252 108
95329 93
95405 77
95481 63
95558 46
95634 52
95710 58
95787 65
95863 71
95940 78
96017 85
96093 92
96170 98
96246 104
96323 112
96399 118
96475 125
96552 133
96628 138
96705 146
96781 154
96857 165
96934 166
97011 175
97088 182
97164 188
97240 195
97317 202
97393 209
97469 217
97546 224
97622 230
97699 238
97775 245
97851 252
97928 260
98005 267
98082 274
98158 281
98234 291
98311 296
98387 303
98464 310
98540 318
98616 325
98693 332
98769 339
98845 347
98922 353
98999 360
99076 369
99152 375
99228 383
99305 391
99381 397
99458 405
99534 413
99610 422
99687 427
99763 429
99840 443
99916 451
99993 456
100070 464
100146 471
100223 480
100299 487
100375 493
100452 501
100528 508
100604 516
100681 523
100757 530
100834 537
100910 546
100988 553
101065 560
101141 568
101217 574
101294 581
101370 589
101446 597
101523 604
101599 611
101676 617
101752 626
101828 632
101905 639
101981 647
102059 654
102135 662
102211 665
102288 676
102364 683
102440 690
102517 698
102593 705
102670 712
102746 719
102822 725
102899 733
102975 741
103053 747
103129 754
103205 759
103282 768
103358 775
103435 782
103511 790
103587 796
103664 803
103740 810
103816 817
103893 825
103969 831
104047 835
104123 819
104200 803
104276 787
104352 771
104429 754
104505 739
104581 725
104658 706
104734 690
104811 672
104887 656
104963 640
105041 623
105117 607
105194 590
105270 574
105346 557
105423 538
105499 522
105575 507
105652 489
105728 473
105805 456
105881 438
105957 422
106035 405
106111 387
106188 371
106264 354
106340 340
106417 321
106493 305
106570 288
106646 272
106722 255
106799 238
106875 222
106951 206
107029 190
107105 173
107182 156
107258 142
107334 130
107411 108
107487 93
107564 80
107640 63
107716 49
107793 50
107869 55
107946 60
108023 68
108099 76
108176 85
108252 90
108329 95
108405 104
108481 112
108558 119
108634 124
108710 132
108787 140
108863 145
108940 151
109017 159
109093 166
109170 173
109246 180
109323 187
109399 194
109475 202
109552 209
109628 217
109705 223
109781 235
109857 240
109934 245
110011 252
110088 258
110164 266
110240 274
110317 281
110393 287
110469 295
110546 302
110622 309
110699 317
110775 325
110851 332
110928 340
111005 359
111082 345
111158 360
111234 368
111311 377
111387 384
111464 391
111540 398
111616 405
111693 413
111769 419
111845 425
111922 434
111999 440
112076 449
112152 456
112228 464
112305 471
112381 479
112458 486
112534 492
112610 500
112687 508
112763 521
112840 522
112916 530
112993 538
113070 545
113146 551
113223 559
113299 566
113375 574
113452 581
113528 589
113604 595
113681 602
113757 610
113834 617
113910 624
113988 632
114065 639
114141 646
114217 653
114294 661
114370 668
114446 676
114523 681
114599 690
114676 696
114752 703
114828 712
114905 718
114981 725
115059 733
115135 740
115211 747
115288 753
115364 760
115440 767
115517 774
115593 781
115670 788
115746 795
115822 802
115899 810
115975 816
116053 824
116129 830
116205 833
116282 819
116358 805
116435 789
116511 773
116587 756
116664 741
116740 723
116816 707
116893 690
116969 675
117047 658
117123 642
117200 626
117276 608
117352 592
117429 575
117505 558
117581 540
117658 525
117734 508
117811 491
117887 475
117963 457
118041 441
118117 425
118194 407
118270 388
118346 375
118423 357
118499 340
118575 324
118652 307
118728 290
118805 274
118881 256
118957 240
119035 223
119111 207
119188 191
119264 176
119340 159
119417 143
119493 128
119570 113
119646 95
119722 80
119799 66
119875 51
119951 49
120029 57
120105 62
120182 70
120258 77
120334 83
120411 89
120487 96
120564 103
120640 110
120716 117
120793 124
120869 131
120946 140
121023 145
121099 150
121176 155
121252 164
121329 171
121405 180
121481 187
121558 193
121634 200
121710 209
121787 215
121863 223
121940 228
122017 237
122093 243
122170 250
122246 258
122323 265
122399 272
122475 280
122552 291
122628 292
122705 303
122781 307
122857 317
122934 324
123011 331
123088 338
123164 345
123240 352
123317 360
123393 366
123469 374
123546 381
123622 389
123699 396
123775 403
123851 411
123928 419
124005 453
124082 433
124158 440
124234 448
124311 457
124387 463
124464 470
124540 477
124616 484
124693 491
124769 500
124845 507
124922 514
124999 521
125076 530
125152 536
125228 544
125305 543
125381 535
125458 564
125534 573
125610 580
125687 588
125763 593
125840 601
125916 610
125993 619
126070 624
126146 630
126223 638
126299 645
126375 653
126452 660
126528 667
126604 674
126681 681
126757 689
126834 695
126910 703
126988 710
127065 717
127141 724
127217 731
127294 739
127370 746
127446 752
127523 759
127599 768
127676 775
127752 780
127828 787
127905 795
127981 801
128059 809
128135 816
128211 823
128288 830
128364 836
128440 824
128517 807
128593 791
128670 775
128746 758
128822 743
128899 726
128975 708
129053 693
129129 677
129205 660
129282 640
129358 626
129435 610
129511 594
129587 577
129664 560
129740 542
129816 527
129893 510
129969 494
130047 476
130123 460
130200 442
130276 426
130352 407
130429 392
130505 375
130581 358
130658 342
130734 325
130811 309
130887 292
130963 276
131041 258
131117 241
131194 226
131270 209
131346 194
131423 177
131499 162
131575 145
131652 128
131728 114
131805 98
131881 82
131957 68
132035 52
132111 47
132188 55
132264 62
132340 69
132417 75
132493 82
132570 89
132646 95
132722 102
132799 109
132875 116
132951 122
133029 131
133105 136
133182 144
133258 151
133334 151
133411 165
133487 171
133564 179
133640 185
133716 192
133793 201
133869 206
133946 213
134023 224
134099 227
134176 236
134252 243
134329 250
134405 255
134481 264
134558 271
134634 279
134710 284
134787 294
134863 298
134940 309
135017 315
135093 323
135170 329
135246 337
135323 344
135399 352
135475 357
135552 370
135628 373
135705 380
135781 396
135857 394
135934 402
136011 410
136088 417
136164 424
136240 431
136317 440
136393 448
136469 455
136546 461
136622 470
136699 477
136775 485
136851 491
136928 496
137005 506
137082 513
137158 520
137234 527
137311 535
137387 543
137464 551
137540 558
137616 564
137693 571
137769 578
137845 585
137922 594
137999 600
138076 608
138152 615
138228 623
138305 630
138381 637
138458 643
138534 651
138610 658
138687 666
138763 673
138840 682
138916 687
138993 693
139070 702
139146 710
139223 716
139299 724
139375 731
139452 737
139528 746
139604 750
139681 758
139757 765
139834 772
139910 780
139988 787
140065 793
140141 801
140217 809
140294 815
140370 821
140446 828
140523 835
140599 825
140676 809
140752 794
140828 776
140905 761
140981 744
141059 728
141135 711
141211 695
141288 680
141364 663
141440 646
141517 629
141593 613
141670 596
141746 579
141822 561
141899 545
141975 529
142053 512
142129 495
142205 479
142282 462
142358 445
142435 428
142511 411
142587 395
142664 378
142740 361
142816 345
142893 328
142969 311
143047 294
143123 277
143200 260
143276 244
143352 228
143429 211
143505 195
143581 176
143658 164
143734 148
143811 132
143887 115
143963 99
144041 85
144117 71
144194 54
144270 48
144346 55
144423 61
144499 68
144575 77
144652 81
144728 86
144805 95
144881 101
144957 108
145035 116
145111 122
145188 129
145264 135
145340 143
145417 149
145493 156
145570 164
145646 171
145722 178
145799 185
145875 191
145951 198
146029 206
146105 212
146182 219
146258 228
146334 236
146411 242
146487 250
146564 256
146640 263
146716 270
146793 278
146869 285
146946 292
147023 299
147099 308
147176 314
147252 321
147329 330
147405 335
147481 342
147558 352
147634 357
147710 364
147787 371
147863 382
147940 388
148017 395
148093 403
148170 408
148246 417
148323 426
148399 431
148475 438
148552 446
148628 453
148705 460
148781 468
148857 475
148934 481
149011 489
149088 498
149164 502
149240 512
149317 520
149393 526
149469 534
149546 541
149622 549
149699 552
149775 563
149851 570
149928 579
150005 584
150082 592
150158 599
150234 607
150311 614
150387 621
150464 630
150540 636
150616 644
150693 650
150769 657
150845 665
150922 672
150999 680
151076 686
151152 693
151228 701
151305 714
151381 713
151458 723
151534 730
151610 736
151687 743
151763 750
151840 758
151916 766
151993 774
152070 779
152146 786
152223 794
152299 800
152375 807
152452 813
152528 820
152604 828
152681 835
152757 827
152834 811
152910 796
152988 779
153065 763
153141 746
153217 730
153294 713
153370 698
153446 681
153523 665
153599 647
153676 632
153752 615
153828 598
153905 580
153981 564
154059 548
154135 531
154211 513
154288 497
154364 480
154440 464
154517 447
154593 430
154670 413
154746 398
154822 379
154899 364
154975 346
155053 328
155129 314
155205 292
155282 262
155358 264
155435 244
155511 229
155587 214
155664 197
155740 181
155816 166
155893 150
155969 133
156047 117
156123 101
156200 87
156276 71
156352 56
156429 47
156505 54
156581 60
156658 66
156734 74
156811 81
156887 87
156963 95
157041 101
157117 108
157194 111
157270 122
157346 128
157423 135
157499 141
157575 149
157652 156
157728 162
157805 169
157881 175
157957 184
158035 190
158111 199
158188 206
158264 212
158340 219
158417 226
158493 235
158570 240
158646 248
158722 256
158799 263
158875 269
158951 276
159029 284
159105 293
159182 298
159258 304
159334 309
159411 319
159487 328
159564 336
159640 341
159716 349
159793 357
159869 364
159946 373
160023 378
160099 386
160176 394
160252 402
160329 407
160405 414
160481 423
160558 431
160634 437
160710 440
160787 451
160863 460
160940 468
161017 475
161093 481
161170 489
161246 497
161323 504
161399 510
161475 518
161552 526
161628 532
161705 540
161781 549
161857 555
161934 562
162011 571
162088 576
162164 585
162240 592
162317 599
162393 606
162469 614
162546 620
162622 628
162699 635
162775 643
162851 649
162928 657
163005 660
163082 671
163158 678
163234 685
163311 693
163387 700
163464 707
163540 714
163616 721
163693 729
163769 736
163845 741
163922 750
163999 757
164076 764
164152 770
164228 779
164305 785
164381 793
164458 799
164534 805
164610 813
164687 821
164763 827
164840 836
164916 829
164993 814
165070 797
165146 781
165223 765
165299 748
165375 732
165452 716
165528 699
165604 683
165681 669
165757 650
165834 633
165910 618
165988 600
166065 582
166141 565
166217 550
166294 533
166370 515
166446 500
166523 482
166599 465
166676 450
166752 431
166828 415
166905 398
166981 382
167059 365
167135 349
167211 332
167288 314
167364 299
167440 282
167517 265
167593 248
167670 233
167746 215
167822 199
167899 185
167975 167
168053 152
168129 135
168205 121
168282 103
168358 88
168435 72
168511 58
168587 46
168664 50
168740 60
168816 66
168893 71
168969 79
169047 86
169123 93
169200 99
169276 107
169352 114
169429 125
169505 129
169581 138
169658 140
169734 147
169811 155
169887 161
169963 169
170041 175
170117 182
170194 189
170270 196
170346 204
170423 211
170499 220
170575 226
170652 232
170728 240
170805 245
170881 253
170957 262
171035 269
171111 276
171188 283
171264 290
171340 297
171417 305
171493 313
171570 320
171646 326
171722 333
171799 341
171875 348
171951 356
172029 364
172105 371
172182 378
172258 386
172334 394
172411 399
172487 407
172564 414
172640 422
172716 430
172793 437
172869 444
172946 453
173023 452
173099 469
173176 474
173252 482
173329 488
173405 495
173481 503
173558 510
173634 518
173710 531
173787 532
173863 539
173940 546
174017 554
174093 562
174170 568
174246 576
174323 583
174399 590
174475 598
174552 605
174628 612
174705 620
174781 627
174857 634
174934 640
175011 650
175088 657
175164 663
175240 670
175317 678
175393 684
175469 691
175546 698
175622 706
175699 713
175775 721
175851 727
175928 734
176005 741
176082 749
176158 756
176234 764
176311 770
176387 777
176464 783
176540 791
176616 799
176693 805
176769 812
176845 819
176922 826
176999 833
177076 830
177152 815
177228 800
177305 778
177381 766
177458 749
177534 733
177610 717
177687 702
177763 685
177840 669
177916 653
177993 635
178070 619
178146 602
178223 585
178299 568
178375 552
178452 534
178528 519
178604 504
178681 484
178757 468
178834 450
178910 432
178988 416
179065 400
179141 383
179217 367
179294 346
179370 333
179446 316
179523 299
179599 283
179676 267
179752 249
179828 233
179905 218
179981 200
180059 185
180135 169
180211 152
180288 137
180364 121
180440 106
180517 89
180593 75
180670 60
180746 44
180822 52
180899 59
180975 65
181053 72
181129 79
181205 87
181282 100
181358 100
181435 105
181511 113
181587 120
181664 126
181740 133
181816 139
181893 150
181969 134
182047 164
182123 168
182200 176
182276 183
182352 189
182429 196
182505 203
182581 211
182658 217
182734 225
182811 232
182887 240
182963 247
183041 255
183117 260
183194 268
183270 276
183346 283
183423 289
183499 297
183575 304
183652 317
183728 318
183805 326
183881 327
183957 341
184035 348
184111 355
184188 362
184264 370
184340 378
184417 385
184493 392
184570 398
184646 405
184722 415
184799 421
184875 429
184951 436
185029 442
185105 450
185182 459
185258 466
185334 472
185411 480
185487 487
185564 495
185640 501
185716 509
185793 517
185869 524
185946 531
186023 544
186099 546
186176 554
186252 562
186329 568
186405 575
186481 582
186558 591
186634 596
186710 604
186787 611
186863 618
186940 626
187017 633
187093 641
187170 649
187246 656
187323 663
187399 670
187475 676
187552 681
187628 691
187705 699
187781 705
187857 713
187934 720
188011 727
188088 734
188164 741
188240 750
188317 755
188393 763
188469 770
188546 778
188622 783
188699 789
188775 797
188851 805
188928 812
189005 819
189082 824
189158 832
189234 833
189311 816
189387 802
189464 785
189540 768
189616 752
189693 736
189769 719
189845 704
189922 687
189999 672
190076 654
190152 639
190228 620
190305 602
190381 587
190458 570
190534 554
190610 537
190687 521
190763 503
190840 487
190916 471
190993 451
191070 436
191146 419
191223 403
191299 387
191375 368
191452 352
191528 336
191604 319
191681 303
191757 285
191834 269
191910 253
191988 236
192065 220
192141 203
192217 186
192294 171
192370 154
192446 138
192523 121
192599 107
192676 92
192752 77
192828 63
192905 46
192981 52
193059 58
193135 64
193211 71
193288 78
193364 85
193440 92
193517 97
193593 105
193670 111
193746 119
193822 125
193899 131
193975 140
194053 146
194129 153
194205 161
194282 160
194358 174
194435 182
194511 188
194587 195
194664 203
194740 210
194816 217
194893 216
194969 219
195047 239
195123 246
195200 253
195276 261
195352 267
195429 275
195505 282
195581 288
195658 303
195734 305
195811 312
195887 319
195963 324
196041 332
196117 346
196194 347
196270 355
196346 361
196423 370
196499 377
196575 384
196652 389
196728 398
196805 403
196881 415
196957 420
197035 428
197111 435
197188 442
197264 450
197340 457
197417 465
197493 472
197570 478
197646 487
197722 494
197799 501
197875 508
197951 515
198029 524
198105 530
198182 537
198258 544
198334 553
198411 561
198487 568
198564 574
198640 582
198716 590
198793 597
198869 603
198946 610
199023 618
199099 626
199176 632
199252 640
199329 647
199405 657
199481 662
199558 669
199634 675
199710 684
199787 690
199863 697
199940 705
200017 713
200093 719
200170 726
200246 732
200323 740
200399 748
200475 754
200552 762
200628 769
200705 775
200781 782
200857 790
200934 796
201011 804
201088 811
201164 817
201240 825
201317 832
201393 833
201469 819
201546 803
201622 785
201699 770
201775 755
201851 739
201928 722
202005 706
202082 689
202158 673
202234 655
202311 640
202387 623
202464 600
202540 590
202616 572
202693 555
202769 539
202845 522
202922 506
202999 490
203076 472
203152 455
203228 438
203305 422
203381 404
203458 388
203534 372
203610 355
203687 338
203763 321
203840 303
203916 288
203993 271
204070 256
204146 239
204223 221
204299 207
204375 189
204452 174
204528 157
204604 138
204681 114
204757 110
204834 95
204910 78
204988 64
205065 48
205141 51
205217 59
205294 63
205370 71
205446 76
205523 84
205599 91
205676 98
205752 105
205828 111
205905 118
205981 124
206059 131
206135 139
206211 145
206288 151
206364 160
206440 166
206517 174
206593 181
206670 187
206746 194
206822 202
206899 209
206975 216
207053 224
207129 229
207205 237
207282 246
207358 252
207435 259
207511 266
207587 273
207664 281
207740 291
207816 294
207893 304
207969 311
208047 317
208123 323
208200 330
208276 339
208352 346
208429 354
208505 362
208581 368
208658 375
208734 382
208811 390
208887 397
208963 405
209041 412
209117 420
209194 426
209270 434
209346 443
209423 448
209499 456
209575 462
209652 470
209728 477
209805 491
209881 493
209957 500
210035 508
210111 515
210188 522
210264 530
210340 535
210417 545
210493 552
210570 560
210646 566
210722 575
210799 581
210875 588
210951 596
211029 602
211105 610
211182 617
211258 624
211334 632
211411 639
211487 647
211564 654
211640 659
211716 668
211793 675
211869 682
211946 689
212023 697
212099 704
212176 710
212252 717
212329 725
212405 732
212481 739
212558 747
212634 754
212710 754
212787 772
212863 774
212940 782
213017 789
213093 796
213170 803
213246 811
213323 816
213399 823
213475 830
213552 837
213628 821
213705 804
213781 789
213857 771
213934 756
214011 741
214088 724
214164 707
214240 691
214317 675
214393 657
214469 643
214546 625
214622 608
214699 591
214775 574
214851 558
214928 541
215005 523
215082 509
215158 493
215234 474
215311 457
215387 441
215464 430
215540 407
215616 391
215693 373
215769 357
215845 340
215922 323
215999 306
216076 289
216152 275
216228 264
216305 241
216381 224
216458 207
216534 192
216610 175
216687 159
216763 143
216840 128
216916 112
216993 96
217070 79
217146 66
217223 49
217299 47
217375 56
217452 64
217528 71
217604 69
217681 78
217757 88
217834 97
217910 103
217988 110
218065 115
218141 124
218217 131
218294 138
218370 144
218446 152
218523 159
218599 166
218676 172
218752 180
218828 186
218905 191
218981 198
219059 206
219135 214
219211 222
219288 230
219364 237
219440 245
219517 251
219593 256
219670 264
219746 273
219822 280
219899 287
219975 294
220053 302
220129 310
220205 315
220282 322
220358 330
220435 339
220511 345
220587 353
220664 359
220740 367
220816 376
220893 383
220969 395
221047 396
221123 404
221200 411
221276 419
221352 427
221429 434
221505 442
221581 447
221658 455
221734 465
221811 469
221887 477
221963 483
222041 492
222117 500
222194 506
222270 514
222346 520
222423 529
222499 536
222575 544
222652 551
222728 559
222805 565
222881 572
222957 580
223035 587
223111 595
223188 602
223264 609
223340 616
223417 624
223493 630
223570 638
223646 646
223722 652
223799 659
223875 668
223951 673
224029 682
224105 690
224182 699
224258 703
224334 711
224411 717
224487 724
224564 731
224640 739
224716 745
224793 753
224869 761
224946 766
225023 774
225099 782
225176 788
225252 797
225329 806
225405 810
225481 816
225558 823
225634 829
225710 837
225787 823
225863 806
225940 781
226017 773
226093 759
226170 741
226246 726
226323 710
226399 694
226475 676
226552 662
226628 643
226705 627
226781 610
226857 593
226934 577
227011 561
227088 543
227164 526
227240 510
227317 492
227393 476
227469 459
227546 442
227622 426
227699 409
227775 393
227851 375
227928 358
228005 342
228082 325
228158 307
228234 291
228311 275
228387 258
228464 241
228540 225
228616 210
228693 193
228769 177
228845 161
228922 145
228999 129
229076 114
229152 98
229228 82
229305 66
229381 53
229458 48
229534 56
229610 62
229687 70
229763 75
229840 82
229916 89
229993 95
230070 103
230146 108
230223 116
230299 123
230375 129
230452 137
230528 144
230604 156
230681 157
230757 165
230834 172
230910 179
230988 187
231065 194
231141 200
231217 208
231294 213
231370 221
231446 229
231523 236
231599 243
231676 249
231752 257
231828 264
231905 280
231981 279
232059 286
232135 295
232211 302
232288 309
232364 315
232440 323
232517 330
232593 337
232670 344
232746 351
232822 360
232899 367
232975 374
233053 382
233129 388
233205 397
233282 402
233358 411
233435 419
233511 424
233587 433
233664 439
233740 448
233816 454
233893 462
233969 466
234047 474
234123 484
234200 491
234276 498
234352 508
234429 512
234505 520
234581 528
234658 535
234734 542
234811 550
234887 557
234963 564
235041 573
235117 580
235194 586
235270 593
235346 601
235423 608
235499 615
235575 623
235652 630
235728 637
235805 645
235881 652
235957 658
236035 666
236111 673
236188 681
236264 689
236340 694
236417 702
236493 710
236570 716
236646 723
236722 731
236799 738
236875 745
236951 752
237029 759
237105 766
237182 773
237258 780
237334 787
237411 792
237487 800
237564 808
237640 815
237716 821
237793 830
237869 835
237946 824
238023 808
238099 792
238176 776
238252 760
238329 749
238405 728
238481 709
238558 695
238634 679
238710 661
238787 645
238863 629
238940 613
239017 595
239093 579
239170 562
239246 545
239323 529
239399 511
239475 495
239552 477
239628 462
239705 444
239781 428
239857 410
239934 394
240011 376
240088 361
240164 343
240240 326
240317 310
240393 293
240469 275
240546 261
240622 243
240699 226
240775 210
240851 194
240928 178
241005 162
241082 148
241158 131
241234 116
241311 100
241387 84
241464 68
241540 54
241616 49
241693 55
241769 63
241845 68
241922 75
241999 81
242076 88
242152 95
242228 106
242305 109
242381 114
242458 122
242534 130
242610 136
242687 144
242763 149
242840 156
242916 164
242993 171
243070 178
243146 185
243223 193
243299 199
243375 206
243452 214
243528 221
243604 226
243681 235
243757 241
243834 249
243910 257
243988 264
244065 271
244141 278
244217 286
244294 293
244370 300
244446 308
244523 314
244599 322
244676 330
244752 336
244828 356
244905 348
244981 358
245059 366
245135 372
245211 381
245288 387
245364 395
245440 403
245517 409
245593 418
245670 426
245746 432
245822 438
245899 446
245975 453
246053 461
246129 469
246205 476
246282 483
246358 490
246435 498
246511 504
246587 512
246664 520
246740 527
246816 533
246893 541
246969 549
247047 557
247123 562
247200 571
247276 578
247352 586
247429 593
247505 600
247581 607
247658 615
247734 621
247811 630
247887 636
247963 643
248041 651
248117 658
248194 665
248270 672
248346 680
248423 687
248499 695
248575 701
248652 709
248728 714
248805 721
248881 730
248957 737
249035 744
249111 752
249188 758
249264 765
249340 774
249417 777
249493 785
249570 794
249646 800
249722 807
249799 813
249875 821
249951 827
250029 835
250105 826
250182 810
250258 794
250334 778
250411 762
250487 745
250564 730
250640 713
250716 697
250793 680
250869 663
250946 646
251023 631
251099 614
251176 596
251252 582
251329 565
251405 547
251481 530
251558 514
251634 495
251710 481
251787 463
251863 446
251940 430
252017 413
252093 395
252170 380
252246 362
252323 345
252399 328
252475 313
252552 296
252628 279
252705 261
252781 246
252857 230
252934 214
253011 197
253088 180
253164 164
253240 150
253317 133
253393 116
253469 102
253546 88
253622 72
253699 55
253775 47
253851 54
253928 61
254005 68
254082 75
254158 81
254234 87
254311 93
254387 100
254464 108
254540 115
254616 121
254693 128
254769 135
254845 142
254922 150
254999 155
255076 163
255152 152
255228 177
255305 185
255381 192
255458 198
255534 205
255610 213
255687 219
255763 226
255840 235
255916 241
255993 249
256070 254
256146 263
256223 271
256299 275
256375 284
256452 293
256528 298
256604 307
256681 314
256757 327
256834 328
256910 337
256988 343
257065 350
257141 357
257217 365
257294 372
257370 379
257446 389
257523 394
257599 402
257676 409
257752 415
257828 442
257905 430
257981 437
258059 445
258135 453
258211 461
258288 467
258364 475
258440 483
258517 489
258593 499
258670 504
258746 511
258822 520
258899 526
258975 533
259053 541
259129 556
259205 555
259282 563
259358 570
259435 577
259511 584
259587 592
259664 599
259740 606
259816 614
259893 621
259969 629
260047 632
260123 643
260200 650
260276 658
260352 665
260429 672
260505 679
260581 687
260658 693
260734 698
260811 708
260887 713
260963 722
261041 729
261117 736
261194 743
261270 751
261346 758
261423 764
261499 772
261575 778
261652 784
261728 792
261805 799
261881 807
261957 813
262035 819
262111 826
262188 834
262264 828
262340 812
262417 796
262493 781
262570 765
262646 747
262722 733
262799 716
262875 698
262951 682
263029 666
263105 650
263182 633
263258 616
263334 600
263411 583
263487 567
263564 549
263640 532
263716 516
263793 499
263869 481
263946 466
264023 449
264099 432
264176 416
264252 398
264329 389
264405 350
264481 347
264558 331
264634 315
264710 299
264787 282
264863 264
264940 250
265017 233
265093 215
265170 198
265246 183
265323 166
265399 150
265475 134
265552 118
265628 96
265705 89
265781 72
265857 57
265934 47
266011 54
266088 60
266164 66
266240 72
266317 82
266393 87
266469 94
266546 100
266622 105
266699 112
266775 121
266851 127
266928 135
267005 142
267082 148
267158 153
267234 162
267311 169
267387 176
267464 185
267540 191
267616 197
267693 206
267769 211
267845 219
267922 226
267999 232
268076 240
268152 244
268228 254
268305 262
268381 269
268458 275
268534 283
268610 291
268687 298
268763 304
268840 312
268916 320
268993 326
269070 336
269146 342
269223 350
269299 357
269375 363
269452 371
269528 377
269604 385
269681 392
269757 400
269834 407
269910 415
269988 423
270065 429
270141 437
270217 444
270294 452
270370 457
270446 467
270523 474
270599 482
270676 490
270752 497
270828 503
270905 507
270981 518
271059 525
271135 532
271211 540
271288 547
271364 555
271440 563
271517 568
271593 576
271670 584
271746 590
271822 599
271899 606
271975 613
272053 621
272129 628
272205 635
272282 641
272358 649
272435 656
272511 663
272587 671
272664 678
272740 686
272816 692
272893 700
272969 706
273047 713
273123 720
273200 728
273276 736
273352 742
273429 750
273505 756
273581 763
273658 782
273734 775
273811 784
273887 791
273963 799
274041 806
274117 813
274194 819
274270 827
274346 833
274423 830
274499 814
274575 799
274652 782
274728 767
274805 749
274881 734
274957 718
275035 702
275111 684
275188 667
275264 652
275340 635
275417 619
275493 602
275570 585
275646 569
275722 552
275799 535
275875 518
275951 501
276029 484
276105 469
276182 450
276258 433
276334 416
276411 397
276487 384
276564 366
276640 350
276716 334
276793 317
276869 301
276946 284
277023 267
277099 250
277176 233
277252 216
277329 201
277405 184
277481 169
277558 155
277634 136
277710 120
277787 108
277863 90
277940 75
278017 57
278093 43
278170 53
278246 60
278323 65
278399 72
278475 79
278552 86
278628 90
278705 97
278781 105
278857 112
278934 120
279011 127
279088 134
279164 142
279240 148
279317 154
279393 161
279469 167
279546 175
279622 183
279699 190
279775 196
279851 202
279928 210
280005 217
280082 224
280158 232
280234 238
280311 247
280387 252
280464 260
280540 268
280616 275
280693 283
280769 289
280845 296
280922 304
280999 311
281076 319
281152 326
281228 338
281305 342
281381 347
281458 356
281534 362
281610 370
281687 378
281763 385
281840 392
281916 403
281993 407
282070 414
282146 421
282223 429
282299 436
282375 443
282452 451
282528 459
282604 458
282681 473
282757 481
282834 488
282910 495
282988 502
283065 509
283141 516
283217 524
283294 530
283370 540
283446 546
283523 554
283599 561
283676 568
283752 573
283828 589
283905 587
283981 597
284059 605
284135 611
284211 619
284288 626
284364 633
284440 640
284517 648
284593 655
284670 662
284746 670
284822 679
284899 684
284975 694
285053 700
285129 705
285205 712
285282 718
285358 728
285435 734
285511 742
285587 750
285664 754
285740 762
285816 769
285893 775
285969 784
286047 791
286123 797
286200 805
286276 810
286352 819
286429 827
286505 832
286581 832
286658 819
286734 800
286811 785
286887 768
286963 752
287041 736
287117 720
287194 703
287270 686
287346 670
287423 655
287499 637
287575 621
287652 604
287728 587
287805 572
287881 554
287957 540
288035 520
288111 503
288188 487
288264 470
288340 454
288417 436
288493 420
288570 402
288646 386
288722 367
288799 353
288875 334
288951 319
289029 303
289105 285
289182 268
289258 253
289334 235
289411 219
289487 203
289564 188
289640 170
289716 155
289793 140
289869 124
289946 108
290023 93
290099 78
290176 59
290252 45
290329 51
290405 56
290481 65
290558 72
290634 79
290710 86
290787 92
290863 98
290940 105
291017 112
291093 120
291170 128
291246 133
291323 139
291399 147
291475 153
291552 160
291628 170
291705 168
291781 181
291857 189
291934 195
292011 203
292088 209
292164 218
292240 224
292317 231
292393 239
292469 246
292546 253
292622 259
292699 269
292775 274
292851 281
292928 288
293005 295
293082 303
293158 311
293234 320
293311 302
293387 333
293464 341
293540 348
293616 354
293693 362
293769 369
293845 377
293922 384
293999 392
294076 398
294152 405
294228 415
294305 420
294381 427
294458 435
294534 443
294610 450
294687 458
294763 466
294840 460
294916 481
294993 486
295070 494
295146 501
295223 508
295299 516
295375 523
295452 531
295528 537
295604 546
295681 552
295757 559
295834 566
295910 575
295988 582
296065 590
296141 597
296217 604
296294 611
296370 618
296446 626
296523 632
296599 639
296676 647
296752 654
296828 663
296905 669
296981 676
297059 683
297135 690
297211 697
297288 704
297364 712
297440 719
297517 727
297593 733
297670 740
297746 747
297822 755
297899 760
297975 767
298053 774
298129 783
298205 790
298282 797
298358 804
298435 810
298511 818
298587 826
298664 831
298740 834
298816 818
298893 802
298969 786
299047 770
299123 755
299200 738
299276 723
299352 703
299429 689
299505 673
299581 656
299658 640
299734 622
299811 606
299887 590
299963 575
300041 555
300117 538
300194 519
300270 508
300346 489
300423 472
300499 455
300575 440
300652 423
300728 404
300805 387
300881 371
300957 355
301035 337
301111 320
301188 304
301264 288
301340 270
301417 254
301493 238
301570 220
301646 206
301722 189
301799 173
301875 157
301951 141
302029 124
302105 109
302182 94
302258 78
302334 63
302411 45
302487 51
302564 58
302640 63
302716 71
302793 78
302869 84
302946 91
303023 96
303099 105
303176 111
303252 120
303329 126
303405 132
303481 139
303558 145
303634 152
303710 160
303787 167
303863 174
303940 181
304017 189
304093 194
304170 203
304246 209
304323 216
304399 222
304475 231
304552 240
304628 240
304705 252
304781 259
304857 268
304934 272
305011 281
305088 288
305164 295
305240 304
305317 311
305393 319
305469 325
305546 333
305622 338
305699 346
305775 353
305851 361
305928 370
306005 376
306082 383
306158 391
306234 398
306311 405
306387 412
306464 420
306540 427
306616 435
306693 442
306769 450
306845 457
306922 462
306999 472
307076 479
307152 485
307228 492
307305 500
307381 508
307458 516
307534 522
307610 527
307687 536
307763 545
307840 549
307916 559
307993 567
308070 574
308146 581
308223 589
308299 595
308375 603
308452 611
308528 617
308604 621
308681 631
308757 642
308834 646
308910 654
308988 661
309065 669
309141 678
309217 682
309294 688
309370 697
309446 703
309523 711
309599 718
309676 724
309752 732
309828 739
309905 746
309981 753
310059 760
310135 768
310211 775
310288 781
310364 788
310440 794
310517 802
310593 810
310670 817
310746 823
310822 830
310899 837
310975 822
311053 805
311129 788
311205 772
311282 755
311358 740
311435 723
311511 707
311587 690
311664 674
311740 657
311816 641
311893 624
311969 608
312047 591
312123 575
312200 557
312276 541
312352 525
312429 506
312505 490
312581 474
312658 456
312734 441
312811 424
312887 406
312963 389
313041 372
313117 355
313194 338
