48 646
104 660
160 674
217 689
273 703
330 716
386 730
442 743
499 757
555 771
612 785
668 798
724 811
781 824
837 837
893 830
950 825
1007 820
1064 814
1120 808
1176 804
1233 798
1289 792
1346 787
1402 782
1458 775
1515 771
1571 765
1628 761
1684 755
1740 749
1797 744
1853 739
1909 732
1966 727
2023 723
2080 716
2136 711
2192 703
2249 698
2305 693
2362 688
2418 683
2474 676
2531 672
2587 666
2644 661
2700 655
2756 649
2813 643
2869 638
2925 632
2982 627
3039 621
3096 616
3152 610
3209 605
3265 598
3321 599
3378 588
3434 583
3490 576
3547 570
3603 565
3660 563
3716 554
3772 547
3829 542
3885 536
3941 530
3999 526
4055 519
4112 514
4168 508
4225 502
4281 498
4337 491
4394 485
4450 480
4506 474
4563 468
4619 464
4676 458
4732 451
4788 445
4845 440
4901 435
4957 429
5015 423
5071 417
5128 412
5184 398
5241 399
5297 394
5353 389
5410 383
5466 378
5522 372
5579 366
5635 359
5692 355
5748 348
5804 343
5861 338
5917 332
5973 326
6031 321
6087 315
6144 310
6200 304
6257 299
6313 292
6369 286
6426 281
6482 276
6538 269
6595 265
6651 260
6708 254
6764 248
6820 243
6877 237
6933 232
6991 227
7047 221
7103 214
7160 210
7216 203
7273 197
7329 194
7385 188
7442 183
7498 178
7554 154
7611 166
7667 161
7724 155
7780 150
7836 144
7893 139
7949 134
8007 130
8063 124
8119 117
8176 113
8232 108
8289 102
8345 98
8401 92
8458 88
8514 81
8570 76
8627 72
8683 67
8740 61
8796 56
8852 51
8909 45
8965 55
9023 68
9079 81
9135 93
9192 107
9248 119
9305 133
9361 147
9417 158
9474 174
9530 188
9586 201
9643 215
9699 230
9756 243
9812 256
9868 272
9925 284
9981 299
10039 313
10095 328
10151 341
10208 356
10264 370
10320 383
10377 399
10433 412
10490 427
10546 440
10602 455
10659 469
10715 483
10772 497
10828 512
10884 526
10941 541
10998 555
11055 569
11111 582
11167 596
11224 612
11280 626
11336 638
11393 653
11449 667
11506 680
11562 695
11618 708
11675 722
11731 737
11788 751
11844 763
11900 777
11957 791
12014 804
12071 817
12127 831
12183 831
12240 827
12296 822
12352 816
12409 811
12465 805
12522 801
12578 795
12634 790
12691 784
12747 780
12804 773
12860 769
12916 762
12973 757
13030 752
13087 745
13143 740
13199 735
13256 730
13312 724
13368 719
13425 714
13481 707
13538 702
13594 697
13650 691
13707 686
13763 680
13820 675
13876 669
13932 662
13990 658
14046 652
14103 646
14159 641
14215 636
14272 630
14328 623
14384 618
14441 613
14497 607
14554 603
14610 597
14666 590
14723 585
14779 578
14835 574
14892 568
14948 562
15006 554
15062 552
15119 544
15175 539
15231 533
15288 528
15344 521
15400 516
15457 511
15513 505
15570 499
15626 494
15682 487
15739 483
15795 478
15851 470
15908 466
15964 459
16022 454
16078 449
16135 444
16191 444
16247 431
16304 427
16360 420
16416 413
16473 409
16529 409
16586 396
16642 392
16698 385
16755 381
16811 374
16867 372
16924 363
16980 357
17038 351
17094 346
17151 339
17207 335
17263 330
17320 325
17376 318
17432 313
17489 307
17545 301
17602 295
17658 291
17714 286
17771 280
17827 274
17883 268
17940 262
17997 257
18054 252
18110 246
18167 239
18223 235
18279 231
18336 224
18392 220
18448 212
18505 208
18561 202
18618 197
18674 192
18730 186
18787 179
18843 173
18899 169
18956 164
19013 159
19070 153
19126 148
19183 141
19239 137
19295 131
19352 127
19408 126
19464 115
19521 112
19577 107
19634 101
19690 95
19746 89
19803 85
19859 81
19915 73
19972 68
20029 64
20086 59
20142 53
20199 47
20255 48
20311 59
20368 74
20424 87
20480 99
20537 113
20593 127
20650 140
20706 153
20762 166
20819 181
20875 194
20931 208
20989 223
21045 235
21102 250
21158 264
21215 277
21271 291
21327 306
21384 319
21440 334
21496 346
21553 363
21609 376
21666 390
21722 404
21778 418
21835 432
21891 448
21947 462
22005 475
22061 489
22118 504
22174 518
22231 532
22287 547
22343 561
22400 574
22456 589
22512 603
22569 617
22625 632
22682 646
22738 663
22794 673
22851 686
22907 701
22963 715
23021 727
23077 743
23134 756
23190 769
23247 783
23303 797
23359 811
23416 824
23472 837
23528 830
23585 824
23641 820
23698 814
23754 809
23810 802
23867 797
23923 793
23979 788
24037 782
24093 777
24150 770
24206 765
24263 761
24319 754
24375 749
24432 743
24488 743
24544 731
24601 728
24657 721
24714 715
24770 711
24826 705
24883 699
24939 695
24997 690
25053 683
25109 677
25166 672
25222 666
25279 660
25335 656
25391 650
25448 643
25504 639
25560 632
25617 627
25673 620
25730 617
25786 609
25842 604
25899 598
25955 594
26013 588
26069 583
26125 577
26182 570
26238 565
26295 559
26351 555
26407 547
26464 543
26520 537
26576 531
26633 519
26689 521
26746 514
26802 509
26858 501
26915 497
26971 492
27029 486
27085 480
27141 477
27198 469
27254 463
27311 457
27367 452
27423 445
27480 441
27536 436
27592 428
27649 425
27705 418
27762 413
27818 407
27874 401
27931 395
27988 390
28045 382
28101 378
28157 372
28214 365
28270 362
28326 355
28383 349
28439 345
28496 338
28552 331
28608 326
28665 321
28721 316
28778 311
28834 303
28890 299
28947 294
29004 287
29061 287
29117 274
29173 272
29230 265
29286 260
29342 254
29399 255
29455 243
29512 238
29568 233
29624 226
29681 221
29737 218
29794 210
29850 205
29906 199
29963 194
30020 188
30077 182
30133 177
30189 172
30246 167
30302 161
30358 156
30415 151
30471 145
30528 140
30584 135
30640 128
30697 125
30753 119
30810 114
30866 110
30922 103
30979 98
31036 93
31093 87
31149 82
31205 76
31262 72
31318 67
31374 61
31431 57
31487 51
31544 47
31600 54
31656 67
31713 80
31769 92
31826 108
31882 122
31938 133
31996 146
32052 161
32109 171
32165 187
32221 200
32278 214
32334 228
32390 241
32447 256
32503 269
32560 284
32616 298
32672 312
32729 326
32785 340
32841 356
32898 368
32954 382
33012 399
33068 412
33125 425
33181 440
33237 455
33294 468
33350 480
33406 496
33463 511
33519 527
33576 539
33632 554
33688 568
33745 581
33801 596
33857 611
33914 623
33970 639
34028 652
34084 666
34141 680
34197 694
34253 708
34310 721
34366 736
34422 747
34479 763
34535 775
34592 790
34648 804
34704 816
34761 830
34817 833
34873 828
34930 823
34988 817
35044 812
35101 806
35157 800
35214 795
35270 790
35326 784
35383 779
35439 773
35496 768
35552 764
35608 757
35665 751
35721 745
35777 740
35834 735
35890 728
35947 724
36004 719
36060 708
36117 708
36173 703
36230 697
36286 692
36342 685
36399 678
36455 674
36512 669
36568 663
36624 656
36681 652
36737 639
36793 642
36850 635
36906 629
36963 624
37020 619
37076 612
37133 608
37189 600
37246 596
37302 591
37358 585
37415 580
37471 572
37528 568
37584 562
37640 557
37697 552
37753 546
37809 539
37866 534
37922 528
37979 523
38036 518
38092 511
38149 506
38205 500
38262 495
38318 489
38374 484
38431 476
38487 472
38544 466
38600 460
38656 451
38713 450
38769 443
38825 437
38882 404
38938 425
38996 420
39052 415
39108 410
39165 403
39221 397
39278 392
39334 386
39390 381
39447 375
39503 369
39560 364
39616 359
39672 351
39729 347
39785 341
39841 336
39898 330
39954 322
40012 320
40068 314
40124 308
40181 304
40237 296
40294 290
40350 285
40406 279
40463 273
40519 268
40576 262
40632 258
40688 250
40745 246
40801 240
40857 235
40914 229
40970 223
41028 218
41084 213
41140 206
41197 202
41253 195
41310 191
41366 185
41422 179
41479 176
41535 169
41592 165
41648 159
41704 153
41761 148
41817 143
41873 137
41930 131
41988 126
42044 121
42101 116
42157 110
42214 108
42270 101
42326 95
42383 90
42439 83
42495 80
42552 74
42608 70
42665 63
42721 57
42777 54
42834 48
42890 48
42946 60
43004 73
43060 84
43117 98
43173 111
43230 126
43286 140
43342 152
43399 158
43455 180
43511 192
43568 207
43624 221
43681 235
43737 248
43793 264
43850 276
43906 290
43962 305
44020 318
44076 333
44133 348
44189 362
44246 375
44302 388
44358 404
44415 418
44471 433
44527 447
44584 462
44640 475
44697 489
44753 503
44809 518
44866 532
44922 547
44978 561
45036 574
45092 589
45149 603
45205 616
45262 631
45318 645
45374 659
45431 674
45487 687
45543 699
45600 715
45656 727
45713 743
45769 756
45825 769
45882 784
45938 798
45996 810
46052 823
46108 842
46165 832
46221 825
46278 820
46334 812
46390 809
46447 804
46503 798
46559 792
46616 786
46672 782
46729 777
46785 770
46841 767
46898 761
46954 755
47012 748
47068 743
47124 738
47181 733
47237 726
47294 722
47350 717
47406 711
47463 706
47519 699
47575 695
47632 688
47688 683
47745 678
47801 672
47857 666
47914 662
47970 655
48028 650
48084 645
48140 639
48197 632
48253 627
48310 621
48366 615
48422 610
48479 604
48535 598
48591 593
48648 587
48704 583
48761 576
48817 571
48873 566
48930 560
48988 552
49045 549
49101 543
49158 537
49214 531
49270 524
49327 520
49383 514
49439 509
49496 503
49552 497
49609 492
49665 487
49721 479
49778 474
49834 469
49891 463
49947 458
50004 451
50061 445
50117 440
50174 435
50230 428
50286 423
50343 419
50399 411
50455 406
50512 400
50568 395
50625 389
50681 384
50737 377
50794 372
50850 367
50906 361
50963 356
51020 350
51077 344
51133 339
51190 332
51246 327
51302 322
51359 319
51415 312
51471 305
51528 299
51584 294
51641 287
51697 284
51753 277
51810 271
51866 265
51922 261
51979 253
52036 249
52093 244
52149 237
52206 232
52262 227
52318 222
52375 215
52431 209
52487 203
52544 200
52600 195
52657 196
52713 182
52769 177
52826 172
52882 166
52938 161
52996 157
53052 151
53109 145
53165 140
53222 134
53278 129
53334 124
53391 118
53447 112
53503 108
53560 103
53616 98
53673 92
53729 86
53785 82
53842 75
53898 72
53954 65
54012 60
54068 56
54125 52
54181 44
54238 54
54294 66
54350 80
54407 93
54463 106
54519 119
54576 135
54632 142
54689 158
54745 173
54801 185
54858 198
54914 215
54970 228
55028 242
55084 256
55141 270
55197 283
55254 298
55310 312
55366 326
55423 343
55479 354
55535 368
55592 382
55648 396
55705 411
55761 424
55817 438
55874 454
55930 468
55988 483
56045 495
56101 510
56157 525
56214 541
56270 553
56326 568
56383 580
56439 597
56496 610
56552 623
56608 639
56665 653
56721 666
56778 680
56834 693
56890 707
56947 722
57004 736
57061 748
57117 762
57173 777
57230 790
57286 804
57342 818
57399 830
57455 833
57512 830
57568 822
57624 817
57681 811
57737 806
57794 800
57850 797
57906 791
57963 786
58020 782
58077 773
58133 772
58189 762
58246 757
58302 752
58358 751
58415 741
58471 736
58528 733
58584 725
58640 720
58697 713
58753 707
58810 702
58866 697
58922 692
58979 687
59036 681
59093 675
59149 669
59205 665
59262 659
59318 653
59374 648
59431 641
59487 636
59544 630
59600 624
59656 620
59713 613
59769 608
59826 602
59882 596
59938 591
59996 585
60052 580
60109 571
60165 567
60221 562
60278 556
60334 550
60390 545
60447 540
60503 534
60560 527
60616 522
60672 518
60729 511
60785 506
60841 499
60898 494
60954 489
61012 482
61068 477
61125 473
61181 466
61237 460
61294 453
61350 450
61406 444
61463 437
61519 432
61576 427
61632 418
61688 415
61745 410
61801 404
61857 396
61914 392
61970 386
62028 381
62084 375
62141 370
62197 363
62253 359
62310 355
62366 346
62422 340
62479 335
62535 330
62592 325
62648 319
62704 314
62761 308
62817 303
62873 297
62930 291
62988 285
63044 280
63101 273
63157 269
63214 264
63270 257
63326 252
63383 246
63439 240
63496 235
63552 230
63608 223
63665 218
63721 213
63777 208
63834 202
63890 196
63947 191
64004 186
64060 178
64117 173
64173 171
64230 164
64286 159
64342 153
64399 147
64455 142
64512 137
64568 132
64624 125
64681 114
64737 115
64793 111
64850 105
64906 100
64963 93
65020 88
65076 85
65133 78
65189 74
65246 70
65302 64
65358 60
65415 54
65471 48
65528 47
65584 59
65640 73
65697 85
65753 99
65809 112
65866 125
65922 139
65979 151
66036 166
66092 179
66149 193
66205 207
66262 221
66318 235
66374 248
66431 262
66487 276
66544 291
66600 305
66656 318
66713 333
66769 347
66825 360
66882 377
66938 389
66996 403
67052 418
67108 430
67165 446
67221 461
67278 475
67334 490
67390 504
67447 518
67503 532
67560 546
67616 560
67672 575
67729 588
67785 603
67841 617
67898 631
67954 645
68012 658
68068 673
68124 687
68181 699
68237 714
68294 730
68350 743
68406 756
68463 769
68519 783
68576 796
68632 808
68688 823
68745 837
68801 830
68857 826
68914 819
68970 815
69028 808
69084 803
69140 798
69197 792
69253 787
69310 782
69366 776
69422 770
69479 766
69535 761
69592 755
69648 748
69704 744
69761 738
69817 733
69873 728
69930 723
69988 716
70044 710
70101 705
70157 700
70214 695
70270 690
70326 683
70383 677
70439 672
70495 666
70552 661
70608 655
70665 650
70721 644
70777 639
70834 632
70890 628
70946 621
71004 615
71060 609
71117 605
71173 599
71230 594
71286 588
71342 588
71399 577
71455 571
71511 566
71568 560
71624 553
71681 548
71737 544
71793 528
71850 531
71906 526
71962 519
72020 514
72076 509
72133 502
72189 496
72246 491
72302 485
72358 479
72415 475
72471 469
72527 463
72584 458
72640 452
72697 446
72753 440
72809 434
72866 429
72922 424
72978 417
73036 412
73092 405
73149 401
73205 395
73262 389
73318 384
73374 378
73431 373
73487 367
73543 361
73600 356
73656 351
73713 344
73769 339
73825 333
73882 327
73938 322
73996 316
74052 311
74108 305
74165 300
74221 294
74278 288
74334 283
74390 277
74447 271
74503 266
74559 260
74616 254
74672 248
74729 242
74785 237
74841 232
74898 228
74954 221
75012 215
75068 211
75124 205
75181 199
75237 194
75294 188
75350 183
75406 178
75463 171
75519 166
75575 161
75632 155
75688 150
75745 145
75801 139
75857 134
75914 129
75970 123
76028 119
76084 114
76140 106
76197 103
76253 98
76310 91
76366 87
76422 82
76479 76
76535 72
76591 66
76648 61
76704 56
76761 51
76817 46
76873 54
76930 66
76988 79
77045 92
77101 105
77158 119
77214 130
77270 147
77327 160
77383 173
77439 187
77496 200
77552 213
77609 227
77665 242
77721 256
77778 270
77834 283
77891 298
77947 312
78004 327
78061 341
78117 355
78174 369
78230 381
78286 397
78343 411
78399 425
78455 442
78512 452
78568 468
78625 482
78681 497
78737 511
78794 524
78850 538
78906 554
78963 567
79020 583
79077 596
79133 609
79190 624
79246 637
79302 652
79359 666
79415 680
79471 694
79528 707
79584 722
79641 736
79697 749
79753 762
79810 775
79866 790
79922 803
79979 818
80036 831
80093 833
80149 828
80206 823
80262 817
80318 811
80375 807
80431 802
80487 796
80544 790
80600 784
80657 779
80713 773
80769 770
80826 763
80882 757
80938 753
80996 746
81052 741
81109 735
81165 731
81222 724
81278 717
81334 712
81391 708
81447 702
81503 697
81560 690
81616 686
81673 680
81729 676
81785 669
81842 663
81898 658
81954 653
82012 646
82068 642
82125 635
82181 630
82238 625
82294 622
82350 613
82407 608
82463 603
82519 596
82576 590
82632 592
82689 580
82745 574
82801 568
82858 562
82914 557
82970 550
83028 545
83084 540
83141 534
83197 528
83254 523
83310 516
83366 511
83423 507
83479 499
83535 496
83592 489
83648 484
83705 477
83761 472
83817 466
83874 461
83930 454
83988 449
84045 443
84101 437
84157 433
84214 428
84270 419
84326 415
84383 409
84439 404
84496 398
84552 392
84608 386
84665 380
84721 375
84778 370
84834 364
84890 358
84947 353
85004 347
85061 341
85117 335
85173 328
85230 324
85286 320
85342 314
85399 307
85455 302
85512 296
85568 291
85624 284
85681 279
85737 274
85794 268
85850 263
85906 257
85963 251
86020 246
86077 240
86133 228
86189 229
86246 224
86302 218
86358 214
86415 208
86471 201
86528 197
86584 191
86640 185
86697 180
86753 175
86810 169
86866 164
86922 158
86979 154
87036 148
87093 143
87149 137
87205 131
87262 126
87318 121
87374 116
87431 111
87487 104
87544 101
87600 95
87656 91
87713 85
87769 78
87826 73
87882 69
87938 64
87996 59
88052 53
88109 49
88165 47
88221 60
88278 72
88334 86
88390 98
88447 112
88503 126
88560 139
88616 153
88672 165
88729 179
88785 191
88841 207
88898 221
88954 234
89012 248
89068 261
89125 277
89181 291
89237 305
89294 315
89350 332
89406 347
89463 361
89519 374
89576 390
89632 402
89688 417
89745 432
89801 447
89857 460
89914 475
89970 488
90028 503
90084 520
90141 532
90197 546
90253 561
90310 574
90366 589
90422 603
90479 616
90535 630
90592 645
90648 659
90704 672
90761 687
90817 700
90873 714
90930 727
90988 742
91044 756
91101 769
91157 783
91214 796
91270 810
91326 823
91383 836
91439 829
91496 825
91552 820
91608 814
91665 810
91721 792
91777 798
91834 794
91890 788
91947 782
92004 778
92060 772
92117 765
92173 760
92230 756
92286 749
92342 745
92399 738
92455 734
92512 727
92568 722
92624 715
92681 711
92737 705
92793 699
92850 694
92906 687
92963 683
93020 678
93076 670
93133 664
93189 660
93246 656
93302 650
93358 644
93415 638
93471 631
93528 627
93584 621
93640 617
93697 611
93753 604
93809 599
93866 593
93922 587
93979 581
94036 576
94092 570
94149 565
94205 560
94262 554
94318 549
94374 544
94431 537
94487 531
94544 526
94600 519
94656 514
94713 508
94769 503
94825 497
94882 492
94938 486
94996 481
95052 475
95108 469
95165 466
95221 457
95278 452
95334 447
95390 442
95447 435
95503 429
95560 424
95616 418
95672 412
95729 407
95785 400
95841 395
95898 389
95954 383
96012 377
96068 373
96124 367
96181 362
96237 355
96294 353
96350 344
96406 339
96463 334
96519 327
96576 321
96632 321
96688 309
96745 306
96801 299
96857 293
96914 287
96970 281
97028 277
97084 272
97140 266
97197 260
97253 254
97310 249
97366 244
97422 238
97479 233
97535 227
97592 220
97648 216
97704 210
97761 206
97817 199
97873 195
97930 187
97988 182
98044 177
98101 172
98157 165
98214 163
98270 156
98326 151
98383 145
98439 139
98495 134
98552 129
98608 125
98665 119
98721 113
98777 108
98834 103
98890 98
98946 92
99004 87
99060 83
99117 78
99173 72
99230 68
99286 62
99342 56
99399 50
99455 46
99511 53
99568 66
99624 80
99681 93
99737 104
99793 118
99850 132
99906 144
99962 159
100020 174
100076 187
100133 215
100189 214
100246 227
100302 242
100358 256
100415 269
100471 283
100527 298
100584 311
100640 326
100697 340
100753 353
100809 368
100866 383
100922 396
100978 410
101036 425
101092 440
101149 454
101205 467
101262 482
101318 496
101374 510
101431 525
101487 538
101543 553
101600 568
101656 580
101713 596
101769 609
101825 624
101882 637
101938 652
101996 666
102052 680
102108 691
102165 712
102221 721
102278 735
102334 748
102390 762
102447 774
102503 789
102559 803
102616 816
102672 830
102729 834
102785 827
102841 822
102898 817
102954 815
103012 807
103068 800
103124 796
103181 791
103237 784
103294 786
103350 773
103406 770
103463 763
103519 757
103575 752
103632 754
103688 741
103745 736
103801 729
103857 725
103914 720
103970 713
104028 709
104084 700
104140 697
104197 692
104253 685
104310 680
104366 675
104422 669
104479 664
104535 658
104591 653
104648 647
104704 640
104761 636
104817 630
104873 625
104930 619
104988 613
105045 608
105101 602
105158 598
105214 590
105270 585
105327 580
105383 574
105439 569
105496 561
105552 555
105609 551
105665 545
105721 540
105778 535
105834 527
105891 522
105947 518
106004 511
106061 505
106117 500
106174 495
106230 488
106286 482
106343 478
106399 471
106455 466
106512 460
106568 454
106625 448
106681 440
106737 438
106794 432
106850 426
106906 420
106963 415
107020 409
107077 403
107133 397
107190 391
107246 387
107302 380
107359 375
107415 371
107471 364
107528 359
107584 353
107641 347
107697 341
107753 337
107810 330
107866 328
107922 320
107979 312
108036 307
108093 302
108149 297
108206 291
108262 284
108318 281
108375 274
108431 268
108487 262
108544 258
108600 251
108657 246
108713 241
108769 235
108826 229
108882 224
108938 219
108996 213
109052 208
109109 202
109165 197
109222 191
109278 186
109334 180
109391 175
109447 170
109503 163
109560 158
109616 154
109673 148
109729 141
109785 137
109842 132
109898 124
109954 121
110012 115
110068 109
110125 107
110181 100
110238 96
110294 91
110350 85
110407 80
110463 74
110519 69
110576 64
110632 59
110689 54
110745 49
110801 47
110858 59
110914 72
110970 86
111028 99
111084 111
111141 126
111197 140
111254 152
111310 166
111366 179
111423 192
111479 207
111535 221
111592 235
111648 248
111705 266
111761 277
111817 290
111874 304
111930 319
111988 333
112045 347
112101 361
112157 382
112214 390
112270 404
112326 418
112383 433
112439 447
112496 461
112552 473
112608 489
112665 501
112721 518
112778 530
112834 546
112890 560
112947 575
113004 588
113061 603
113117 616
113173 631
113230 647
113286 658
113342 673
113399 686
113455 701
113512 715
113568 727
113624 742
113681 764
113737 769
113794 782
113850 796
113906 809
113963 824
114020 837
114077 831
114133 825
114189 820
114246 814
114302 808
114358 801
114415 798
114471 793
114528 788
114584 781
114640 776
114697 770
114753 766
114810 761
114866 755
114922 750
114979 744
115036 739
115093 733
115149 727
115205 722
115262 716
115318 712
115374 706
115431 700
115487 693
115544 689
115600 682
