48 225
154 215
260 204
367 191
473 181
580 169
686 161
792 149
899 139
1006 127
1113 117
1219 106
1325 95
1432 85
1538 75
1645 64
1751 55
1857 44
1964 34
2071 23
2178 13
2284 4
2390 10
2497 20
2603 30
2709 41
2816 52
2922 63
3030 71
3136 82
3243 94
3349 105
3455 114
3562 124
3668 134
3774 147
3881 157
3988 168
4095 178
4201 190
4307 201
4414 212
4520 223
4627 232
4733 243
4839 256
4946 266
5053 277
5160 289
5266 300
5372 310
5479 322
5585 334
5692 345
5798 357
5904 367
6012 378
6118 390
6225 400
6331 412
6437 423
6544 435
6650 445
6757 458
6863 468
6969 479
7077 491
7183 501
7290 512
7396 525
7502 535
7609 546
7715 558
7821 569
7928 580
8035 593
8142 603
8248 616
8354 625
8461 643
8567 648
8674 658
8780 670
8886 680
8994 693
9100 704
9207 714
9313 725
9419 736
9526 747
9632 758
9739 768
9845 780
9951 792
10059 802
10165 813
10272 823
10378 834
10484 845
10591 856
10697 868
10804 878
10910 889
11017 899
11124 908
11230 920
11337 914
11443 904
11549 895
11656 883
11762 880
11868 862
11975 851
12082 841
12189 829
12295 819
12401 808
12508 797
12614 787
12721 775
12827 764
12933 753
13041 742
13147 732
13254 720
13360 710
13466 698
13573 688
13679 677
13786 664
13892 653
13999 642
14106 632
14212 621
14319 610
14425 598
14531 587
14638 575
14744 564
14851 553
14957 541
15064 529
15171 519
15277 509
15384 497
15490 486
15596 475
15703 463
15809 452
15915 442
16023 418
16129 418
16236 408
16342 395
16449 385
16555 373
16661 362
16768 350
16874 341
16980 328
17088 317
17194 307
17301 295
17407 284
17513 271
17620 263
17726 251
17833 239
17939 229
18046 219
18153 208
18259 196
18366 185
18472 175
18578 164
18685 152
18791 142
18898 133
19005 121
19111 110
19218 101
19324 89
19431 80
19537 69
19643 57
19750 49
19856 38
19962 27
20070 19
20176 8
20283 6
20389 16
20496 26
20602 37
20708 45
20815 57
20921 67
21029 77
21135 87
21241 98
21348 109
21454 120
21560 140
21667 141
21773 152
21880 163
21988 172
22095 185
22201 195
22307 206
22414 216
22520 228
22627 239
22733 249
22839 263
22946 273
23053 284
23160 295
23266 306
23372 317
23479 330
23585 339
23692 349
23798 361
23904 374
24012 384
24118 396
24225 407
24331 418
24437 429
24544 441
24650 452
24757 463
24863 475
24969 485
25077 496
25183 508
25290 520
25396 530
25502 542
25609 553
25715 565
25821 575
25928 586
26035 597
26142 608
26248 621
26354 632
26461 642
26567 654
26674 666
26780 677
26886 688
26994 699
27100 709
27207 721
27313 731
27419 742
27526 753
27632 764
27739 775
27845 786
27951 797
28059 812
28165 820
28272 829
28378 841
28484 856
28591 862
28697 872
28804 883
28910 895
29017 905
29124 915
29230 919
29337 901
29443 899
29549 889
29656 877
29762 866
29868 855
29975 844
30082 835
30189 823
30295 813
30401 802
30508 790
30614 780
30721 769
30827 760
30933 747
31041 737
31147 724
31254 713
31360 702
31466 692
31573 681
31679 668
31786 659
31892 646
31999 636
32106 625
32212 614
32319 603
32425 592
32531 581
32638 569
32744 558
32851 546
32957 535
33064 522
33171 512
33277 502
33384 507
33490 480
33596 468
33703 456
33809 445
33915 435
34023 423
34129 412
34236 401
34342 389
34449 378
34555 367
34661 356
34768 344
34874 333
34980 323
35088 311
35194 300
35301 287
35407 277
35513 268
35620 256
35726 243
35833 234
35939 224
36046 212
36153 201
36259 190
36366 179
36472 169
36578 158
36685 149
36791 136
36898 126
37005 115
37111 106
37218 94
37324 84
37431 73
37537 63
37643 52
37750 45
37856 32
37962 22
38070 11
38176 2
38283 13
38389 22
38496 32
38602 41
38708 52
38815 63
38921 73
39029 84
39135 94
39241 105
39348 115
39454 125
39560 137
39667 147
39773 158
39880 169
39988 180
40095 191
40201 202
40307 212
40414 224
40520 236
40627 246
40733 255
40839 268
40946 278
41053 291
41160 295
41266 312
41372 324
41479 334
41585 352
41692 358
41798 369
41904 380
42012 391
42118 401
42225 413
42331 425
42437 435
42544 447
42650 458
42757 470
42863 481
42969 492
43077 503
43183 514
43290 526
43396 537
43502 548
43609 561
43715 570
43821 582
43928 593
44035 604
44142 616
44248 626
44354 637
44461 648
44567 660
44674 672
44780 682
44886 692
44994 703
45100 716
45207 727
45313 737
45419 748
45526 759
45632 770
45739 781
45845 793
45951 804
46059 814
46165 824
46272 837
46378 846
46484 858
46591 867
46697 878
46804 890
46910 901
47017 911
47124 923
47230 915
47337 903
47443 892
47549 882
47656 871
47762 860
47868 849
47975 838
48082 827
48189 818
48295 805
48401 794
48508 784
48614 774
48721 763
48827 753
48933 741
49041 729
49147 718
49254 707
49360 697
49466 685
49573 674
49679 664
49786 653
49892 641
49999 629
50106 619
50212 607
50319 596
50425 585
50531 575
50638 564
50744 551
50851 540
50957 529
51064 516
51171 507
51277 497
51384 486
51490 472
51596 461
51703 450
51809 439
51915 426
52023 417
52129 405
52236 395
52342 383
52449 373
52555 361
52661 349
52768 339
52874 326
52980 315
53088 305
53194 293
53301 284
53407 274
53513 260
53620 250
53726 239
53833 227
53939 217
54046 206
54153 195
54259 185
54366 173
54472 164
54578 152
54685 141
54791 130
54898 120
55005 109
55111 99
55218 89
55324 78
55431 68
55537 57
55643 46
55750 36
55856 28
55962 16
56070 5
56176 8
56283 19
56389 27
56496 38
56602 48
56708 59
56815 69
56921 78
57029 90
57135 100
57241 111
57348 121
57454 131
57560 141
57667 153
57773 164
57880 173
57988 186
58095 197
58201 207
58307 221
58414 231
58520 241
58627 253
58733 264
58839 273
58946 286
59053 297
59160 309
59266 318
59372 330
59479 342
59585 353
59692 363
59798 375
59904 386
60012 397
60118 408
60225 419
60331 430
60437 441
60544 454
60650 464
60757 476
60863 488
60969 498
61077 509
61183 522
61290 533
61396 543
61502 554
61609 565
61715 577
61821 588
61928 600
62035 617
62142 621
62248 633
62354 645
62461 656
62567 667
62674 677
62780 688
62886 701
62994 711
63100 722
63207 732
63313 743
63419 755
63526 766
63632 778
63739 788
63845 798
63951 809
64059 820
64165 832
64272 842
64378 853
64484 862
64591 874
64697 885
64804 896
64910 906
65017 915
65124 919
65230 907
65337 897
65443 888
65549 875
65656 865
65762 858
65868 844
65975 833
66082 822
66189 811
66295 800
66401 789
66508 779
66614 768
66721 756
66827 746
66933 734
67041 724
67147 713
67254 701
67360 688
67466 679
67573 668
67679 656
67786 647
67892 635
67999 624
68106 614
68212 601
68319 591
68425 579
68531 568
68638 557
68744 544
68851 535
68957 523
69064 511
69171 500
69277 489
69384 478
69490 467
69596 455
69703 445
69809 424
69915 422
70023 412
70129 399
70236 388
70342 377
70449 366
70555 355
70661 344
70768 332
70874 322
70980 310
71088 298
71194 288
71301 276
71407 266
71513 256
71620 243
71726 231
71833 221
71939 211
72046 199
72153 187
72259 179
72366 167
72472 156
72578 146
72685 134
72791 124
72898 115
73005 102
73111 92
73218 83
73324 72
73431 61
73537 51
73643 41
73750 31
73856 21
73962 10
74070 3
74176 11
74283 22
74389 33
74496 43
74602 54
74708 51
74815 76
74921 85
75029 96
75135 111
75241 117
75348 126
75454 138
75560 148
75667 159
75773 170
75880 180
75988 191
76095 203
76201 213
76307 226
76414 236
76520 247
76627 258
76733 269
76839 280
76946 292
77053 302
77160 310
77266 324
77372 336
77479 348
77585 359
77692 369
77798 380
77904 393
78012 403
78118 414
78225 425
78331 436
78437 449
78544 460
78650 470
78757 482
78863 492
78969 499
79077 515
79183 529
79290 539
79396 549
79502 561
79609 572
79715 583
79821 594
79928 605
80035 615
80142 628
80248 639
80354 650
80461 661
80567 676
80674 683
80780 695
80886 705
80994 718
81100 728
81207 738
81313 750
81419 761
81526 769
81632 782
81739 794
81845 804
81951 815
82059 823
82165 838
82272 849
82378 859
82484 866
82591 880
82697 890
82804 901
82910 911
83017 922
83124 913
83230 902
83337 891
83443 880
83549 869
83656 859
83762 849
83868 838
83975 828
84082 815
84189 805
84295 793
84401 782
84508 772
84614 761
84721 750
84827 740
84933 729
85041 717
85147 708
85254 695
85360 683
85466 673
85573 662
85679 648
85786 639
85892 618
85999 617
86106 607
86212 595
86319 584
86425 573
86531 561
86638 551
86744 540
86851 527
86957 518
87064 504
87171 494
87277 485
87384 471
87490 462
87596 449
87703 437
87809 427
87915 415
88023 403
88129 393
88236 383
88342 372
88449 360
88555 348
88661 338
88768 327
88874 315
88980 303
89088 292
89194 282
89301 270
89407 258
89513 249
89620 237
89726 226
89833 215
89939 205
90046 195
90153 184
90259 168
90366 161
90472 147
90578 141
90685 132
90791 118
90898 107
91005 98
91111 87
91218 76
91324 67
91431 56
91537 46
91643 35
91750 26
91856 14
91962 4
92070 6
92176 19
92283 28
92389 38
92496 48
92602 59
92708 70
92815 80
92921 91
93029 102
93135 112
93241 120
93348 134
93454 144
93560 154
93667 166
93773 174
93880 188
93988 198
94095 209
94201 220
94307 236
94414 243
94520 253
94627 264
94733 274
94839 286
94946 297
95053 308
95160 322
95266 330
95372 342
95479 353
95585 365
95692 376
95798 387
95904 398
96012 409
96118 419
96225 432
96331 443
96437 455
96544 466
96650 475
96757 488
96863 500
96969 510
97077 524
97183 533
97290 545
97396 556
97502 568
97609 577
97715 588
97821 598
97928 612
98035 623
98142 635
98248 646
98354 656
98461 668
98567 678
98674 690
98780 701
98886 712
98994 702
99100 734
99207 745
99313 756
99419 767
99526 778
99632 790
99739 800
99845 811
99951 822
100059 833
100165 843
100272 855
100378 865
100484 875
100591 885
100697 896
100804 907
100910 918
101017 917
101124 904
101230 896
101337 885
101443 874
101549 864
101656 853
101762 842
101868 832
101975 821
102082 810
102189 800
102295 789
102401 777
102508 787
102614 755
102721 744
102827 733
102933 715
103041 711
103147 700
103254 689
103360 679
103466 667
103573 657
103679 645
103786 633
103892 625
103999 613
104106 598
104212 588
104319 578
104425 566
104531 555
104638 544
104744 532
104851 521
104957 510
105064 500
105171 488
105277 477
105384 465
105490 455
105596 443
105703 432
105809 421
105915 409
106023 397
106129 387
106236 376
106342 364
106449 354
106555 343
106661 331
106768 321
106874 310
106980 297
107088 287
107194 275
107301 265
107407 252
107513 243
107620 232
107726 220
107833 210
107939 199
108046 185
108153 176
108259 166
108366 153
108472 144
108578 134
108685 123
108791 113
108898 104
109005 92
109111 82
109218 71
109324 60
109431 50
109537 40
109643 28
109750 20
109856 9
109962 2
110070 15
110176 25
110283 43
110389 44
110496 56
110602 66
110708 73
110815 86
110921 97
111029 106
111135 117
111241 130
111348 139
111454 150
111560 159
111667 171
111773 183
111880 194
111988 203
112095 215
112201 226
112307 236
112414 249
112520 260
112627 271
112733 279
112839 301
112946 304
113053 316
113160 327
113266 337
113372 348
113479 360
113585 370
113692 382
113798 394
113904 405
114012 417
114118 427
114225 437
114331 452
114437 452
114544 471
114650 483
114757 494
114863 505
114969 517
115077 528
115183 538
115290 551
115396 562
115502 573
115609 583
115715 595
115821 606
115928 618
116035 629
116142 640
116248 651
116354 663
116461 675
116567 684
116674 695
116780 707
116886 717
116994 729
117100 741
117207 751
117313 761
117419 773
117526 784
117632 793
117739 805
117845 817
117951 827
118059 843
118165 849
118272 860
118378 871
118484 882
118591 891
118697 901
118804 913
118910 925
119017 911
119124 901
119230 889
119337 879
119443 869
119549 857
119656 846
119762 837
119868 826
119975 814
120082 803
120189 792
120295 783
120401 771
120508 761
120614 749
120721 737
120827 728
120933 717
121041 705
121147 694
121254 687
121360 671
121466 661
121573 649
121679 628
121786 623
121892 616
121999 605
122106 594
122212 582
122319 572
122425 560
122531 549
122638 538
122744 528
122851 514
122957 504
123064 492
123171 482
123277 470
123384 460
123490 448
123596 437
123703 426
123809 414
123915 404
124023 392
124129 381
124236 369
124342 358
124449 348
124555 337
124661 326
124768 314
124874 303
124980 292
125088 281
125194 269
125301 259
125407 247
125513 237
125620 226
125726 216
125833 203
125939 193
126046 181
126153 171
126259 161
126366 150
126472 138
126578 128
126685 119
126791 108
126898 97
127005 86
127111 75
127218 65
127324 55
127431 43
127537 37
127643 23
127750 13
127856 4
127962 4
128070 20
128176 27
128283 40
128389 51
128496 60
128602 71
128708 78
128815 92
128921 101
129029 113
129135 124
129241 133
129348 144
129454 155
129560 167
129667 178
129773 188
129880 199
129988 210
130095 221
130201 233
130307 244
130414 254
130520 266
130627 275
130733 288
130839 299
130946 310
131053 321
131160 332
131266 345
131372 356
131479 366
131585 377
131692 388
131798 399
131904 410
132012 424
132118 431
132225 445
132331 456
132437 467
132544 478
132650 489
132757 501
132863 511
132969 523
133077 535
133183 546
133290 557
133396 569
133502 580
133609 590
133715 602
133821 614
133928 624
134035 635
134142 647
134248 659
134354 668
134461 680
134567 693
134674 702
134780 713
134886 724
134994 734
135100 745
135207 757
135313 767
135419 780
135526 790
135632 800
135739 811
135845 822
135951 833
136059 844
136165 861
136272 865
136378 876
136484 887
136591 897
136697 908
136804 918
136910 918
137017 906
137124 895
137230 884
137337 874
137443 863
137549 852
137656 841
137762 831
137868 820
137975 809
138082 805
138189 788
138295 776
138401 766
138508 759
138614 743
138721 732
138827 723
138933 710
139041 700
139147 688
139254 674
139360 666
139466 656
139573 643
139679 632
139786 623
139892 611
139999 599
140106 588
140212 579
140319 565
140425 554
140531 544
140638 533
140744 521
140851 510
140957 498
141064 487
141171 475
141277 463
141384 452
141490 442
141596 431
141703 421
141809 408
141915 395
142023 386
142129 375
142236 364
142342 353
142449 340
142555 330
142661 319
142768 308
142874 296
142980 286
143088 275
143194 264
143301 253
143407 242
143513 230
143620 220
143726 208
143833 198
143939 184
144046 175
144153 165
144259 155
144366 144
144472 133
144578 124
144685 111
144791 101
144898 90
145005 80
145111 69
145218 60
145324 50
145431 39
145537 36
145643 19
145750 7
145856 5
145962 14
146070 24
146176 34
146283 45
146389 56
146496 67
146602 76
146708 95
146815 97
146921 109
147029 119
147135 130
147241 140
147348 151
147454 162
147560 172
147667 183
147773 194
147880 205
147988 216
148095 229
148201 232
148307 250
148414 259
148520 272
148627 282
148733 297
148839 304
148946 316
149053 327
149160 338
149266 350
149372 361
149479 372
149585 383
149692 394
149798 406
149904 417
150012 429
150118 438
150225 452
150331 461
150437 474
150544 484
150650 495
150757 508
150863 518
150969 528
151077 540
151183 552
151290 563
151396 574
151502 585
151609 596
151715 607
151821 618
151928 631
152035 642
152142 652
152248 664
152354 675
152461 686
152567 696
152674 707
152780 718
152886 730
152994 737
153100 752
153207 763
153313 774
153419 785
153526 795
153632 807
153739 818
153845 829
153951 839
154059 850
154165 862
154272 874
154378 882
154484 892
154591 904
154697 913
154804 921
154910 910
155017 899
155124 895
155230 877
155337 868
155443 857
155549 846
155656 835
155762 825
155868 814
155975 802
156082 793
156189 781
156295 771
156401 759
156508 748
156614 736
156721 727
156827 716
156933 704
157041 693
157147 683
157254 671
157360 660
157466 648
157573 638
157679 628
157786 615
157892 605
157999 592
158106 581
158212 570
158319 560
158425 549
158531 537
158638 526
158744 515
158851 503
158957 490
159064 482
159171 469
159277 458
159384 447
159490 436
159596 425
159703 413
159809 400
159915 388
160023 380
160129 369
160236 358
160342 346
160449 335
160555 324
160661 312
160768 302
160874 290
160980 279
161088 268
161194 257
161301 248
161407 236
161513 216
161620 214
161726 204
161833 191
161939 180
162046 165
162153 158
162259 148
162366 138
162472 127
162578 117
162685 104
162791 95
162898 86
163005 74
163111 65
163218 54
163324 43
163431 34
163537 23
163643 14
163750 3
163856 10
163962 20
164070 31
164176 41
164283 48
164389 62
164496 73
164602 82
164708 91
164815 103
164921 113
165029 124
165135 136
165241 147
165348 157
165454 166
165560 177
165667 189
165773 200
165880 211
165988 222
166095 234
166201 243
166307 256
166414 266
166520 277
166627 288
166733 301
166839 312
166946 323
167053 333
167160 345
167266 355
167372 367
167479 378
167585 389
167692 400
167798 411
167904 423
168012 434
168118 446
168225 456
168331 467
168437 478
168544 490
168650 501
168757 515
168863 506
168969 536
169077 546
169183 558
169290 570
169396 580
169502 592
169609 602
169715 614
169821 626
169928 636
170035 649
170142 656
170248 669
170354 680
170461 692
170567 702
170674 713
170780 725
170886 738
170994 748
171100 759
171207 765
171313 779
171419 792
171526 801
171632 814
171739 825
171845 835
171951 845
172059 858
172165 867
172272 876
172378 888
172484 898
172591 910
172697 920
172804 915
172910 904
173017 894
173124 883
173230 873
173337 862
173443 850
173549 840
173656 826
173762 819
173868 808
173975 797
174082 786
174189 775
174295 764
174401 753
174508 742
174614 731
174721 720
174827 709
174933 697
175041 686
175147 676
175254 671
175360 653
175466 642
175573 632
175679 620
175786 612
175892 597
175999 586
176106 575
176212 566
176319 552
176425 542
176531 531
176638 519
176744 508
176851 496
176957 485
177064 476
177171 463
177277 452
177384 440
177490 430
177596 418
177703 408
177809 395
177915 385
178023 373
178129 363
178236 351
178342 341
178449 329
178555 317
178661 305
178768 296
178874 284
178980 273
179088 262
179194 252
179301 240
179407 229
179513 219
179620 207
179726 197
179833 186
179939 174
180046 163
180153 154
180259 143
180366 132
180472 120
180578 111
180685 101
180791 89
180898 79
181005 69
181111 58
181218 48
181324 37
181431 28
181537 19
181643 7
181750 5
181856 18
181962 26
182070 34
182176 50
182283 57
182389 67
182496 79
182602 89
182708 97
182815 109
182921 120
183029 131
183135 141
183241 152
183348 163
183454 175
183560 184
183667 195
183773 207
183880 216
183988 228
184095 239
184201 251
184307 253
184414 273
184520 284
184627 294
184733 305
184839 316
184946 329
185053 339
185160 350
185266 363
185372 373
185479 383
185585 396
185692 407
185798 418
185904 429
186012 440
186118 451
186225 463
186331 475
186437 486
186544 497
186650 508
186757 521
186863 531
186969 541
187077 554
187183 565
187290 575
187396 587
187502 597
187609 610
187715 619
187821 632
187928 644
188035 654
188142 665
188248 675
188354 687
188461 699
188567 710
188674 720
188780 732
188886 741
188994 754
189100 765
189207 776
189313 786
189419 797
189526 808
189632 819
189739 830
189845 840
189951 851
190059 862
190165 873
190272 886
190378 893
190484 904
190591 915
190697 920
190804 911
190910 899
191017 887
191124 877
191230 867
191337 857
191443 845
191549 834
191656 823
191762 813
191868 801
191975 790
192082 775
192189 769
192295 759
192401 746
192508 736
192614 725
192721 714
192827 703
192933 696
193041 680
193147 669
193254 656
193360 647
193466 636
193573 625
193679 615
193786 602
193892 591
193999 580
194106 569
194212 557
194319 546
194425 536
194531 524
194638 514
194744 502
194851 490
194957 480
195064 467
195171 456
195277 446
195384 432
195490 423
195596 412
195703 400
195809 389
195915 379
196023 366
196129 356
196236 345
196342 334
196449 321
196555 311
196661 300
196768 289
196874 278
196980 267
197088 256
197194 244
197301 233
197407 221
197513 212
197620 201
197726 190
197833 182
197939 169
198046 159
198153 149
198259 137
198366 125
198472 116
198578 105
198685 95
198791 85
198898 74
199005 63
199111 53
199218 43
199324 32
199431 22
199537 12
199643 2
199750 11
199856 21
199962 31
200070 42
200176 53
200283 62
200389 71
200496 81
200602 94
200708 106
200815 115
200921 127
201029 137
201135 148
201241 157
201348 169
201454 180
201560 190
201667 201
201773 211
201880 222
201988 235
202095 247
202201 266
202307 268
202414 278
202520 290
202627 302
202733 304
202839 323
202946 334
203053 346
203160 357
203266 367
203372 380
203479 389
203585 402
203692 413
203798 424
203904 436
204012 447
204118 458
204225 471
204331 482
204437 491
204544 504
204650 514
204757 525
204863 537
204969 548
205077 560
205183 576
205290 582
205396 592
205502 604
205609 616
205715 627
205821 638
205928 648
206035 660
206142 671
206248 682
206354 693
206461 705
206567 715
206674 726
206780 738
206886 749
206994 760
207100 771
207207 781
207313 792
207419 804
207526 813
207632 825
207739 836
207845 847
207951 856
208059 868
208165 878
208272 889
208378 901
208484 910
208591 921
208697 914
208804 903
208910 893
209017 883
209124 871
209230 860
209337 850
209443 839
209549 828
209656 817
209762 807
209868 796
209975 784
210082 774
210189 763
210295 752
210401 741
210508 730
210614 718
210721 707
210827 697
210933 686
211041 675
211147 660
211254 652
211360 641
211466 630
211573 610
211679 608
211786 597
211892 585
211999 573
212106 563
212212 552
212319 541
212425 529
212531 518
212638 506
212744 495
212851 485
212957 466
213064 462
213171 451
213277 441
213384 428
213490 417
213596 406
213703 395
213809 383
213915 372
214023 360
214129 350
214236 339
214342 327
214449 316
214555 305
214661 294
214768 282
214874 273
214980 260
215088 250
215194 238
215301 227
215407 218
215513 204
215620 194
215726 185
215833 174
215939 161
216046 152
216153 141
216259 131
216366 120
216472 110
216578 99
216685 88
216791 78
216898 67
217005 57
217111 48
217218 36
217324 26
217431 16
217537 5
217643 7
217750 17
217856 27
217962 38
218070 47
218176 58
218283 68
218389 79
218496 89
218602 101
218708 112
218815 123
218921 130
219029 143
219135 154
219241 165
219348 175
219454 186
219560 197
219667 208
219773 219
219880 230
219988 240
220095 253
220201 262
220307 274
220414 286
220520 297
220627 308
220733 321
220839 332
220946 341
221053 352
221160 364
221266 374
221372 385
221479 397
221585 409
221692 419
221798 431
221904 441
222012 453
222118 464
222225 476
222331 486
222437 498
222544 510
222650 520
222757 533
222863 540
222969 555
223077 566
223183 577
223290 588
223396 601
223502 610
223609 622
223715 633
223821 643
223928 654
224035 667
224142 677
224248 689
224354 700
224461 704
224567 722
224674 733
224780 744
224886 754
224994 766
225100 777
225207 787
225313 796
225419 810
225526 820
225632 833
225739 842
225845 852
225951 863
226059 873
226165 885
226272 895
226378 907
226484 916
226591 920
226697 908
226804 898
226910 886
227017 875
227124 864
227230 855
227337 844
227443 834
227549 823
227656 811
227762 800
227868 790
227975 780
228082 767
228189 757
228295 746
228401 734
228508 724
228614 713
228721 701
228827 690
228933 680
229041 667
229147 656
229254 649
229360 633
229466 624
229573 613
229679 601
229786 589
229892 579
229999 567
230106 557
230212 546
230319 534
230425 523
230531 511
230638 500
230744 490
230851 479
230957 467
231064 455
231171 444
231277 436
231384 423
231490 411
231596 399
231703 389
231809 377
231915 366
232023 355
232129 343
232236 332
232342 321
232449 310
232555 298
232661 288
232768 275
232874 266
232980 253
233088 243
233194 232
233301 222
233407 215
233513 200
233620 189
233726 178
233833 169
233939 155
234046 145
234153 135
234259 125
234366 114
234472 103
234578 94
234685 82
234791 71
234898 61
235005 51
235111 40
235218 30
235324 20
235431 10
235537 4
235643 13
235750 23
235856 34
235962 44
236070 53
236176 64
236283 75
236389 84
236496 93
236602 106
236708 117
236815 126
236921 138
237029 149
237135 159
237241 171
237348 179
237454 193
237560 203
237667 215
237773 225
237880 236
237988 247
238095 260
238201 268
238307 280
238414 291
238520 302
238627 314
238733 325
238839 336
238946 347
239053 359
239160 369
239266 382
239372 392
239479 404
239585 416
239692 426
239798 437
239904 448
240012 460
240118 471
240225 482
240331 496
240437 505
240544 517
240650 528
240757 536
240863 549
240969 561
241077 573
241183 584
241290 594
241396 605
241502 617
241609 629
241715 639
241821 650
241928 661
242035 672
242142 685
242248 696
242354 706
242461 718
242567 728
242674 740
242780 751
242886 762
242994 772
243100 783
243207 793
243313 804
243419 816
243526 827
243632 837
243739 847
243845 859
243951 869
244059 880
244165 891
244272 900
244378 912
244484 922
244591 914
244697 901
244804 891
244910 879
245017 871
245124 858
245230 848
245337 837
245443 826
245549 816
245656 804
245762 795
245868 783
245975 771
246082 759
246189 751
246295 739
246401 728
246508 718
246614 706
246721 694
246827 683
246933 671
247041 662
247147 650
247254 641
247360 628
247466 618
247573 606
247679 594
247786 583
247892 572
247999 562
248106 549
248212 539
248319 527
248425 518
248531 506
248638 494
248744 484
248851 472
248957 461
249064 449
249171 438
249277 428
249384 414
249490 404
249596 393
249703 382
249809 371
249915 361
250023 348
250129 337
250236 325
250342 315
250449 304
250555 294
250661 282
250768 271
250874 259
250980 248
251088 237
251194 226
251301 216
251407 202
251513 189
251620 183
251726 172
251833 161
251939 150
252046 139
252153 129
252259 119
252366 107
252472 97
252578 87
252685 76
252791 70
252898 56
253005 45
253111 34
253218 25
253324 15
253431 3
253537 8
253643 18
253750 29
253856 37
253962 48
254070 59
254176 71
254283 80
254389 91
254496 102
254602 113
254708 122
254815 133
254921 145
255029 155
255135 167
255241 176
255348 187
255454 198
255560 209
255667 220
255773 231
255880 242
255988 254
256095 264
256201 276
256307 287
256414 297
256520 309
256627 320
256733 332
256839 343
256946 353
257053 365
257160 376
257266 388
257372 398
257479 410
257585 420
257692 432
257798 444
257904 455
258012 465
258118 476
258225 488
258331 500
258437 509
258544 522
258650 532
258757 545
258863 556
258969 567
259077 578
259183 589
259290 601
259396 612
259502 624
259609 635
259715 645
259821 656
259928 670
260035 678
260142 689
260248 701
260354 710
260461 723
260567 735
260674 746
260780 757
260886 768
260994 778
261100 789
261207 801
261313 810
261419 822
261526 832
261632 843
261739 853
261845 865
261951 874
262059 885
262165 898
262272 908
262378 919
262484 918
262591 907
262697 895
262804 885
262910 874
263017 860
263124 853
263230 842
263337 832
263443 822
263549 811
263656 799
263762 788
263868 776
263975 767
264082 754
264189 744
264295 733
264401 722
264508 711
264614 701
264721 689
264827 678
264933 667
265041 654
265147 646
265254 633
265360 622
265466 612
265573 599
265679 588
265786 578
265892 567
265999 555
266106 544
266212 532
266319 523
266425 511
266531 502
266638 488
266744 476
266851 465
266957 454
267064 443
267171 432
267277 420
267384 409
267490 397
267596 387
267703 375
267809 365
267915 356
268023 341
268129 331
268236 320
268342 309
268449 296
268555 285
268661 276
268768 263
268874 253
268980 242
269088 231
269194 221
269301 211
269407 199
269513 188
269620 176
269726 167
269833 154
269939 144
270046 134
270153 123
270259 113
270366 101
270472 93
270578 82
270685 71
270791 61
270898 51
271005 40
271111 29
271218 20
271324 8
271431 5
271537 14
271643 25
271750 34
271856 44
271962 54
272070 60
272176 75
272283 87
272389 97
272496 107
272602 118
272708 128
272815 140
272921 150
273029 159
273135 173
273241 183
273348 193
273454 204
273560 215
273667 226
273773 238
273880 247
273988 259
274095 270
274201 280
274307 293
274414 304
274520 315
274627 327
274733 336
274839 349
274946 359
275053 370
275160 382
275266 393
275372 404
275479 416
275585 428
275692 437
275798 448
275904 461
276012 472
276118 483
276225 493
276331 512
276437 516
276544 527
276650 539
276757 550
276863 561
276969 572
277077 584
277183 595
277290 606
277396 619
277502 630
277609 639
277715 651
277821 663
277928 674
278035 683
278142 696
278248 708
278354 719
278461 731
278567 740
278674 751
278780 762
278886 774
278994 783
279100 795
279207 805
279313 816
279419 828
279526 838
279632 848
279739 860
279845 870
279951 881
280059 892
280165 904
280272 913
280378 922
280484 910
280591 901
280697 890
280804 880
280910 870
281017 858
281124 847
281230 841
281337 826
281443 815
281549 804
281656 793
281762 782
281868 771
281975 761
282082 750
282189 738
282295 728
282401 717
282508 705
282614 694
282721 683
282827 671
282933 661
283041 651
283147 625
283254 628
283360 615
283466 604
283573 594
283679 584
283786 571
283892 559
283999 549
284106 538
284212 527
284319 515
284425 503
284531 493
284638 483
284744 471
284851 458
284957 448
285064 436
285171 426
285277 402
285384 403
285490 391
285596 380
285703 369
285809 357
285915 350
286023 336
286129 326
286236 314
286342 303
286449 291
286555 299
286661 270
286768 258
286874 248
286980 236
287088 225
287194 215
287301 203
287407 197
287513 181
287620 171
287726 161
287833 150
287939 138
288046 128
288153 118
288259 107
288366 96
288472 86
288578 74
288685 65
288791 56
288898 45
289005 34
289111 24
289218 17
289324 4
289431 10
289537 20
289643 28
289750 40
289856 49
289962 62
290070 57
290176 82
290283 90
290389 103
290496 112
290602 123
290708 136
290815 144
290921 163
291029 166
291135 178
291241 189
291348 198
291454 211
291560 221
291667 233
291773 243
291880 254
291988 265
292095 276
292201 284
292307 300
292414 310
292520 321
292627 333
292733 344
292839 354
292946 366
293053 378
293160 388
293266 399
293372 410
293479 427
293585 433
293692 445
293798 455
293904 467
294012 479
294118 489
294225 502
294331 504
294437 523
294544 534
294650 545
294757 557
294863 567
294969 579
295077 589
295183 602
295290 613
295396 624
295502 636
295609 646
295715 657
295821 669
295928 680
296035 691
296142 703
296248 712
296354 724
296461 736
296567 745
296674 758
296780 769
296886 777
296994 790
297100 802
297207 811
297313 821
297419 832
297526 845
297632 854
297739 865
297845 877
297951 886
298059 898
298165 908
298272 919
298378 915
298484 905
298591 887
298697 884
298804 873
298910 863
299017 856
299124 842
299230 832
299337 820
299443 809
299549 798
299656 787
299762 776
299868 766
299975 754
300082 742
300189 732
300295 721
300401 710
300508 699
300614 688
300721 677
300827 666
300933 655
301041 643
301147 632
301254 622
301360 610
301466 598
301573 587
301679 578
301786 565
301892 554
301999 542
302106 529
302212 521
302319 509
302425 498
302531 487
302638 474
302744 464
302851 452
302957 442
303064 430
303171 426
303277 408
303384 397
303490 385
303596 374
303703 364
303809 351
303915 341
304023 329
304129 320
304236 308
304342 297
304449 285
304555 274
304661 262
304768 252
304874 241
304980 231
305088 220
305194 209
305301 197
305407 186
305513 175
305620 165
305726 154
305833 145
305939 134
306046 123
306153 110
306259 102
306366 89
306472 80
306578 69
306685 59
306791 49
306898 39
307005 29
307111 19
307218 8
307324 5
307431 15
307537 23
307643 36
307750 46
307856 46
307962 66
308070 76
308176 87
308283 98
308389 108
308496 118
308602 128
308708 140
308815 150
308921 162
309029 173
309135 184
309241 194
309348 205
309454 216
309560 228
309667 239
309773 249
309880 260
309988 273
310095 275
310201 294
310307 305
310414 316
310520 328
310627 339
310733 349
310839 361
310946 372
311053 383
311160 395
311266 407
311372 416
311479 428
311585 438
311692 450
311798 461
311904 472
312012 486
312118 496
312225 507
312331 519
312437 529
312544 540
312650 551
312757 563
312863 575
312969 585
313077 597
313183 610
313290 618
313396 630
313502 642
313609 652
313715 664
313821 674
313928 687
314035 697
314142 708
314248 720
314354 731
314461 740
314567 752
314674 763
314780 773
314886 786
314994 795
315100 807
315207 823
315313 828
315419 839
315526 850
315632 860
315739 870
315845 883
315951 893
316059 901
316165 914
316272 921
316378 911
316484 900
316591 889
316697 876
316804 868
316910 854
317017 841
317124 836
317230 825
317337 813
317443 802
317549 792
317656 781
317762 770
317868 758
317975 748
318082 737
318189 727
318295 716
318401 704
318508 693
318614 683
318721 672
318827 660
318933 648
319041 637
319147 624
319254 616
319360 604
319466 594
319573 581
319679 570
319786 560
319892 548
319999 537
320106 526
320212 514
320319 503
320425 492
320531 481
320638 469
320744 457
320851 447
320957 436
321064 425
321171 412
321277 405
321384 391
321490 380
321596 368
321703 359
321809 346
321915 335
322023 324
322129 313
322236 299
322342 289
322449 279
322555 269
322661 257
322768 246
322874 236
322980 214
323088 213
323194 202
323301 191
323407 181
323513 169
323620 157
323726 148
323833 139
323939 127
324046 116
324153 105
324259 95
324366 85
324472 74
324578 64
324685 54
324791 44
324898 32
325005 23
325111 13
325218 3
325324 10
325431 19
325537 31
325643 41
325750 51
325856 61
325962 71
326070 83
326176 93
326283 103
326389 113
326496 123
326602 135
326708 147
326815 157
326921 168
327029 178
327135 190
327241 200
327348 209
327454 220
327560 232
327667 244
327773 255
327880 257
327988 278
328095 288
328201 300
328307 312
328414 322
328520 333
328627 345
328733 355
328839 366
328946 379
329053 389
329160 401
329266 412
329372 423
329479 435
329585 446
329692 456
329798 468
329904 480
330012 489
330118 501
330225 513
330331 525
330437 536
330544 546
330650 558
330757 572
330863 581
330969 592
331077 603
331183 615
331290 624
331396 636
331502 648
331609 658
331715 670
331821 681
331928 692
332035 704
332142 715
332248 726
332354 735
332461 748
332567 758
332674 770
332780 780
332886 789
332994 803
333100 813
333207 824
333313 834
333419 844
333526 856
333632 867
333739 878
333845 887
333951 897
334059 911
334165 920
334272 915
334378 904
334484 892
334591 882
334697 872
334804 862
334910 850
335017 840
335124 829
335230 816
335337 807
335443 797
335549 786
335656 774
335762 764
335868 754
335975 742
336082 731
336189 719
336295 708
336401 697
336508 687
336614 676
336721 666
336827 654
336933 643
337041 631
337147 620
337254 610
337360 596
337466 587
337573 575
337679 557
337786 554
337892 543
337999 530
338106 520
338212 509
338319 496
338425 486
338531 474
338638 463
338744 452
338851 441
338957 432
339064 418
339171 407
339277 399
339384 385
339490 373
339596 362
339703 350
339809 339
339915 329
340023 318
340129 306
340236 295
340342 285
340449 273
340555 262
340661 251
340768 240
340874 230
340980 217
341088 210
341194 197
341301 185
341407 173
341513 166
341620 154
341726 143
341833 131
341939 121
342046 108
342153 100
342259 89
342366 78
342472 67
342578 56
342685 48
342791 37
342898 30
343005 23
343111 8
343218 5
343324 16
343431 27
343537 36
343643 46
343750 57
343856 72
343962 77
344070 88
344176 99
344283 109
344389 120
344496 131
344602 142
344708 152
344815 162
344921 174
345029 183
345135 195
345241 207
345348 217
345454 227
345560 239
345667 252
345773 261
345880 272
345988 285
346095 295
346201 306
346307 316
346414 329
346520 340
346627 350
346733 362
346839 374
346946 385
347053 396
347160 407
347266 417
347372 429
347479 440
347585 452
347692 461
347798 474
347904 486
348012 496
348118 508
348225 520
348331 529
348437 542
348544 552
348650 565
348757 576
348863 587
348969 597
349077 609
349183 620
349290 634
349396 643
349502 654
349609 665
349715 676
349821 688
349928 697
350035 710
350142 721
350248 732
350354 741
350461 752
350567 764
350674 775
350780 787
350886 796
350994 808
351100 819
351207 830
351313 840
351419 850
351526 862
351632 873
351739 883
351845 893
351951 904
352059 916
352165 919
352272 910
352378 898
352484 884
352591 877
352697 867
352804 856
352910 847
353017 835
353124 823
353230 812
353337 801
353443 791
353549 780
353656 769
353762 758
353868 748
353975 735
354082 725
354189 714
354295 702
354401 692
354508 680
354614 669
354721 658
354827 647
354933 636
355041 624
355147 614
355254 600
355360 591
355466 580
355573 569
355679 561
355786 546
355892 535
355999 524
356106 513
356212 502
356319 490
356425 479
356531 467
356638 456
356744 445
356851 435
356957 423
357064 411
357171 401
357277 387
357384 378
357490 367
357596 356
357703 344
357809 336
357915 323
358023 310
358129 300
358236 289
358342 278
358449 267
358555 256
358661 244
358768 235
358874 223
358980 212
359088 201
359194 189
359301 180
359407 165
359513 158
359620 148
359726 136
359833 126
359939 118
360046 105
360153 94
360259 84
360366 74
360472 63
360578 52
360685 43
360791 33
360898 21
361005 11
361111 3
361218 12
361324 21
361431 30
361537 38
361643 54
361750 63
361856 72
361962 83
362070 95
362176 104
362283 115
362389 125
362496 137
362602 147
362708 158
362815 168
362921 178
363029 191
363135 202
363241 212
363348 223
363454 236
363560 246
363667 258
363773 267
363880 276
363988 290
364095 302
364201 312
364307 324
364414 334
364520 346
364627 356
364733 368
364839 380
364946 390
365053 401
365160 413
365266 424
365372 437
365479 446
365585 460
365692 469
365798 481
365904 491
366012 503
366118 514
366225 519
366331 538
366437 548
366544 560
366650 570
366757 583
366863 593
366969 605
367077 616
367183 627
367290 637
367396 649
367502 660
367609 671
367715 683
367821 694
367928 704
368035 716
368142 726
368248 738
368354 748
368461 759
368567 770
368674 781
368780 792
368886 805
368994 814
369100 825
369207 836
369313 846
369419 857
369526 869
369632 879
369739 890
369845 900
369951 912
370059 921
370165 913
370272 903
370378 892
370484 881
370591 872
370697 860
370804 850
370910 839
371017 829
371124 817
371230 807
371337 787
371443 784
371549 775
371656 763
371762 753
371868 740
371975 730
372082 718
372189 708
372295 697
372401 685
372508 673
372614 664
372721 652
372827 642
372933 629
373041 619
373147 607
373254 596
373360 584
373466 575
373573 562
373679 550
373786 541
373892 528
373999 518
374106 507
374212 496
374319 483
374425 473
374531 461
374638 451
374744 441
374851 428
374957 416
375064 405
375171 395
375277 384
375384 372
375490 361
375596 349
375703 339
375809 327
375915 315
376023 306
376129 294
376236 282
376342 273
376449 260
376555 250
376661 239
376768 226
376874 217
376980 206
377088 194
377194 184
377301 172
377407 163
377513 152
377620 141
377726 131
377833 119
377939 111
378046 98
378153 88
378259 78
378366 67
378472 56
378578 47
378685 37
378791 27
378898 19
379005 6
379111 7
379218 18
379324 27
379431 40
379537 48
379643 57
379750 68
379856 78
379962 87
380070 101
380176 111
380283 121
380389 131
380496 143
380602 154
380708 165
380815 175
380921 186
381029 195
381135 209
381241 219
381348 230
381454 242
381560 251
381667 262
381773 273
381880 285
381988 297
382095 308
382201 318
382307 330
382414 341
382520 352
382627 364
382733 374
382839 385
382946 397
383053 409
383160 421
383266 430
383372 441
383479 454
383585 464
383692 476
383798 488
383904 498
384012 508
384118 521
384225 533
384331 543
384437 554
384544 568
384650 577
384757 588
384863 598
384969 610
385077 621
385183 633
385290 644
385396 656
385502 667
385609 679
385715 687
385821 700
385928 711
386035 722
386142 733
386248 743
386354 761
386461 766
386567 777
386674 788
386780 796
386886 805
386994 821
387100 832
387207 843
387313 852
387419 863
387526 874
387632 884
387739 895
387845 906
387951 916
388059 919
388165 908
388272 898
388378 886
388484 879
388591 866
388697 855
388804 845
388910 833
389017 823
389124 810
389230 800
389337 791
389443 779
389549 767
389656 757
389762 746
389868 735
389975 724
390082 712
390189 702
390295 690
390401 680
390508 669
390614 657
390721 646
390827 636
390933 624
391041 612
391147 603
391254 592
391360 579
391466 568
391573 556
391679 552
391786 535
391892 522
391999 512
392106 500
392212 489
392319 478
392425 468
392531 455
392638 445
392744 433
392851 422
392957 410
393064 399
393171 388
393277 376
393384 366
393490 354
393596 345
393703 332
393809 321
393915 310
394023 298
394129 288
394236 277
394342 266
394449 255
394555 244
394661 233
394768 221
394874 210
394980 200
395088 189
395194 178
395301 167
395407 155
395513 146
395620 136
395726 123
395833 115
395939 103
396046 92
396153 85
396259 72
396366 62
396472 52
396578 41
396685 31
396791 22
396898 11
397005 1
397111 12
397218 23
397324 32
397431 44
397537 55
397643 64
397750 75
397856 85
397962 95
398070 105
398176 117
398283 128
398389 137
398496 149
398602 159
398708 170
398815 181
398921 192
399029 203
399135 215
399241 226
399348 236
399454 247
399560 257
399667 269
399773 280
399880 292
399988 303
400095 314
400201 325
400307 337
400414 347
400520 359
400627 369
400733 382
400839 392
400946 403
401053 414
401160 425
401266 436
401372 449
401479 459
401585 468
401692 482
401798 493
401904 504
402012 516
402118 527
402225 535
402331 549
402437 561
402544 572
402650 583
402757 595
402863 606
402969 617
403077 629
403183 640
403290 651
403396 662
403502 673
403609 684
403715 695
403821 707
403928 719
404035 726
404142 739
404248 750
404354 760
404461 771
404567 782
404674 795
404780 797
404886 816
404994 826
405100 837
405207 847
405313 858
405419 869
405526 880
405632 891
405739 901
405845 913
405951 922
406059 911
406165 902
406272 894
406378 881
406484 869
406591 859
406697 849
406804 839
406910 825
407017 814
407124 805
407230 795
407337 783
407443 772
407549 760
407656 751
407762 740
407868 729
407975 717
408082 706
408189 696
408295 684
408401 674
408508 661
408614 652
408721 640
408827 629
408933 618
409041 606
409147 593
409254 583
409360 572
409466 562
409573 552
409679 531
409786 528
409892 517
409999 505
410106 493
410212 483
410319 470
410425 459
410531 450
410638 438
410744 427
410851 415
410957 405
411064 393
411171 380
411277 372
411384 359
411490 347
411596 338
411703 326
411809 315
411915 305
412023 293
412129 280
412236 270
412342 260
412449 249
412555 238
412661 226
412768 215
412874 205
412980 193
413088 182
413194 171
413301 160
413407 155
413513 141
413620 128
413726 118
413833 108
413939 97
414046 86
414153 76
414259 67
414366 56
414472 45
414578 36
414685 24
414791 15
414898 5
415005 8
415111 18
415218 29
415324 39
415431 50
415537 63
415643 69
415750 80
415856 92
415962 101
416070 112
416176 123
416283 134
416389 145
416496 155
416602 164
416708 176
416815 187
416921 197
417029 210
417135 219
417241 231
417348 243
417454 247
417560 264
417667 276
417773 286
417880 296
417988 310
418095 320
418201 331
418307 343
418414 354
418520 366
418627 376
418733 391
418839 398
418946 410
419053 420
419160 432
419266 443
419372 455
419479 466
419585 478
419692 488
419798 501
419904 511
420012 523
420118 534
420225 546
420331 555
420437 567
420544 578
420650 590
420757 601
420863 612
420969 623
421077 634
421183 646
421290 655
421396 668
421502 680
421609 691
421715 701
421821 711
421928 723
422035 735
422142 745
422248 756
422354 770
422461 778
422567 789
422674 799
422780 811
422886 822
422994 832
423100 844
423207 854
423313 847
423419 874
423526 885
423632 896
423739 908
423845 918
423951 918
424059 907
424165 896
424272 885
424378 876
424484 864
424591 853
424697 840
424804 832
424910 821
425017 811
425124 799
425230 789
425337 776
425443 766
425549 756
425656 744
425762 733
425868 721
425975 712
426082 700
426189 689
426295 678
426401 666
426508 655
426614 645
426721 633
426827 622
426933 611
427041 599
427147 588
427254 576
427360 567
427466 555
427573 544
427679 535
427786 521
427892 511
427999 499
428106 488
428212 476
428319 464
428425 454
428531 443
428638 432
428744 420
428851 411
428957 398
429064 390
429171 376
429277 364
429384 352
429490 343
429596 332
429703 320
429809 308
429915 297
430023 287
430129 276
430236 264
430342 254
430449 243
430555 230
430661 220
430768 210
430874 198
430980 187
431088 177
431194 166
431301 155
431407 145
431513 134
431620 121
431726 112
431833 102
431939 91
432046 83
432153 70
432259 61
432366 51
432472 39
432578 31
432685 19
432791 10
432898 4
433005 14
433111 24
433218 34
433324 44
433431 55
433537 63
433643 76
433750 87
433856 96
433962 107
434070 117
434176 129
434283 139
434389 150
434496 161
434602 171
434708 183
434815 192
434921 204
435029 215
435135 226
435241 237
435348 248
435454 259
435560 269
435667 281
435773 293
435880 304
435988 316
436095 332
436201 339
