0 0
0 0
3 4
7 7
10 10
13 13
17 17
14 21
23 24
26 27
30 31
33 33
36 37
41 40
44 43
47 47
51 51
54 52
57 57
60 61
65 64
68 68
71 71
74 75
78 79
80 82
85 85
89 88
92 92
96 96
99 100
102 103
106 110
109 109
113 112
115 118
118 121
122 125
125 128
127 131
130 135
133 138
135 143
138 146
140 150
143 153
143 157
146 160
148 164
149 168
151 171
153 174
154 179
156 181
157 185
158 188
160 192
161 197
161 200
164 203
164 207
165 211
166 214
166 218
167 221
167 225
168 228
169 232
170 236
171 239
171 243
172 247
173 251
174 254
174 258
175 261
175 265
176 269
176 272
177 276
178 280
178 284
179 287
178 291
179 295
180 298
180 302
181 306
181 310
181 313
182 317
182 320
182 325
183 328
183 332
183 336
184 339
184 342
184 346
185 351
185 354
185 358
186 362
186 366
186 369
187 374
187 377
187 380
185 385
189 389
195 392
188 396
188 399
189 404
189 407
190 414
190 415
189 418
190 423
190 426
190 430
191 434
191 438
191 441
192 445
191 449
192 453
192 459
192 465
193 464
192 469
191 473
194 477
192 481
193 484
193 488
193 492
194 496
195 500
194 503
194 508
195 513
195 516
195 520
196 525
195 528
196 532
196 535
196 540
196 543
197 548
198 552
197 555
197 559
197 560
198 568
197 571
198 575
199 579
199 583
199 587
198 590
198 596
198 599
198 603
199 607
199 611
200 616
199 619
203 623
199 627
200 632
200 635
201 639
200 644
201 648
201 651
200 655
201 660
200 664
200 668
202 672
202 676
201 680
202 684
202 689
202 693
202 696
203 701
203 705
201 709
202 713
202 717
203 721
204 724
203 730
203 733
203 737
204 742
203 745
203 750
204 754
204 758
203 762
204 764
204 768
205 775
205 778
205 783
208 787
205 791
206 795
205 799
206 803
203 808
205 812
206 816
206 821
205 824
206 828
206 832
207 836
206 840
206 843
206 848
207 852
207 856
206 861
208 865
207 872
208 873
209 877
207 881
213 885
207 889
207 893
207 898
208 902
208 905
208 909
207 913
208 918
209 921
208 926
208 931
208 934
208 937
209 941
208 947
208 949
209 954
209 957
208 961
211 966
210 969
210 977
